# time(sec)	crack length FEA(mm)
4.880839733590000105e+04	2.872164519108601155e+00
4.880859233590000076e+04	2.899636060224866085e+00
4.880878833589999704e+04	2.908521749460838635e+00
4.880898333589999675e+04	2.922102679821003690e+00
4.880917833589999645e+04	2.895593851035034305e+00
4.880937433590000001e+04	2.897743133331566412e+00
4.880956933589999971e+04	2.889777086696199149e+00
4.880976433589999942e+04	2.928779793119293373e+00
4.880996033590000297e+04	2.931379835669565281e+00
4.881015533590000268e+04	2.906196482039380413e+00
4.881035033590000239e+04	2.925176789271306532e+00
4.881054633589999867e+04	2.923545142600950442e+00
4.881074133589999838e+04	2.893722753368262346e+00
4.881093633589999808e+04	2.906824041940048176e+00
4.881113233590000164e+04	2.912378003337492416e+00
4.881132733590000134e+04	2.920811924140656046e+00
4.881152233590000105e+04	2.915197403133840126e+00
4.881171733590000076e+04	2.870285787514152531e+00
4.881191333589999704e+04	2.903880761957541523e+00
4.881210833589999675e+04	2.904699598831538054e+00
4.881230333589999645e+04	2.896691785336129144e+00
4.881249933590000001e+04	2.904196821111174387e+00
4.881269433589999971e+04	2.939025301121043654e+00
4.881288933589999942e+04	2.958477050988996382e+00
4.881308533590000297e+04	2.912137293388713744e+00
4.881328033590000268e+04	2.870912327092858263e+00
4.881347533590000239e+04	2.900015240183225984e+00
4.881367133589999867e+04	2.878951297425933475e+00
4.881386633589999838e+04	2.902114897475335908e+00
4.881406133589999808e+04	2.895024046255771921e+00
4.881425733590000164e+04	2.906415914168785974e+00
4.881445233590000134e+04	2.907517276428974284e+00
4.881464733590000105e+04	2.884919922107776813e+00
4.881484233590000076e+04	2.859014830694160736e+00
4.881503833589999704e+04	2.909898369305867760e+00
4.881523333589999675e+04	2.870821313191967761e+00
4.881542833589999645e+04	2.930723218091415561e+00
4.881562433590000001e+04	2.907961011045220090e+00
4.881581933589999971e+04	2.903324635958970390e+00
4.881601433589999942e+04	2.868640107858908550e+00
4.881621033590000297e+04	2.921114286045234820e+00
4.881640533590000268e+04	2.876065043237154839e+00
4.881660033590000239e+04	2.935857484068613132e+00
4.881679633589999867e+04	2.922660306499182070e+00
4.881699133589999838e+04	2.894790868134325734e+00
4.881718633589999808e+04	2.870525972902404632e+00
4.881738233590000164e+04	2.904910574212113517e+00
4.881757733590000134e+04	2.859180560798229465e+00
4.881777233590000105e+04	2.888257850732296461e+00
4.881796733590000076e+04	2.891767465012893723e+00
4.881816333589999704e+04	2.871454658723479270e+00
4.881835833589999675e+04	2.865845489355404396e+00
4.881855333589999645e+04	2.877726533481986593e+00
4.881874933590000001e+04	2.882264967495471453e+00
4.881894433589999971e+04	2.888480377325672421e+00
4.881913933589999942e+04	2.903858334454096024e+00
4.881933533590000297e+04	2.914073274776329825e+00
4.881953033590000268e+04	2.871355827112289205e+00
4.881972533590000239e+04	2.880150794260343261e+00
4.881992133589999867e+04	2.859746330863558228e+00
4.882011633589999838e+04	2.865772927239653711e+00
4.882031133589999808e+04	2.880780120545420431e+00
4.882050733590000164e+04	2.845079408392530596e+00
4.882070233590000134e+04	2.879080946796966245e+00
4.882089733590000105e+04	2.897196568479383672e+00
4.882109233590000076e+04	2.875071513795269595e+00
4.882128833589999704e+04	2.896263271136232831e+00
4.882148333589999675e+04	2.884424325776704379e+00
4.882167833589999645e+04	2.854284445566825923e+00
4.882187433590000001e+04	2.857596957435690754e+00
4.882206933589999971e+04	2.894258687256083817e+00
4.882226433589999942e+04	2.883194139487779140e+00
4.882246033590000297e+04	2.896027115158315013e+00
4.882265533590000268e+04	2.854720548684499093e+00
4.882285033590000239e+04	2.884049856479691698e+00
4.882304633589999867e+04	2.909552333481808972e+00
4.882324133589999838e+04	2.907026026575676880e+00
4.882343633589999808e+04	2.916236380269246808e+00
4.882363233590000164e+04	2.890211632908792794e+00
4.882382733590000134e+04	2.886995963747839511e+00
4.882402233590000105e+04	2.886977508719219543e+00
4.882421733590000076e+04	2.900467854562020165e+00
4.882441333589999704e+04	2.889358158460062498e+00
4.882460833589999675e+04	2.866818064149239120e+00
4.882480333589999645e+04	2.906608434512754968e+00
4.882499933590000001e+04	2.921295966711847214e+00
4.882519433589999971e+04	2.870119145351257117e+00
4.882538933589999942e+04	2.880323095800076061e+00
4.882558533590000297e+04	2.873406073212883882e+00
4.882578033590000268e+04	2.920540433844644568e+00
4.882597533590000239e+04	2.902972678354519331e+00
4.882617133589999867e+04	2.865048124662617823e+00
4.882636633589999838e+04	2.908218211766484984e+00
4.882656133589999808e+04	2.908553639352810194e+00
4.882675733590000164e+04	2.878787716881916481e+00
4.882695233590000134e+04	2.904879675586414578e+00
4.882714733590000105e+04	2.884728369382628443e+00
4.882734233590000076e+04	2.881035654306254301e+00
4.882753833589999704e+04	2.857261808470950015e+00
4.882773333589999675e+04	2.898635986359050065e+00
4.882792833589999645e+04	2.861654372762634679e+00
4.882812433590000001e+04	2.883087712894866428e+00
4.882831933589999971e+04	2.910935612610749956e+00
4.882851433589999942e+04	2.895354945390751666e+00
4.882871033590000297e+04	2.889474278878427782e+00
4.882890533590000268e+04	2.878183530776514232e+00
4.882910033590000239e+04	2.879103400424419590e+00
4.882929633589999867e+04	2.891439502172936216e+00
4.882949133589999838e+04	2.883983093166875733e+00
4.882968633589999808e+04	2.878414978077611153e+00
4.882988233590000164e+04	2.894196859008165035e+00
4.883007733590000134e+04	2.858638000094588349e+00
4.883027233590000105e+04	2.883449644285267510e+00
4.883046733590000076e+04	2.828583593020542963e+00
4.883066333589999704e+04	2.850495268464223741e+00
4.883085833589999675e+04	2.850406082679741715e+00
4.883105333589999645e+04	2.894394226778551626e+00
4.883124933590000001e+04	2.875581966646603149e+00
4.883144433589999971e+04	2.896164388410266355e+00
4.883163933589999942e+04	2.852973085240055440e+00
4.883183533590000297e+04	2.856124876690596892e+00
4.883203033590000268e+04	2.848694076394885144e+00
4.883222533590000239e+04	2.890089615089925346e+00
4.883242133589999867e+04	2.888386612201202297e+00
4.883261633589999838e+04	2.883046056716402461e+00
4.883281133589999808e+04	2.855855557254356469e+00
4.883300733590000164e+04	2.904494684912883429e+00
4.883320233590000134e+04	2.878311272034093093e+00
4.883339733590000105e+04	2.898136970385834843e+00
4.883359233590000076e+04	2.872480217613343711e+00
4.883378833589999704e+04	2.897514887296733122e+00
4.883398333589999675e+04	2.875958497843850381e+00
4.883417833589999645e+04	2.882960998039049372e+00
4.883437433590000001e+04	2.858843355700093625e+00
4.883456933589999971e+04	2.845310215742404836e+00
4.883476433589999942e+04	2.859985885888821855e+00
4.883496033590000297e+04	2.869075917499486650e+00
4.883515533590000268e+04	2.862136766369921759e+00
4.883535033590000239e+04	2.879613507198598654e+00
4.883554633589999867e+04	2.850467038830462485e+00
4.883574133589999838e+04	2.859901567488043028e+00
4.883593633589999808e+04	2.871859464226421466e+00
4.883613233590000164e+04	2.888293677920309221e+00
4.883632733590000134e+04	2.923364477035121922e+00
4.883652233590000105e+04	2.871756890932983808e+00
4.883671733590000076e+04	2.879438206150492618e+00
4.883691333589999704e+04	2.867948435205276425e+00
4.883710833589999675e+04	2.904376652935024339e+00
4.883730333589999645e+04	2.854442469452216358e+00
4.883749933590000001e+04	2.884294708929992623e+00
4.883769433589999971e+04	2.861215415059776390e+00
4.883788933589999942e+04	2.870299265255697563e+00
4.883808533590000297e+04	2.898027627327168787e+00
4.883828033590000268e+04	2.866447029770196053e+00
4.883847533590000239e+04	2.848712481317614120e+00
4.883867133589999867e+04	2.890704102351131510e+00
4.883886633589999838e+04	2.879012338344210775e+00
4.883906133589999808e+04	2.879366688230739157e+00
4.883925733590000164e+04	2.905758524619050931e+00
4.883945233590000134e+04	2.921983998641614733e+00
4.883964733590000105e+04	2.871120642638945952e+00
4.883984233590000076e+04	2.901144847337244315e+00
4.884003833589999704e+04	2.884281240039863192e+00
4.884023333589999675e+04	2.910354759273721115e+00
4.884042833589999645e+04	2.890848142314489166e+00
4.884062433590000001e+04	2.897445174969032422e+00
4.884081933589999971e+04	2.890664455865854521e+00
4.884101433589999942e+04	2.920862221258762048e+00
4.884121033590000297e+04	2.887901653715669426e+00
4.884140533590000268e+04	2.929338240084602418e+00
4.884160033590000239e+04	2.884686799553255909e+00
4.884179633589999867e+04	2.888715619570090709e+00
4.884199133589999838e+04	2.909195496304750606e+00
4.884218633589999808e+04	2.884700268186859873e+00
4.884238233590000164e+04	2.888113710113710653e+00
4.884257733590000134e+04	2.880033625090847593e+00
4.884277233590000105e+04	2.901799638109954671e+00
4.884296733590000076e+04	2.899640878943339217e+00
4.884316333589999704e+04	2.892989427014182269e+00
4.884335833589999675e+04	2.886414206996438025e+00
4.884355333589999645e+04	2.876040839763668089e+00
4.884374933590000001e+04	2.880995823505205777e+00
4.884394433589999971e+04	2.870571397337213781e+00
4.884413933589999942e+04	2.857607696100853190e+00
4.884433533590000297e+04	2.894067301653379332e+00
4.884453033590000268e+04	2.876589944105681695e+00
4.884472533590000239e+04	2.885548026701627577e+00
4.884492133589999867e+04	2.878572823195650443e+00
4.884511633589999838e+04	2.877277427408454713e+00
4.884531133589999808e+04	2.875983699495531454e+00
4.884550733590000164e+04	2.879576667487068420e+00
4.884570233590000134e+04	2.911701368122855627e+00
4.884589733590000105e+04	2.887506879044055452e+00
4.884609233590000076e+04	2.860993602317694950e+00
4.884628833589999704e+04	2.889476273783447624e+00
4.884648333589999675e+04	2.874958309216737007e+00
4.884667833589999645e+04	2.865779667538333797e+00
4.884687433590000001e+04	2.886444301119389877e+00
4.884706933589999971e+04	2.884044951087744835e+00
4.884726433589999942e+04	2.867819633343806629e+00
4.884746033590000297e+04	2.854958911321050508e+00
4.884765533590000268e+04	2.859215438039331758e+00
4.884785033590000239e+04	2.850827775764802396e+00
4.884804633589999867e+04	2.846987596280412092e+00
4.884824133589999838e+04	2.845577669279546029e+00
4.884843633589999808e+04	2.844426870612593916e+00
4.884863233590000164e+04	2.851785547703295620e+00
4.884882733590000134e+04	2.903401057421104881e+00
4.884902233590000105e+04	2.893117245688017647e+00
4.884921733590000076e+04	2.856559193947772357e+00
4.884941333589999704e+04	2.839938529613480256e+00
4.884960833589999675e+04	2.865618731923650131e+00
4.884980333589999645e+04	2.877078902872796107e+00
4.884999933590000001e+04	2.883352946930408223e+00
4.885019433589999971e+04	2.894874051356783440e+00
4.885038933589999942e+04	2.892786311755596529e+00
4.885058533590000297e+04	2.852150009353104920e+00
4.885078033590000268e+04	2.879476875623360854e+00
4.885097533590000239e+04	2.868382428513111648e+00
4.885117133589999867e+04	2.894462951884069213e+00
4.885136633589999838e+04	2.861257113933026730e+00
4.885156133589999808e+04	2.849835068315865527e+00
4.885175733590000164e+04	2.877079734567209002e+00
4.885195233590000134e+04	2.848404175947996109e+00
4.885214733590000105e+04	2.864316806343079946e+00
4.885234233590000076e+04	2.871116649388836706e+00
4.885253833589999704e+04	2.824011630310099719e+00
4.885273333589999675e+04	2.864922134651452623e+00
4.885292833589999645e+04	2.859327810623955912e+00
4.885312433590000001e+04	2.895374141039010141e+00
4.885331933589999971e+04	2.868999372732330855e+00
4.885351433589999942e+04	2.851418998088593781e+00
4.885371033590000297e+04	2.877747907368348734e+00
4.885390533590000268e+04	2.862104806882548758e+00
4.885410033590000239e+04	2.907850721891275469e+00
4.885429633589999867e+04	2.897591412723610205e+00
4.885449133589999838e+04	2.890765940746787166e+00
4.885468633589999808e+04	2.878505959547659643e+00
4.885488233590000164e+04	2.868638111001560631e+00
4.885507733590000134e+04	2.856165586504301857e+00
4.885527233590000105e+04	2.813620391385915909e+00
4.885546733590000076e+04	2.836721185388679345e+00
4.885566333589999704e+04	2.882782814390765225e+00
4.885585833589999675e+04	2.920549148811740992e+00
4.885605333589999645e+04	2.854152647089669870e+00
4.885624933590000001e+04	2.887285256700195646e+00
4.885644433589999971e+04	2.867553207385281411e+00
4.885663933589999942e+04	2.886566256701515343e+00
4.885683533590000297e+04	2.840560212549039676e+00
4.885703033590000268e+04	2.887905643820275259e+00
4.885722533590000239e+04	2.860225188517661721e+00
4.885742133589999867e+04	2.863910858925514447e+00
4.885761633589999838e+04	2.859068187437788566e+00
4.885781133589999808e+04	2.876388418966692839e+00
4.885800733590000164e+04	2.833854379537347867e+00
4.885820233590000134e+04	2.853317127379899176e+00
4.885839733590000105e+04	2.895776497784424919e+00
4.885859233590000076e+04	2.837006244957557044e+00
4.885878833589999704e+04	2.901332347845745119e+00
4.885898333589999675e+04	2.873662693633045606e+00
4.885917833589999645e+04	2.874987421399453069e+00
4.885937433590000001e+04	2.872746581989332526e+00
4.885956933589999971e+04	2.861378131758163690e+00
4.885976433589999942e+04	2.881408180947747866e+00
4.885996033590000297e+04	2.864590013425122095e+00
4.886015533590000268e+04	2.883084885931239683e+00
4.886035033590000239e+04	2.871893322455779440e+00
4.886054633589999867e+04	2.884088517580076783e+00
4.886074133589999838e+04	2.866585492334570162e+00
4.886093633589999808e+04	2.903841887603205052e+00
4.886113233590000164e+04	2.910085045280442984e+00
4.886132733590000134e+04	2.879312384347564091e+00
4.886152233590000105e+04	2.905380443748398989e+00
4.886171733590000076e+04	2.852242102172935390e+00
4.886191333589999704e+04	2.877110839915006935e+00
4.886210833589999675e+04	2.903513197112976840e+00
4.886230333589999645e+04	2.895155592158433322e+00
4.886249933590000001e+04	2.935110182850495519e+00
4.886269433589999971e+04	2.917227906439865848e+00
4.886288933589999942e+04	2.905820319271590790e+00
4.886308533590000297e+04	2.901258909651197371e+00
4.886328033590000268e+04	2.896184829750962919e+00
4.886347533590000239e+04	2.886809999507139679e+00
4.886367133589999867e+04	2.916334920648946394e+00
4.886386633589999838e+04	2.892521195224233566e+00
4.886406133589999808e+04	2.905704454150768612e+00
4.886425733590000164e+04	2.914105156340742298e+00
4.886445233590000134e+04	2.902595378650316249e+00
4.886464733590000105e+04	2.903841887603205052e+00
4.886484233590000076e+04	2.891397862332723889e+00
4.886503833589999704e+04	2.882353022311779256e+00
4.886523333589999675e+04	2.916528098314987716e+00
4.886542833589999645e+04	2.889721978155135318e+00
4.886562433590000001e+04	2.880365755184170595e+00
4.886581933589999971e+04	2.880614558310696793e+00
4.886601433589999942e+04	2.936248624803411644e+00
4.886621033590000297e+04	2.921885401465242893e+00
4.886640533590000268e+04	2.896656969398833326e+00
4.886660033590000239e+04	2.920434193958243441e+00
4.886679633589999867e+04	2.889158749048270636e+00
4.886699133589999838e+04	2.896940397724094396e+00
4.886718633589999808e+04	2.924532593428960325e+00
4.886738233590000164e+04	2.864875699571850731e+00
4.886757733590000134e+04	2.936609652251632951e+00
4.886777233590000105e+04	2.882600804449246823e+00
4.886796733590000076e+04	2.891038808833769735e+00
4.886816333589999704e+04	2.902207605269156332e+00
4.886835833589999675e+04	2.925168325147581072e+00
4.886855333589999645e+04	2.886618546917773642e+00
4.886874933590000001e+04	2.888419529791940832e+00
4.886894433589999971e+04	2.906252544589095876e+00
4.886913933589999942e+04	2.878081819578978795e+00
4.886933533590000297e+04	2.890839415166141180e+00
4.886953033590000268e+04	2.906176133373659098e+00
4.886972533590000239e+04	2.880157530012738221e+00
4.886992133589999867e+04	2.867327466607720865e+00
4.887011633589999838e+04	2.875024102693037875e+00
4.887031133589999808e+04	2.870089943320346393e+00
4.887050733590000164e+04	2.884252057415348958e+00
4.887070233590000134e+04	2.873282045833970955e+00
4.887089733590000105e+04	2.887481691024403219e+00
4.887109233590000076e+04	2.869530188395808423e+00
4.887128833589999704e+04	2.876843532048614094e+00
4.887148333589999675e+04	2.860792928464576335e+00
4.887167833589999645e+04	2.883018867909266092e+00
4.887187433590000001e+04	2.821889675957498511e+00
4.887206933589999971e+04	2.874043251451150027e+00
4.887226433589999942e+04	2.894678516252726652e+00
4.887246033590000297e+04	2.863723777645157398e+00
4.887265533590000268e+04	2.854668346661846101e+00
4.887285033590000239e+04	2.839253840972926213e+00
4.887304633589999867e+04	2.870468651453645492e+00
4.887324133589999838e+04	2.876141562628811599e+00
4.887343633589999808e+04	2.910183697224171695e+00
4.887363233590000164e+04	2.886906930556783379e+00
4.887382733590000134e+04	2.848106526290274942e+00
4.887402233590000105e+04	2.854455957211188277e+00
4.887421733590000076e+04	2.887008433352718839e+00
4.887441333589999704e+04	2.854228246063057028e+00
4.887460833589999675e+04	2.862531262347481231e+00
4.887480333589999645e+04	2.883718864702220941e+00
4.887499933590000001e+04	2.880279521604137472e+00
4.887519433589999971e+04	2.873698545380873881e+00
4.887538933589999942e+04	2.858604037566379930e+00
4.887558533590000297e+04	2.867382799529615056e+00
4.887578033590000268e+04	2.891072719701019977e+00
4.887597533590000239e+04	2.878748879832082608e+00
4.887617133589999867e+04	2.889147111926121170e+00
4.887636633589999838e+04	2.854545042812489442e+00
4.887656133589999808e+04	2.849400697442398211e+00
4.887675733590000164e+04	2.898233600599841253e+00
4.887695233590000134e+04	2.842829676504987191e+00
4.887714733590000105e+04	2.874130342087926948e+00
4.887734233590000076e+04	2.896504991764377479e+00
4.887753833589999704e+04	2.876924872507348852e+00
4.887773333589999675e+04	2.863335295793081769e+00
4.887792833589999645e+04	2.862834453346557950e+00
4.887812433590000001e+04	2.852887739949228063e+00
4.887831933589999971e+04	2.895955652945392700e+00
4.887851433589999942e+04	2.881907755554578898e+00
4.887871033590000297e+04	2.897536158235624271e+00
4.887890533590000268e+04	2.889793544422879279e+00
4.887910033590000239e+04	2.881843895805353384e+00
4.887929633589999867e+04	2.879161280777150722e+00
4.887949133589999838e+04	2.875980705241447666e+00
4.887968633589999808e+04	2.900500670391624070e+00
4.887988233590000164e+04	2.933221408952169540e+00
4.888007733590000134e+04	2.927057649646080506e+00
4.888027233590000105e+04	2.894023672475679376e+00
4.888046733590000076e+04	2.894108936270981758e+00
4.888066333589999704e+04	2.882761611850860106e+00
4.888085833589999675e+04	2.915055271428894201e+00
4.888105333589999645e+04	2.894369046908034093e+00
4.888124933590000001e+04	2.928378060635594693e+00
4.888144433589999971e+04	2.862840195873982196e+00
4.888163933589999942e+04	2.921174210128016924e+00
4.888183533590000297e+04	2.914495701623406987e+00
4.888203033590000268e+04	2.881274720701338055e+00
4.888222533590000239e+04	2.876715615647862379e+00
4.888242133589999867e+04	2.895721404776288921e+00
4.888261633589999838e+04	2.890139901809813949e+00
4.888281133589999808e+04	2.903506468748140890e+00
4.888300733590000164e+04	2.879388892075716910e+00
4.888320233590000134e+04	2.879338496798718339e+00
4.888339733590000105e+04	2.834921580926955897e+00
4.888359233590000076e+04	2.912590646181429932e+00
4.888378833589999704e+04	2.883577520250506510e+00
4.888398333589999675e+04	2.909500016560361502e+00
4.888417833589999645e+04	2.895839484789398455e+00
4.888437433590000001e+04	2.915782109021126445e+00
4.888456933589999971e+04	2.899467736718779776e+00
4.888476433589999942e+04	2.892232887636428273e+00
4.888496033590000297e+04	2.866599222047053530e+00
4.888515533590000268e+04	2.910509378252523760e+00
4.888535033590000239e+04	2.907474671438961877e+00
4.888554633589999867e+04	2.909084466154505222e+00
4.888574133589999838e+04	2.906616158545405781e+00
4.888593633589999808e+04	2.905307019530930290e+00
4.888613233590000164e+04	2.921598487718011228e+00
4.888632733590000134e+04	2.896073482372734986e+00
4.888652233590000105e+04	2.926281162518261425e+00
4.888671733590000076e+04	2.906562837746715644e+00
4.888691333589999704e+04	2.894753057471167068e+00
4.888710833589999675e+04	2.916717538566420131e+00
4.888730333589999645e+04	2.865430833479534201e+00
4.888749933590000001e+04	2.884712739136304549e+00
4.888769433589999971e+04	2.865912392738712455e+00
4.888788933589999942e+04	2.901074316146603493e+00
4.888808533590000297e+04	2.909024424926673902e+00
4.888828033590000268e+04	2.874753025610598201e+00
4.888847533590000239e+04	2.878046973194381408e+00
4.888867133589999867e+04	2.899993057843314403e+00
4.888886633589999838e+04	2.895416770273868678e+00
4.888906133589999808e+04	2.862854843473151334e+00
4.888925733590000164e+04	2.865807627273063929e+00
4.888945233590000134e+04	2.906898457555360693e+00
4.888964733590000105e+04	2.850439058979620910e+00
4.888984233590000076e+04	2.891285492537015500e+00
4.889003833589999704e+04	2.879612509284005029e+00
4.889023333589999675e+04	2.918004724575695263e+00
4.889042833589999645e+04	2.862973938067911561e+00
4.889062433590000001e+04	2.879334588249147231e+00
4.889081933589999971e+04	2.883986834578484704e+00
4.889101433589999942e+04	2.878106020733785186e+00
4.889121033590000297e+04	2.882518571032651522e+00
4.889140533590000268e+04	2.856720947185413806e+00
4.889160033590000239e+04	2.851634248909395097e+00
4.889179633589999867e+04	2.867047554708591406e+00
4.889199133589999838e+04	2.906417907485852936e+00
4.889218633589999808e+04	2.892955519200736347e+00
4.889238233590000164e+04	2.897566236636354375e+00
4.889257733590000134e+04	2.876664465506717505e+00
4.889277233590000105e+04	2.848527265443806300e+00
4.889296733590000076e+04	2.818301577309105355e+00
4.889316333589999704e+04	2.838273093315324402e+00
4.889335833589999675e+04	2.892732042088699274e+00
4.889355333589999645e+04	2.869153543596748790e+00
4.889374933590000001e+04	2.854991880585398434e+00
4.889394433589999971e+04	2.915700003769931214e+00
4.889413933589999942e+04	2.888805642681170127e+00
4.889433533590000297e+04	2.872559578240974076e+00
4.889453033590000268e+04	2.867244342143823843e+00
4.889472533590000239e+04	2.905058504913682782e+00
4.889492133589999867e+04	2.889623314392659736e+00
4.889511633589999838e+04	2.873879633217782725e+00
4.889531133589999808e+04	2.867519342260706594e+00
4.889550733590000164e+04	2.882307622990197160e+00
4.889570233590000134e+04	2.870457087311045541e+00
4.889589733590000105e+04	2.877699337883507624e+00
4.889609233590000076e+04	2.851275690632153470e+00
4.889628833589999704e+04	2.898810049283797596e+00
4.889648333589999675e+04	2.858680453178802594e+00
4.889667833589999645e+04	2.879279452675632456e+00
4.889687433590000001e+04	2.857646405197829864e+00
4.889706933589999971e+04	2.856980765438789760e+00
4.889726433589999942e+04	2.849215654097436712e+00
4.889746033590000297e+04	2.895149692138526021e+00
4.889765533590000268e+04	2.839054962219558220e+00
4.889785033590000239e+04	2.870435706109990548e+00
4.889804633589999867e+04	2.842787025269522871e+00
4.889824133589999838e+04	2.886768433741739415e+00
4.889843633589999808e+04	2.877294643315789102e+00
4.889863233590000164e+04	2.881344319700540169e+00
4.889882733590000134e+04	2.880025891404038418e+00
4.889902233590000105e+04	2.885062172170165695e+00
4.889921733590000076e+04	2.867040814810771110e+00
4.889941333589999704e+04	2.870466821158112580e+00
4.889960833589999675e+04	2.841767702035404852e+00
4.889980333589999645e+04	2.876540540265324353e+00
4.889999933590000001e+04	2.852723959298412382e+00
4.890019433589999971e+04	2.879930924827398542e+00
4.890038933589999942e+04	2.907050194838994628e+00
4.890058533590000297e+04	2.892767861746543545e+00
4.890078033590000268e+04	2.911888858599557039e+00
4.890097533590000239e+04	2.878321002293802167e+00
4.890117133589999867e+04	2.864331286489498751e+00
4.890136633589999838e+04	2.853630190914826059e+00
4.890156133589999808e+04	2.889407449452319199e+00
4.890175733590000164e+04	2.901196104840233048e+00
4.890195233590000134e+04	2.896877413978099725e+00
4.890214733590000105e+04	2.892437005490615221e+00
4.890234233590000076e+04	2.859190299794921231e+00
4.890253833589999704e+04	2.869533183556400857e+00
4.890273333589999675e+04	2.831795661950700094e+00
4.890292833589999645e+04	2.881297920393011580e+00
4.890312433590000001e+04	2.882493377111439159e+00
4.890331933589999971e+04	2.914603963756086102e+00
4.890351433589999942e+04	2.875193700868923230e+00
4.890371033590000297e+04	2.899747222797257606e+00
4.890390533590000268e+04	2.879744150447534068e+00
4.890410033590000239e+04	2.911260451759787315e+00
4.890429633589999867e+04	2.895182516172177145e+00
4.890449133589999838e+04	2.899858550949740987e+00
4.890468633589999808e+04	2.890321847312879555e+00
4.890488233590000164e+04	2.871321968028972549e+00
4.890507733590000134e+04	2.871136116476066036e+00
4.890527233590000105e+04	2.849909766557143342e+00
4.890546733590000076e+04	2.899720304559485484e+00
4.890566333589999704e+04	2.921888223276312146e+00
4.890585833589999675e+04	2.894851863655919288e+00
4.890605333589999645e+04	2.890614170385211068e+00
4.890624933590000001e+04	2.911097119403242672e+00
4.890644433589999971e+04	2.902156516346741100e+00
4.890663933589999942e+04	2.913775545149913881e+00
4.890683533590000297e+04	2.911315504528531051e+00
4.890703033590000268e+04	2.923615765240834108e+00
4.890722533590000239e+04	2.921294970750800246e+00
4.890742133589999867e+04	2.890679915510405706e+00
4.890761633589999838e+04	2.911510886733303494e+00
4.890781133589999808e+04	2.877272437287789586e+00
4.890800733590000164e+04	2.889444105917247541e+00
