# time(sec)	crack length FEA(mm)
2.776679633589999867e+04	1.205257926406153146e+00
2.776699133589999838e+04	1.228953803504444053e+00
2.776718633589999808e+04	1.246247691337828201e+00
2.776738233589999800e+04	1.247289006962045477e+00
2.776757733590000134e+04	1.187942218225042978e+00
2.776777233590000105e+04	1.265272835155224485e+00
2.776796733590000076e+04	1.246650645335021679e+00
2.776816333590000067e+04	1.195320289832837446e+00
2.776835833590000038e+04	1.206942568040492603e+00
2.776855333590000009e+04	1.249744172243840268e+00
2.776874933590000001e+04	1.174558181920142275e+00
2.776894433589999971e+04	1.235874241207968183e+00
2.776913933589999942e+04	1.176120581350197369e+00
2.776933533589999934e+04	1.254833726593396648e+00
2.776953033589999905e+04	1.208759323219601001e+00
2.776972533589999875e+04	1.206296931373792347e+00
2.776992133589999867e+04	1.229591570396319611e+00
2.777011633589999838e+04	1.209010798142404752e+00
2.777031133589999808e+04	1.204179269757252868e+00
2.777050733589999800e+04	1.229817671402212653e+00
2.777070233590000134e+04	1.210498002098553627e+00
2.777089733590000105e+04	1.201771603569877556e+00
2.777109233590000076e+04	1.231049284109282382e+00
2.777128833590000067e+04	1.227947215618465648e+00
2.777148333590000038e+04	1.231244134384024136e+00
2.777167833590000009e+04	1.189905685225646437e+00
2.777187433590000001e+04	1.217978289582903884e+00
2.777206933589999971e+04	1.251886721157744020e+00
2.777226433589999942e+04	1.251252776633673847e+00
2.777246033589999934e+04	1.207881245319990526e+00
2.777265533589999905e+04	1.194605400366466341e+00
2.777285033589999875e+04	1.211916227777553701e+00
2.777304633589999867e+04	1.239308556609653778e+00
2.777324133589999838e+04	1.238299278963605587e+00
2.777343633589999808e+04	1.216552099025980382e+00
2.777363233589999800e+04	1.231574490082664397e+00
2.777382733590000134e+04	1.216324796142462361e+00
2.777402233590000105e+04	1.235159504987414891e+00
2.777421733590000076e+04	1.192076714364912249e+00
2.777441333590000067e+04	1.191596621643425280e+00
2.777460833590000038e+04	1.240514711980530649e+00
2.777480333590000009e+04	1.224186878603850559e+00
2.777499933590000001e+04	1.242359211356250270e+00
2.777519433589999971e+04	1.244476490404842650e+00
2.777538933589999942e+04	1.241430135640154475e+00
2.777558533589999934e+04	1.221100562402472889e+00
2.777578033589999905e+04	1.223589702993837847e+00
2.777597533589999875e+04	1.238472147669753554e+00
2.777617133589999867e+04	1.239376287613627170e+00
2.777636633589999838e+04	1.211335313777082590e+00
2.777656133589999808e+04	1.198840905793145950e+00
2.777675733589999800e+04	1.259548686857449695e+00
2.777695233590000134e+04	1.240433474465220343e+00
2.777714733590000105e+04	1.249628623956230200e+00
2.777734233590000076e+04	1.270181216611378616e+00
2.777753833590000067e+04	1.226502648905896109e+00
2.777773333590000038e+04	1.245042902758726200e+00
2.777792833590000009e+04	1.247458768709307719e+00
2.777812433590000001e+04	1.285362788441039683e+00
2.777831933589999971e+04	1.295187731561826538e+00
2.777851433589999942e+04	1.301132912688702348e+00
2.777871033589999934e+04	1.250165847138635655e+00
2.777890533589999905e+04	1.238107529221252889e+00
2.777910033589999875e+04	1.227502226525899687e+00
2.777929633589999867e+04	1.240994794928319322e+00
2.777949133589999838e+04	1.253596113276124413e+00
2.777968633589999808e+04	1.249421404748463971e+00
2.777988233589999800e+04	1.206017293362698695e+00
2.778007733590000134e+04	1.239649178062220969e+00
2.778027233590000105e+04	1.260308274250100169e+00
2.778046733590000076e+04	1.216498990234581967e+00
2.778066333590000067e+04	1.280983733657654611e+00
2.778085833590000038e+04	1.276247160040524520e+00
2.778105333590000009e+04	1.306764956830724245e+00
2.778124933590000001e+04	1.238899213837088453e+00
2.778144433589999971e+04	1.212985125939081144e+00
2.778163933589999942e+04	1.223998326738167108e+00
2.778183533589999934e+04	1.281768708456061390e+00
2.778203033589999905e+04	1.256708397777206443e+00
2.778222533589999875e+04	1.209372730986380873e+00
2.778242133589999867e+04	1.257022661284960208e+00
2.778261633589999838e+04	1.242845608369552934e+00
2.778281133589999808e+04	1.227067523784795000e+00
2.778300733589999800e+04	1.265660985323957988e+00
2.778320233590000134e+04	1.215784651943959460e+00
2.778339733590000105e+04	1.248416674295977913e+00
2.778359233590000076e+04	1.267401639004571479e+00
2.778378833590000067e+04	1.232099594859407787e+00
2.778398333590000038e+04	1.221179717533873443e+00
2.778417833590000009e+04	1.210354042771824012e+00
2.778437433590000001e+04	1.258797299673998893e+00
2.778456933589999971e+04	1.244471212651486525e+00
2.778476433589999942e+04	1.219016734935465252e+00
2.778496033589999934e+04	1.270964496878848493e+00
2.778515533589999905e+04	1.262271985060600343e+00
2.778535033589999875e+04	1.243212121613037624e+00
2.778554633589999867e+04	1.237140972243956583e+00
2.778574133589999838e+04	1.213748364675073077e+00
2.778593633589999808e+04	1.252808052065315536e+00
2.778613233589999800e+04	1.268706173506297219e+00
2.778632733590000134e+04	1.235208455310768727e+00
2.778652233590000105e+04	1.215534503046455939e+00
2.778671733590000076e+04	1.228893382588854166e+00
2.778691333590000067e+04	1.251356870261162157e+00
2.778710833590000038e+04	1.256039087464044357e+00
2.778730333590000009e+04	1.258966889096697628e+00
2.778749933590000001e+04	1.215742020239041210e+00
2.778769433589999971e+04	1.217887660759675583e+00
2.778788933589999942e+04	1.213027852195686762e+00
2.778808533589999934e+04	1.241941601497256187e+00
2.778828033589999905e+04	1.260839085869790210e+00
2.778847533589999875e+04	1.269449917041736597e+00
2.778867133589999867e+04	1.209149479996586507e+00
2.778886633589999838e+04	1.266038672619821170e+00
2.778906133589999808e+04	1.247713856242542718e+00
2.778925733589999800e+04	1.255620647094058739e+00
2.778945233590000134e+04	1.283285620998862342e+00
2.778964733590000105e+04	1.292519126701069609e+00
2.778984233590000076e+04	1.266122949861799185e+00
2.779003833590000067e+04	1.256732358840999098e+00
2.779023333590000038e+04	1.262799534586029893e+00
2.779042833590000009e+04	1.287156006107149864e+00
2.779062433590000001e+04	1.264137751881664329e+00
2.779081933589999971e+04	1.227200907479403469e+00
2.779101433589999942e+04	1.212048622214458860e+00
2.779121033589999934e+04	1.255753869300654912e+00
2.779140533589999905e+04	1.242435253486213753e+00
2.779160033589999875e+04	1.238661657558717266e+00
2.779179633589999867e+04	1.245670842423853841e+00
2.779199133589999838e+04	1.280046891911041484e+00
2.779218633589999808e+04	1.282898833225107893e+00
2.779238233589999800e+04	1.270048076031098816e+00
2.779257733590000134e+04	1.248644741314432594e+00
2.779277233590000105e+04	1.252663367135458117e+00
2.779296733590000076e+04	1.258313288140978869e+00
2.779316333590000067e+04	1.266796084509010711e+00
2.779335833590000038e+04	1.285169367786117789e+00
2.779355333590000009e+04	1.280694619827151826e+00
2.779374933590000001e+04	1.251670221497235502e+00
2.779394433589999971e+04	1.244115095749497968e+00
2.779413933589999942e+04	1.261978529402485449e+00
2.779433533589999934e+04	1.237135692847818547e+00
2.779453033589999905e+04	1.251705634217232799e+00
2.779472533589999875e+04	1.264576776407832170e+00
2.779492133589999867e+04	1.263725712049584615e+00
2.779511633589999838e+04	1.243481926108852775e+00
2.779531133589999808e+04	1.266798139988933869e+00
2.779550733589999800e+04	1.265647489996080566e+00
2.779570233590000134e+04	1.245340773660412736e+00
2.779589733590000105e+04	1.225620038400261791e+00
2.779609233590000076e+04	1.233744734088586981e+00
2.779628833590000067e+04	1.246100908824365305e+00
2.779648333590000038e+04	1.259784870475018081e+00
2.779667833590000009e+04	1.225579304488185528e+00
2.779687433590000001e+04	1.244274414224948444e+00
2.779706933589999971e+04	1.221529017719792165e+00
2.779726433589999942e+04	1.234322948835309575e+00
2.779746033589999934e+04	1.210424902761682020e+00
2.779765533589999905e+04	1.214832764368161122e+00
2.779785033589999875e+04	1.233445732169002440e+00
2.779804633589999867e+04	1.174633366064256279e+00
2.779824133589999838e+04	1.212875577971894714e+00
2.779843633589999808e+04	1.225593986609654351e+00
2.779863233589999800e+04	1.214652377883837175e+00
2.779882733590000134e+04	1.195139754270577725e+00
2.779902233590000105e+04	1.218565219208935346e+00
2.779921733590000076e+04	1.256449294865944921e+00
2.779941333590000067e+04	1.230916996234473260e+00
2.779960833590000038e+04	1.216284135742593975e+00
2.779980333590000009e+04	1.174533060673162765e+00
2.779999933590000001e+04	1.220564825613683624e+00
2.780019433589999971e+04	1.236551283230982179e+00
2.780038933589999942e+04	1.220879571331565216e+00
2.780058533589999934e+04	1.172188054272059077e+00
2.780078033589999905e+04	1.176073571813308405e+00
2.780097533589999875e+04	1.222421182677180695e+00
2.780117133589999867e+04	1.250478141050407999e+00
2.780136633589999838e+04	1.226937362056384373e+00
2.780156133589999808e+04	1.216064174303436829e+00
2.780175733589999800e+04	1.222882921205091122e+00
2.780195233590000134e+04	1.203062031327021941e+00
2.780214733590000105e+04	1.252850795650797266e+00
2.780234233590000076e+04	1.252427022659148292e+00
2.780253833590000067e+04	1.240286655734454513e+00
2.780273333590000038e+04	1.244103645531225766e+00
2.780292833590000009e+04	1.219678679703111612e+00
2.780312433590000001e+04	1.217739626963014743e+00
2.780331933589999971e+04	1.214353133908407045e+00
2.780351433589999942e+04	1.225333377595250184e+00
2.780371033589999934e+04	1.252099105301747173e+00
2.780390533589999905e+04	1.233075845170876761e+00
2.780410033589999875e+04	1.192204020229684858e+00
2.780429633589999867e+04	1.234518756465934786e+00
2.780449133589999838e+04	1.225510638591483570e+00
2.780468633589999808e+04	1.175349846411286592e+00
2.780488233589999800e+04	1.201067484201992386e+00
2.780507733590000134e+04	1.189359825844118035e+00
2.780527233590000105e+04	1.222848629125516950e+00
2.780546733590000076e+04	1.232755981762847952e+00
2.780566333590000067e+04	1.214086220487287093e+00
2.780585833590000038e+04	1.210890011348178419e+00
2.780605333590000009e+04	1.188828479525286141e+00
2.780624933590000001e+04	1.209000316341251491e+00
2.780644433589999971e+04	1.212464790961544026e+00
2.780663933589999942e+04	1.219172014230396783e+00
2.780683533589999934e+04	1.219281443431242451e+00
2.780703033589999905e+04	1.225992011860135733e+00
2.780722533589999875e+04	1.218381726910294560e+00
2.780742133589999867e+04	1.243621389489703688e+00
2.780761633589999838e+04	1.233189326725085522e+00
2.780781133589999808e+04	1.224106659190841384e+00
2.780800733589999800e+04	1.262321951711935952e+00
2.780820233590000134e+04	1.255858032447264350e+00
2.780839733590000105e+04	1.248601990096362968e+00
2.780859233590000076e+04	1.279756784047902940e+00
2.780878833590000067e+04	1.250227197300301185e+00
2.780898333590000038e+04	1.258065646327741760e+00
2.780917833590000009e+04	1.275155219829926523e+00
2.780937433590000001e+04	1.274423985518016167e+00
2.780956933589999971e+04	1.246091516859106463e+00
2.780976433589999942e+04	1.244029666252504995e+00
2.780996033589999934e+04	1.224926925636324881e+00
2.781015533589999905e+04	1.221757344962149716e+00
2.781035033589999875e+04	1.257230797083240148e+00
2.781054633589999867e+04	1.249168392722165066e+00
2.781074133589999838e+04	1.276380265542139014e+00
2.781093633589999808e+04	1.200922391960064672e+00
2.781113233589999800e+04	1.236308602679475399e+00
2.781132733590000134e+04	1.299092480275961137e+00
2.781152233590000105e+04	1.245660376899888178e+00
2.781171733590000076e+04	1.220824323240472964e+00
2.781191333590000067e+04	1.248197996199106541e+00
2.781210833590000038e+04	1.261667371234942436e+00
2.781230333590000009e+04	1.215542832429420628e+00
2.781249933590000001e+04	1.250856071960114946e+00
2.781269433589999971e+04	1.252090788821817569e+00
2.781288933589999942e+04	1.243163187907057932e+00
2.781308533589999934e+04	1.254508972279646528e+00
2.781328033589999905e+04	1.266027143684144818e+00
2.781347533589999875e+04	1.294819884690452838e+00
2.781367133589999867e+04	1.254783744048687311e+00
2.781386633589999838e+04	1.260364591981716131e+00
2.781406133589999808e+04	1.276074479096166669e+00
2.781425733589999800e+04	1.252952736106418996e+00
2.781445233590000134e+04	1.268313962864946021e+00
2.781464733590000105e+04	1.274462490909467505e+00
2.781484233590000076e+04	1.276924114288819467e+00
2.781503833590000067e+04	1.253674086354777728e+00
2.781523333590000038e+04	1.264858848920177081e+00
2.781542833590000009e+04	1.282835514094065488e+00
2.781562433590000001e+04	1.255914182003845525e+00
2.781581933589999971e+04	1.259599642645330420e+00
2.781601433589999942e+04	1.265313411134453503e+00
2.781621033589999934e+04	1.282790770853512896e+00
2.781640533589999905e+04	1.255497885292855997e+00
2.781660033589999875e+04	1.255769605565221880e+00
2.781679633589999867e+04	1.263367651622459675e+00
2.781699133589999838e+04	1.237203340613943325e+00
2.781718633589999808e+04	1.237965885736169724e+00
2.781738233589999800e+04	1.223539654156551748e+00
2.781757733590000134e+04	1.249343328156420796e+00
2.781777233590000105e+04	1.239357587791820592e+00
2.781796733590000076e+04	1.236275224959834773e+00
2.781816333590000067e+04	1.222759988793356456e+00
2.781835833590000038e+04	1.262721591720378456e+00
2.781855333590000009e+04	1.250910266004282789e+00
2.781874933590000001e+04	1.274338755262666822e+00
2.781894433589999971e+04	1.261062920661528253e+00
2.781913933589999942e+04	1.257739863744490094e+00
2.781933533589999934e+04	1.224825848720577426e+00
2.781953033589999905e+04	1.240059581454106663e+00
2.781972533589999875e+04	1.276271011887146756e+00
2.781992133589999867e+04	1.301124613528202190e+00
2.782011633589999838e+04	1.257784565243902364e+00
2.782031133589999808e+04	1.224219199071514552e+00
2.782050733589999800e+04	1.237100258226194072e+00
2.782070233590000134e+04	1.233201945696979607e+00
2.782089733590000105e+04	1.215246644930241260e+00
2.782109233590000076e+04	1.259872298934718415e+00
2.782128833590000067e+04	1.245706264162780741e+00
2.782148333590000038e+04	1.225459519521654883e+00
2.782167833590000009e+04	1.242199879933032491e+00
2.782187433590000001e+04	1.215293666175401910e+00
2.782206933589999971e+04	1.200065890447628902e+00
2.782226433589999942e+04	1.210385307193055482e+00
2.782246033589999934e+04	1.215921323655347663e+00
2.782265533589999905e+04	1.259642284509375543e+00
2.782285033589999875e+04	1.214121600124320466e+00
2.782304633589999867e+04	1.179106392689297067e+00
2.782324133589999838e+04	1.202724017758807662e+00
2.782343633589999808e+04	1.211314441813007292e+00
2.782363233589999800e+04	1.172109811607523255e+00
2.782382733590000134e+04	1.232328804306517256e+00
2.782402233590000105e+04	1.207594369003018642e+00
2.782421733590000076e+04	1.211550123734387086e+00
2.782441333590000067e+04	1.164357839879905043e+00
2.782460833590000038e+04	1.171684586915642257e+00
2.782480333590000009e+04	1.179269200253527217e+00
2.782499933590000001e+04	1.241337539182962857e+00
2.782519433589999971e+04	1.227566768815792742e+00
2.782538933589999942e+04	1.229515486830937476e+00
2.782558533589999934e+04	1.228588053194803464e+00
2.782578033589999905e+04	1.179037412176761279e+00
2.782597533589999875e+04	1.236889796951693654e+00
2.782617133589999867e+04	1.209336179604452610e+00
2.782636633589999838e+04	1.183635882011673246e+00
2.782656133589999808e+04	1.209156736582812641e+00
2.782675733589999800e+04	1.234521978150095123e+00
2.782695233590000134e+04	1.202689696386364915e+00
2.782714733590000105e+04	1.225146804481770602e+00
2.782734233590000076e+04	1.233482156730158152e+00
2.782753833590000067e+04	1.224874820495569949e+00
2.782773333590000038e+04	1.244934666453376693e+00
2.782792833590000009e+04	1.238311716247206817e+00
2.782812433590000001e+04	1.280772681804855040e+00
2.782831933589999971e+04	1.254751554876079922e+00
2.782851433589999942e+04	1.244568090545980610e+00
2.782871033589999934e+04	1.242514337041114914e+00
2.782890533589999905e+04	1.250083569703075881e+00
2.782910033589999875e+04	1.251377617389666241e+00
2.782929633589999867e+04	1.266441288110165431e+00
2.782949133589999838e+04	1.229706142831712867e+00
2.782968633589999808e+04	1.248087627832672908e+00
2.782988233589999800e+04	1.252048043857136861e+00
2.783007733590000134e+04	1.228530674817092105e+00
2.783027233590000105e+04	1.276804590133217232e+00
2.783046733590000076e+04	1.254684941031928957e+00
2.783066333590000067e+04	1.262518688784055598e+00
2.783085833590000038e+04	1.238615935529480794e+00
2.783105333590000009e+04	1.230419880767165353e+00
2.783124933590000001e+04	1.239353382566690698e+00
2.783144433589999971e+04	1.213320842953962142e+00
2.783163933589999942e+04	1.243623536449989686e+00
2.783183533589999934e+04	1.255296976579883150e+00
2.783203033589999905e+04	1.257866726378493283e+00
2.783222533589999875e+04	1.274545665913464632e+00
2.783242133589999867e+04	1.282630641153247097e+00
2.783261633589999838e+04	1.318920016414026009e+00
2.783281133589999808e+04	1.269746407069993310e+00
2.783300733589999800e+04	1.245239784218036050e+00
2.783320233590000134e+04	1.257961492945929294e+00
2.783339733590000105e+04	1.266895998499428799e+00
2.783359233590000076e+04	1.296544814437098125e+00
2.783378833590000067e+04	1.278370683597342961e+00
2.783398333590000038e+04	1.285040509098127615e+00
2.783417833590000009e+04	1.257544159581030385e+00
2.783437433590000001e+04	1.268552113874452658e+00
2.783456933589999971e+04	1.232709174302577537e+00
2.783476433589999942e+04	1.290731496299324377e+00
2.783496033589999934e+04	1.262726776001560580e+00
2.783515533589999905e+04	1.256567849553874794e+00
2.783535033589999875e+04	1.257721089089429256e+00
2.783554633589999867e+04	1.260186609611281483e+00
2.783574133589999838e+04	1.251504693153046688e+00
2.783593633589999808e+04	1.301002089021764618e+00
2.783613233589999800e+04	1.281936078234513943e+00
2.783632733590000134e+04	1.260339561895406746e+00
2.783652233590000105e+04	1.262568565526990483e+00
2.783671733590000076e+04	1.293462702176196188e+00
2.783691333590000067e+04	1.214365583823177275e+00
2.783710833590000038e+04	1.305979835257232935e+00
2.783730333590000009e+04	1.255825755332644178e+00
2.783749933590000001e+04	1.255197013350720425e+00
2.783769433589999971e+04	1.297996424311984143e+00
2.783788933589999942e+04	1.282352086108978995e+00
2.783808533589999934e+04	1.259450887194217827e+00
2.783828033589999905e+04	1.232750701384787817e+00
2.783847533589999875e+04	1.242537328477306247e+00
2.783867133589999867e+04	1.256906165230597949e+00
2.783886633589999838e+04	1.208528899243512811e+00
2.783906133589999808e+04	1.189518438385903210e+00
2.783925733589999800e+04	1.211884965383360324e+00
2.783945233590000134e+04	1.230269866911616106e+00
2.783964733590000105e+04	1.209586394182565527e+00
2.783984233590000076e+04	1.272485233522715475e+00
2.784003833590000067e+04	1.214726359796374666e+00
2.784023333590000038e+04	1.243650641806762991e+00
2.784042833590000009e+04	1.214420936602159884e+00
2.784062433590000001e+04	1.223044532031934750e+00
2.784081933589999971e+04	1.202519612191261800e+00
2.784101433589999942e+04	1.213102914069315474e+00
2.784121033589999934e+04	1.239202351856238948e+00
2.784140533589999905e+04	1.238946009010062355e+00
2.784160033589999875e+04	1.221948063671142393e+00
2.784179633589999867e+04	1.256952924652432912e+00
2.784199133589999838e+04	1.181969489569148379e+00
2.784218633589999808e+04	1.210898431950788279e+00
2.784238233589999800e+04	1.245654204922036712e+00
2.784257733590000134e+04	1.253141145945114943e+00
2.784277233590000105e+04	1.269946120218335750e+00
2.784296733590000076e+04	1.263636242143773458e+00
2.784316333590000067e+04	1.257267274301723248e+00
2.784335833590000038e+04	1.268676952296329929e+00
2.784355333590000009e+04	1.275209179286626693e+00
2.784374933590000001e+04	1.258085314725811088e+00
2.784394433589999971e+04	1.236554325670420340e+00
2.784413933589999942e+04	1.293993837266317115e+00
2.784433533589999934e+04	1.273088497349576187e+00
2.784453033589999905e+04	1.279158871885822890e+00
2.784472533589999875e+04	1.247837731906024317e+00
2.784492133589999867e+04	1.236255448862365824e+00
2.784511633589999838e+04	1.252916341625970986e+00
2.784531133589999808e+04	1.242466475419114147e+00
2.784550733589999800e+04	1.211792163304629355e+00
2.784570233590000134e+04	1.261335470615653875e+00
2.784589733590000105e+04	1.212649314576076165e+00
2.784609233590000076e+04	1.197048216106836094e+00
2.784628833590000067e+04	1.199385560381911020e+00
2.784648333590000038e+04	1.255897551735117190e+00
2.784667833590000009e+04	1.237937789580493941e+00
2.784687433590000001e+04	1.245601161625454978e+00
2.784706933589999971e+04	1.200047069829288660e+00
2.784726433589999942e+04	1.250786227636799808e+00
2.784746033589999934e+04	1.222403543853440411e+00
2.784765533589999905e+04	1.202301583610660529e+00
2.784785033589999875e+04	1.248458352590489540e+00
2.784804633589999867e+04	1.243837068564531023e+00
2.784824133589999838e+04	1.247706611508490937e+00
2.784843633589999808e+04	1.215570955270628417e+00
2.784863233589999800e+04	1.235335618290120507e+00
2.784882733590000134e+04	1.208329740161923738e+00
2.784902233590000105e+04	1.219741273357069389e+00
2.784921733590000076e+04	1.254693256595922790e+00
2.784941333590000067e+04	1.228146209231370634e+00
2.784960833590000038e+04	1.266729504736057166e+00
2.784980333590000009e+04	1.256906165230597949e+00
2.784999933590000001e+04	1.233017493244281226e+00
2.785019433589999971e+04	1.212930844671367581e+00
2.785038933589999942e+04	1.231981812020064737e+00
2.785058533589999934e+04	1.241747913178947726e+00
2.785078033589999905e+04	1.239022062152294268e+00
2.785097533589999875e+04	1.201727781556471086e+00
2.785117133589999867e+04	1.233115402683166550e+00
2.785136633589999838e+04	1.205769012174398469e+00
2.785156133589999808e+04	1.205765965763243130e+00
2.785175733589999800e+04	1.209766908961164233e+00
2.785195233590000134e+04	1.263868273284764143e+00
2.785214733590000105e+04	1.212195706367879211e+00
2.785234233590000076e+04	1.242546721859183023e+00
2.785253833590000067e+04	1.220404272340456231e+00
2.785273333590000038e+04	1.233234164317988046e+00
2.785292833590000009e+04	1.249180913706426921e+00
2.785312433590000001e+04	1.229954172345809837e+00
2.785331933589999971e+04	1.229493556816523281e+00
2.785351433589999942e+04	1.221329968285992607e+00
2.785371033589999934e+04	1.270507899299474275e+00
2.785390533589999905e+04	1.267398421814064591e+00
2.785410033589999875e+04	1.216772055918383444e+00
2.785429633589999867e+04	1.232504849253244217e+00
2.785449133589999838e+04	1.248131363819307893e+00
2.785468633589999808e+04	1.240791794219058275e+00
2.785488233589999800e+04	1.244688851906674998e+00
2.785507733590000134e+04	1.284995859353321279e+00
2.785527233590000105e+04	1.205576101892562590e+00
2.785546733590000076e+04	1.228009697824372637e+00
2.785566333590000067e+04	1.211997563554747970e+00
2.785585833590000038e+04	1.225854503221109226e+00
2.785605333590000009e+04	1.244745117544127311e+00
2.785624933590000001e+04	1.214998550333563188e+00
2.785644433589999971e+04	1.235991825634798147e+00
2.785663933589999942e+04	1.261100285846797675e+00
2.785683533589999934e+04	1.209101461048817328e+00
2.785703033589999905e+04	1.283669276748378607e+00
2.785722533589999875e+04	1.273468209686875241e+00
2.785742133589999867e+04	1.262002485103536742e+00
2.785761633589999838e+04	1.226501753689328567e+00
2.785781133589999808e+04	1.268287958237275248e+00
2.785800733589999800e+04	1.226943538935930889e+00
2.785820233590000134e+04	1.260997218577104562e+00
2.785839733590000105e+04	1.242820559660572144e+00
2.785859233590000076e+04	1.251033051719014466e+00
2.785878833590000067e+04	1.272555013497651544e+00
2.785898333590000038e+04	1.273322579562039536e+00
2.785917833590000009e+04	1.263522728387220795e+00
2.785937433590000001e+04	1.286840001828558400e+00
2.785956933589999971e+04	1.215467778313378489e+00
2.785976433589999942e+04	1.207548407545285585e+00
2.785996033589999934e+04	1.241204145966005257e+00
2.786015533589999905e+04	1.211143523919480103e+00
2.786035033589999875e+04	1.253119237901774596e+00
2.786054633589999867e+04	1.259010604885871132e+00
2.786074133589999838e+04	1.277654109625139256e+00
2.786093633589999808e+04	1.228843345002335496e+00
2.786113233589999800e+04	1.195204474725059640e+00
2.786132733590000134e+04	1.225987893774513893e+00
2.786152233590000105e+04	1.286563461114830886e+00
2.786171733590000076e+04	1.251454703543267044e+00
2.786191333590000067e+04	1.243673542677960597e+00
2.786210833590000038e+04	1.267940422843246040e+00
2.786230333590000009e+04	1.224106659190841384e+00
2.786249933590000001e+04	1.214039286405954599e+00
2.786269433589999971e+04	1.263523800960710375e+00
2.786288933589999942e+04	1.230635591142332785e+00
2.786308533589999934e+04	1.239779359114024260e+00
2.786328033589999905e+04	1.259189579519901514e+00
2.786347533589999875e+04	1.202884691301402853e+00
2.786367133589999867e+04	1.245307498178938488e+00
2.786386633589999838e+04	1.241263551220923134e+00
2.786406133589999808e+04	1.243418411402743118e+00
2.786425733589999800e+04	1.230047887618237468e+00
2.786445233590000134e+04	1.216359187263009289e+00
2.786464733590000105e+04	1.214394872445701878e+00
2.786484233590000076e+04	1.273139513175289395e+00
2.786503833590000067e+04	1.212281161661035611e+00
2.786523333590000038e+04	1.216961829782263749e+00
2.786542833590000009e+04	1.219526448378298156e+00
2.786562433590000001e+04	1.276589212860592681e+00
2.786581933589999971e+04	1.226145275752848818e+00
2.786601433589999942e+04	1.276418767731346549e+00
2.786621033589999934e+04	1.244294183595687997e+00
2.786640533589999905e+04	1.244512897925446282e+00
2.786660033589999875e+04	1.262026351393405577e+00
