# time(sec)	crack length FEA(mm)
5.749804735899999287e+03	1.568346197353029936e-01
5.750000035899999602e+03	1.544016301427006965e-01
5.750195335899999918e+03	1.675732675834069596e-01
5.750390635899999324e+03	1.325094675736622207e-01
5.750585935899999640e+03	1.402390606503942649e-01
5.750781235899999956e+03	1.257991840108534376e-01
5.750976535899999362e+03	1.280572131924841983e-01
5.751171835899999678e+03	9.675476838904906174e-02
5.751367235899999287e+03	1.358230703045553156e-01
5.751562535899999602e+03	1.857704811049067928e-01
5.751757835899999918e+03	1.388354408320005007e-01
5.751953135899999324e+03	1.512418986509107555e-01
5.752148435899999640e+03	1.562302042035881300e-01
5.752343735899999956e+03	1.716854775991745186e-01
5.752539035899999362e+03	1.740688906704317418e-01
5.752734335899999678e+03	1.662920202411282133e-01
5.752929735899999287e+03	1.426854044024530310e-01
5.753125035899999602e+03	1.165533794018323022e-01
5.753320335899999918e+03	1.361881828194029254e-01
5.753515635899999324e+03	1.411751380147201473e-01
5.753710935899999640e+03	1.963358202698479715e-01
5.753906235899999956e+03	1.361609385948270301e-01
5.754101535899999362e+03	1.236805195816952363e-01
5.754296835899999678e+03	1.436039444309464841e-01
5.754492235899999287e+03	9.207127411862359168e-02
5.754687535899999602e+03	1.240567209570127005e-01
5.754882835899999918e+03	1.537873699108907033e-01
5.755078135899999324e+03	1.821142558895942898e-01
5.755273435899999640e+03	1.922526814226905856e-01
5.755468735899999956e+03	1.528245367605070015e-01
5.755664035899999362e+03	1.384801682164784609e-01
5.755859335899999678e+03	1.162959579331719340e-01
5.756054735899999287e+03	1.230207883549301329e-01
5.756250035899999602e+03	1.380028343973211946e-01
5.756445335899999918e+03	1.558708183773322986e-01
5.756640635899999324e+03	1.596931204710365648e-01
5.756835935899999640e+03	1.354274212072041905e-01
5.757031235899999956e+03	1.233337532725578001e-01
5.757226535899999362e+03	8.462064051277629062e-02
5.757421835899999678e+03	1.298113949262820199e-01
5.757617235899999287e+03	1.180542306803982200e-01
5.757812535899999602e+03	1.535107200851548725e-01
5.758007835899999918e+03	1.628757481393918738e-01
5.758203135899999324e+03	1.370829846896963744e-01
5.758398435899999640e+03	1.086462820337157353e-01
5.758593735899999956e+03	9.562055237182853773e-02
5.758789035899999362e+03	9.405067538434686014e-02
5.758984335899999678e+03	1.195397217306535254e-01
5.759179735899999287e+03	1.379559608484512978e-01
5.759375035899999602e+03	1.513932982746055700e-01
5.759570335899999918e+03	1.449615321695958414e-01
5.759765635899999324e+03	1.465249605687883871e-01
5.759960935899999640e+03	1.157821986781737422e-01
5.760156235899999956e+03	1.137946910663032440e-01
5.760351535899999362e+03	1.346470120282532434e-01
5.760546835899999678e+03	1.279525557144385317e-01
5.760742235899999287e+03	1.331329754579346769e-01
5.760937535899999602e+03	1.407272570302531278e-01
5.761132835899999918e+03	1.021544497042530253e-01
5.761328135899999324e+03	1.070914076393574277e-01
5.761523435899999640e+03	1.194950059448700586e-01
5.761718735899999956e+03	1.456185066501962666e-01
5.761914035899999362e+03	1.569914392893885235e-01
5.762109335899999678e+03	1.010761348910449442e-01
5.762304735899999287e+03	1.571438893320831198e-01
5.762500035899999602e+03	1.252147391492144379e-01
5.762695335899999918e+03	1.190282069892525385e-01
5.762890635899999324e+03	1.498399888666330781e-01
5.763085935899999640e+03	1.296980168658645738e-01
5.763281235899999956e+03	1.578963785962823607e-01
5.763476535899999362e+03	1.149553644944347752e-01
5.763671835899999678e+03	1.316853598318914464e-01
5.763867235899999287e+03	1.004801999760136511e-01
5.764062535899999602e+03	1.176855753123184911e-01
5.764257835899999918e+03	8.334278991759447308e-02
5.764453135899999324e+03	1.275862183284388607e-01
5.764648435899999640e+03	1.535183450705108754e-01
5.764843735899999956e+03	1.414072283550478204e-01
5.765039035899999362e+03	1.209422374530628730e-01
5.765234335899999678e+03	1.228648430505963063e-01
5.765429735899999287e+03	1.484728488109361422e-01
5.765625035899999602e+03	1.053585630747715385e-01
5.765820335899999918e+03	1.518921685867837823e-01
5.766015635899999324e+03	1.627048058766327188e-01
5.766210935899999640e+03	1.350829985320594062e-01
5.766406235899999956e+03	9.286611048186088624e-02
5.766601535899999362e+03	1.262342282999959764e-01
5.766796835899999678e+03	1.365653016419763333e-01
5.766992235899999287e+03	1.433544281144172317e-01
5.767187535899999602e+03	1.308317931696620917e-01
5.767382835899999918e+03	1.175437725357397767e-01
5.767578135899999324e+03	1.632655216934093545e-01
5.767773435899999640e+03	1.128750575764208008e-01
5.767968735899999956e+03	1.225824004849513926e-01
5.768164035899999362e+03	1.035775805365712898e-01
5.768359335899999678e+03	1.543558911622167074e-01
5.768554735899999287e+03	1.338044353780034612e-01
5.768750035899999602e+03	1.400538105075526119e-01
5.768945335899999918e+03	1.568563971693688330e-01
5.769140635899999324e+03	1.269036904454505787e-01
5.769335935899999640e+03	1.334621720880591056e-01
5.769531235899999956e+03	1.571112235483322905e-01
5.769726535899999362e+03	1.275273468615889527e-01
5.769921835899999678e+03	1.346949684798737223e-01
5.770117235899999287e+03	1.433468000398558928e-01
5.770312535899999602e+03	1.222836085404956918e-01
5.770507835899999918e+03	1.205997988819991207e-01
5.770703135899999324e+03	1.148768244020743623e-01
5.770898435899999640e+03	1.084793434491722053e-01
5.771093735899999956e+03	1.350677373533493153e-01
5.771289035899999362e+03	1.499216769209219535e-01
5.771484335899999678e+03	1.564033609056458829e-01
5.771679735899999287e+03	1.344878712298687162e-01
5.771875035899999602e+03	1.356181544545478346e-01
5.772070335899999918e+03	1.676385905546275978e-01
5.772265635899999324e+03	1.462013912170441188e-01
5.772460935899999640e+03	1.383003534785274269e-01
5.772656235899999956e+03	1.419444491202614955e-01
5.772851535899999362e+03	1.169689548177554883e-01
5.773046835899999678e+03	1.158302005210298802e-01
5.773242235899999287e+03	1.331743991519971360e-01
5.773437535899999602e+03	1.517331464479614311e-01
5.773632835899999918e+03	9.662377365389218653e-02
5.773828135899999324e+03	1.865221019340150832e-01
5.774023435899999640e+03	1.687466987871033552e-01
5.774218735899999956e+03	1.668940051903522459e-01
5.774414035899999362e+03	1.371952434345544702e-01
5.774609335899999678e+03	8.961563230336189179e-02
5.774804735899999287e+03	1.603540678925767793e-01
5.775000035899999602e+03	1.559535813192027831e-01
5.775195335899999918e+03	1.375843301758585824e-01
5.775390635899999324e+03	1.657912574672195660e-01
5.775585935899999640e+03	1.625349660370147831e-01
5.775781235899999956e+03	1.294581766146372104e-01
5.775976535899999362e+03	1.289948310908872742e-01
5.776171835899999678e+03	1.436072202579090629e-01
5.776367235899999287e+03	1.237295835368694696e-01
5.776562535899999602e+03	1.402739294607435738e-01
5.776757835899999918e+03	1.251449596510099127e-01
5.776953135899999324e+03	1.730350208088431430e-01
5.777148435899999640e+03	1.280114261848215307e-01
5.777343735899999956e+03	1.136637841077288158e-01
5.777539035899999362e+03	1.533342782122488757e-01
5.777734335899999678e+03	1.599849387997274164e-01
5.777929735899999287e+03	1.440833524799263188e-01
5.778125035899999602e+03	1.380900187782287958e-01
5.778320335899999918e+03	1.293055395916837824e-01
5.778515635899999324e+03	1.376747832495119894e-01
5.778710935899999640e+03	1.324255317374873897e-01
5.778906235899999956e+03	1.817193271050925318e-01
5.779101535899999362e+03	1.684212467486805309e-01
5.779296835899999678e+03	1.083211334530975734e-01
5.779492235899999287e+03	1.529465208732094794e-01
5.779687535899999602e+03	1.722046239821839464e-01
5.779882835899999918e+03	1.749612578635773019e-01
5.780078135899999324e+03	1.161454372051693440e-01
5.780273435899999640e+03	1.286197900041674558e-01
5.780468735899999956e+03	1.267008934113000862e-01
5.780664035899999362e+03	1.130016046070192459e-01
5.780859335899999678e+03	1.255854664117972419e-01
5.781054735899999287e+03	1.421536564031988803e-01
5.781250035899999602e+03	1.025222434834187624e-01
5.781445335899999918e+03	1.379603233593851286e-01
5.781640635899999324e+03	8.402431586513436912e-02
5.781835935899999640e+03	1.260913966604064740e-01
5.782031235899999956e+03	1.350295937286958292e-01
5.782226535899999362e+03	1.261568183351293726e-01
5.782421835899999678e+03	1.361620246194661377e-01
5.782617235899999287e+03	1.656595356801453534e-01
5.782812535899999602e+03	1.213631923667222168e-01
5.783007835899999918e+03	1.433053931259742342e-01
5.783203135899999324e+03	1.276941552363020094e-01
5.783398435899999640e+03	9.831355789996543137e-02
5.783593735899999956e+03	1.275753169090965145e-01
5.783789035899999362e+03	1.471285244111051327e-01
5.783984335899999678e+03	1.371603703480559489e-01
5.784179735899999287e+03	1.262789414607983218e-01
5.784375035899999602e+03	9.974345879412815918e-02
5.784570335899999918e+03	9.405067538434686014e-02
5.784765635899999324e+03	1.090685385239087424e-01
5.784960935899999640e+03	1.099806720942346772e-01
5.785156235899999956e+03	9.866613016160030725e-02
5.785351535899999362e+03	1.376791458093080678e-01
5.785546835899999678e+03	1.205627106142372895e-01
5.785742235899999287e+03	1.325007500205099831e-01
5.785937535899999602e+03	1.297710613509810429e-01
5.786132835899999918e+03	1.288858040673179772e-01
5.786328135899999324e+03	1.261568183351293726e-01
5.786523435899999640e+03	1.144699400859572336e-01
5.786718735899999956e+03	1.505469419781064744e-01
5.786914035899999362e+03	1.559851634436384415e-01
5.787109335899999678e+03	1.525108445649703270e-01
5.787304735899999287e+03	1.452818606171728533e-01
5.787500035899999602e+03	1.665326027538576170e-01
5.787695335899999918e+03	1.348617292584854965e-01
5.787890635899999324e+03	1.495415023849222536e-01
5.788085935899999640e+03	1.433827596053998121e-01
5.788281235899999956e+03	1.442849235056957724e-01
5.788476535899999362e+03	1.405103995618262047e-01
5.788671835899999678e+03	1.248636292278177962e-01
5.788867235899999287e+03	1.078923137504936847e-01
5.789062535899999602e+03	1.284900550333833991e-01
5.789257835899999918e+03	1.302245785678053380e-01
5.789453135899999324e+03	7.808327955048710578e-02
5.789648435899999640e+03	1.447545195955779462e-01
5.789843735899999956e+03	1.289534005030752439e-01
5.790039035899999362e+03	1.433097640669913631e-01
5.790234335899999678e+03	1.061006017594916528e-01
5.790429735899999287e+03	1.467722742346477816e-01
5.790625035899999602e+03	1.000588962481394617e-01
5.790820335899999918e+03	1.603889181122948315e-01
5.791015635899999324e+03	1.268960573719333240e-01
5.791210935899999640e+03	1.316526515323275248e-01
5.791406235899999956e+03	1.526045185101594370e-01
5.791601535899999362e+03	1.130343353180851551e-01
5.791796835899999678e+03	1.307347604320661105e-01
5.791992235899999287e+03	1.283755752823019236e-01
5.792187535899999602e+03	1.677224086725797036e-01
5.792382835899999918e+03	1.528888035064852602e-01
5.792578135899999324e+03	1.691755668155892067e-01
5.792773435899999640e+03	1.580586356073077070e-01
5.792968735899999956e+03	1.194066608838681987e-01
5.793164035899999362e+03	1.324211682648837041e-01
5.793359335899999678e+03	1.480970130717196298e-01
5.793554735899999287e+03	1.458810745061622782e-01
5.793750035899999602e+03	1.671084559723912122e-01
5.793945335899999918e+03	1.683330737361909968e-01
5.794140635899999324e+03	1.579127109821616415e-01
5.794335935899999640e+03	1.667220243241516187e-01
5.794531235899999956e+03	1.424652972343878332e-01
5.794726535899999362e+03	1.525544162787522140e-01
5.794921835899999678e+03	1.327045864086819904e-01
5.795117235899999287e+03	1.486918084562063314e-01
5.795312535899999602e+03	1.607602018264095989e-01
5.795507835899999918e+03	1.502081725102790699e-01
5.795703135899999324e+03	1.639339874209451153e-01
5.795898435899999640e+03	1.977351404873566310e-01
5.796093735899999956e+03	1.426570814841845447e-01
5.796289035899999362e+03	1.357860045057357468e-01
5.796484335899999678e+03	1.691157082451955063e-01
5.796679735899999287e+03	1.204623780975033753e-01
5.796875035899999602e+03	9.192824268070864946e-02
5.797070335899999918e+03	1.439406223305361721e-01
5.797265635899999324e+03	1.436366278053817780e-01
5.797460935899999640e+03	1.673109267217842699e-01
5.797656235899999956e+03	1.431506688113852732e-01
5.797851535899999362e+03	1.558228930177918414e-01
5.798046835899999678e+03	1.948331172479882412e-01
5.798242235899999287e+03	1.655245402354470485e-01
5.798437535899999602e+03	1.758383568829646748e-01
5.798632835899999918e+03	1.547207435151509713e-01
5.798828135899999324e+03	1.362372317114015630e-01
5.799023435899999640e+03	1.571123086666901258e-01
5.799218735899999956e+03	1.046601536159901258e-01
5.799414035899999362e+03	1.633428172861215444e-01
5.799609335899999678e+03	1.617608334466389408e-01
5.799804735899999287e+03	1.604041451925564132e-01
5.800000035899999602e+03	1.663007260618378780e-01
5.800195335899999918e+03	1.696403494446112603e-01
5.800390635899999324e+03	1.341314416185852565e-01
5.800585935899999640e+03	1.996670800326363349e-01
5.800781235899999956e+03	1.729153032634638265e-01
5.800976535899999362e+03	2.092343923794679483e-01
5.801171835899999678e+03	1.571536928006960210e-01
5.801367235899999287e+03	1.799818468489355894e-01
5.801562535899999602e+03	1.601362856586732164e-01
5.801757835899999918e+03	1.466916614960886989e-01
5.801953135899999324e+03	1.349794470392495782e-01
5.802148435899999640e+03	1.626939197011552096e-01
5.802343735899999956e+03	1.882406576770314643e-01
5.802539035899999362e+03	1.373456512038035982e-01
5.802734335899999678e+03	1.485327660318347398e-01
5.802929735899999287e+03	1.601689568556707854e-01
5.803125035899999602e+03	1.846620136488681396e-01
5.803320335899999918e+03	1.583875054410537331e-01
5.803515635899999324e+03	1.892260479130349893e-01
5.803710935899999640e+03	1.671008351183633778e-01
5.803906235899999956e+03	1.660721201193382512e-01
5.804101535899999362e+03	1.614690451375473401e-01
5.804296835899999678e+03	1.559383421815496717e-01
5.804492235899999287e+03	2.042968464099796932e-01
5.804687535899999602e+03	1.602821973455661464e-01
5.804882835899999918e+03	1.882036692858086724e-01
5.805078135899999324e+03	1.779395642249319565e-01
5.805273435899999640e+03	1.662724204446561771e-01
5.805468735899999956e+03	1.609246195685631875e-01
5.805664035899999362e+03	1.567104655489401921e-01
5.805859335899999678e+03	1.622507903624175185e-01
5.806054735899999287e+03	1.703815715476260095e-01
5.806250035899999602e+03	1.460325251963325854e-01
5.806445335899999918e+03	1.709225195109169704e-01
5.806640635899999324e+03	1.466371770954388865e-01
5.806835935899999640e+03	1.369325847089477577e-01
5.807031235899999956e+03	1.624881382974052713e-01
5.807226535899999362e+03	1.303096080374093191e-01
5.807421835899999678e+03	1.364726538246934240e-01
5.807617235899999287e+03	1.464476224920154834e-01
5.807812535899999602e+03	1.502179693327683196e-01
5.808007835899999918e+03	1.766098675465421763e-01
5.808203135899999324e+03	1.860010751158611697e-01
5.808398435899999640e+03	1.678617495955432304e-01
5.808593735899999956e+03	1.690188234520224597e-01
5.808789035899999362e+03	1.474825797442207431e-01
5.808984335899999678e+03	1.701181755231750969e-01
5.809179735899999287e+03	1.669146985458436205e-01
5.809375035899999602e+03	1.319240926092071220e-01
5.809570335899999918e+03	1.907529935614871164e-01
5.809765635899999324e+03	1.746391396038653454e-01
5.809960935899999640e+03	1.633275732860930418e-01
5.810156235899999956e+03	1.790439551730056422e-01
5.810351535899999362e+03	1.554515268457699051e-01
5.810546835899999678e+03	1.794976665604721688e-01
5.810742235899999287e+03	1.928942843771590532e-01
5.810937535899999602e+03	1.934303841150537551e-01
5.811132835899999918e+03	1.417646404742463062e-01
5.811328135899999324e+03	1.546543110131164411e-01
5.811523435899999640e+03	1.760135561421893868e-01
5.811718735899999956e+03	1.693856316795834260e-01
5.811914035899999362e+03	1.937979278790713522e-01
5.812109335899999678e+03	1.979732357739294457e-01
5.812304735899999287e+03	2.025565720376061307e-01
5.812500035899999602e+03	1.543765761563591354e-01
5.812695335899999918e+03	1.337226854933177833e-01
5.812890635899999324e+03	1.668352352195370258e-01
5.813085935899999640e+03	1.451881593305603957e-01
5.813281235899999956e+03	1.436911093610078183e-01
5.813476535899999362e+03	1.612011876261103538e-01
5.813671835899999678e+03	1.477603815704426893e-01
5.813867235899999287e+03	1.647951351906229434e-01
5.814062535899999602e+03	1.443339565804890867e-01
5.814257835899999918e+03	1.415478013277553515e-01
5.814453135899999324e+03	1.706460586860103490e-01
5.814648435899999640e+03	1.592401354485843967e-01
5.814843735899999956e+03	1.869495725951075826e-01
5.815039035899999362e+03	2.276836732034936972e-01
5.815234335899999678e+03	1.564480110056098994e-01
5.815429735899999287e+03	1.647178440754597517e-01
5.815625035899999602e+03	1.548830304266921587e-01
5.815820335899999918e+03	1.459627941665360140e-01
5.816015635899999324e+03	1.663638735623926834e-01
5.816210935899999640e+03	1.472854046490645885e-01
5.816406235899999956e+03	1.874553503497740081e-01
5.816601535899999362e+03	1.588437609954578278e-01
5.816796835899999678e+03	1.765130210715106784e-01
5.816992235899999287e+03	1.430798440488789680e-01
5.817187535899999602e+03	1.646263943042676203e-01
5.817382835899999918e+03	1.739654999949546976e-01
5.817578135899999324e+03	1.446314006335054358e-01
5.817773435899999640e+03	1.302158508570592232e-01
5.817968735899999956e+03	1.586042084550332021e-01
5.818164035899999362e+03	1.258864107651458397e-01
5.818359335899999678e+03	1.761245377846432092e-01
5.818554735899999287e+03	1.627255026903391411e-01
5.818750035899999602e+03	1.223326752233138137e-01
5.818945335899999918e+03	1.831238191902215817e-01
5.819140635899999324e+03	1.524476715271028127e-01
5.819335935899999640e+03	1.560243697519130279e-01
5.819531235899999956e+03	1.557423093549736848e-01
5.819726535899999362e+03	1.646721239073869469e-01
5.819921835899999678e+03	2.045446735336007293e-01
5.820117235899999287e+03	1.698808904714415036e-01
5.820312535899999602e+03	1.521209038294344396e-01
5.820507835899999918e+03	1.707657870727015137e-01
5.820703135899999324e+03	1.612915556010836582e-01
5.820898435899999640e+03	1.554874690674257209e-01
5.821093735899999956e+03	1.934064620112447841e-01
5.821289035899999362e+03	1.476100455533533307e-01
5.821484335899999678e+03	1.798175540847175569e-01
5.821679735899999287e+03	1.964423688717769068e-01
5.821875035899999602e+03	1.863970202334641613e-01
5.822070335899999918e+03	1.491395379731752513e-01
5.822265635899999324e+03	1.625382206879244507e-01
5.822460935899999640e+03	1.680729194654606573e-01
5.822656235899999956e+03	1.721099294174326388e-01
5.822851535899999362e+03	1.724222920451587981e-01
5.823046835899999678e+03	2.025250579132720219e-01
5.823242235899999287e+03	1.566505678566443294e-01
5.823437535899999602e+03	1.365391438349057296e-01
5.823632835899999918e+03	1.372431950196393302e-01
5.823828135899999324e+03	1.538298447915042999e-01
5.824023435899999640e+03	1.440572025054187577e-01
5.824218735899999956e+03	1.502332213028552133e-01
5.824414035899999362e+03	1.762692721383807282e-01
5.824609335899999678e+03	1.763987696043258779e-01
5.824804735899999287e+03	1.217121685366748807e-01
5.825000035899999602e+03	1.614320172033778533e-01
5.825195335899999918e+03	1.534214093479135954e-01
5.825390635899999324e+03	1.557869512767862119e-01
5.825585935899999640e+03	1.277508535355647012e-01
5.825781235899999956e+03	1.651282744704225536e-01
5.825976535899999362e+03	1.827234769307111151e-01
5.826171835899999678e+03	1.105851099325825260e-01
5.826367235899999287e+03	1.120481268371147365e-01
5.826562535899999602e+03	1.556715201262086623e-01
5.826757835899999918e+03	1.471306955115245785e-01
5.826953135899999324e+03	1.478290220854745485e-01
5.827148435899999640e+03	1.970893093915488947e-01
5.827343735899999956e+03	1.422059602914949039e-01
5.827539035899999362e+03	1.514967820724031355e-01
5.827734335899999678e+03	1.480545284844403398e-01
5.827929735899999287e+03	1.593773347742910573e-01
5.828125035899999602e+03	1.744813460434819774e-01
5.828320335899999918e+03	1.025953669785728550e-01
5.828515635899999324e+03	1.785945816692837695e-01
5.828710935899999640e+03	1.529029591964974344e-01
5.828906235899999956e+03	1.517995960427835911e-01
5.829101535899999362e+03	1.432835945672383815e-01
5.829296835899999678e+03	1.738610244992919718e-01
5.829492235899999287e+03	1.673936706126148977e-01
5.829687535899999602e+03	1.455956338426211971e-01
5.829882835899999918e+03	1.299836383234076465e-01
5.830078135899999324e+03	1.807913134051037929e-01
5.830273435899999640e+03	1.654842546709609508e-01
5.830468735899999956e+03	1.381205280911697031e-01
5.830664035899999362e+03	1.663660523493675214e-01
5.830859335899999678e+03	9.603210776144877059e-02
5.831054735899999287e+03	1.514782654278228335e-01
5.831250035899999602e+03	1.256803367194869736e-01
5.831445335899999918e+03	1.395884793339678964e-01
5.831640635899999324e+03	1.621288421435487237e-01
5.831835935899999640e+03	1.381347014752414282e-01
5.832031235899999956e+03	1.703641627377923129e-01
5.832226535899999362e+03	1.653133488961522346e-01
5.832421835899999678e+03	1.378328085370288392e-01
5.832617235899999287e+03	1.336670961687822512e-01
5.832812535899999602e+03	1.536501306475468454e-01
5.833007835899999918e+03	1.753943755543492244e-01
5.833203135899999324e+03	1.360977243901206890e-01
5.833398435899999640e+03	1.619198013712086492e-01
5.833593735899999956e+03	1.831727670192968560e-01
5.833789035899999362e+03	1.575097955876145761e-01
5.833984335899999678e+03	1.622889019818458678e-01
5.834179735899999287e+03	1.563118901614188871e-01
5.834375035899999602e+03	1.659665269786518849e-01
5.834570335899999918e+03	1.636280560680596352e-01
5.834765635899999324e+03	1.300010845386605496e-01
5.834960935899999640e+03	1.872758865142927220e-01
5.835156235899999956e+03	1.101268689495444875e-01
5.835351535899999362e+03	1.631784154005018195e-01
5.835546835899999678e+03	1.438817891946886363e-01
5.835742235899999287e+03	1.521633908880595243e-01
5.835937535899999602e+03	1.360323379659167387e-01
5.836132835899999918e+03	1.483029032177913820e-01
5.836328135899999324e+03	1.875934884161445382e-01
5.836523435899999640e+03	1.478388198369291473e-01
5.836718735899999956e+03	1.758481530431197370e-01
5.836914035899999362e+03	1.505643739084590038e-01
5.837109335899999678e+03	1.622420831352222592e-01
5.837304735899999287e+03	1.647113166358238345e-01
5.837500035899999602e+03	1.834392964556545991e-01
5.837695335899999918e+03	1.553578635316270606e-01
5.837890635899999324e+03	1.542676780310010543e-01
5.838085935899999640e+03	1.590593750328501699e-01
5.838281235899999956e+03	1.764673224166095622e-01
5.838476535899999362e+03	1.914740297534844871e-01
5.838671835899999678e+03	1.628256570707424800e-01
5.838867235899999287e+03	1.627189653795859670e-01
5.839062535899999602e+03	1.882319594772887683e-01
5.839257835899999918e+03	1.282589222767711590e-01
5.839453135899999324e+03	1.255505772017340149e-01
5.839648435899999640e+03	1.790624514679066692e-01
5.839843735899999956e+03	1.686824820217491805e-01
5.840039035899999362e+03	1.696653881836560629e-01
5.840234335899999678e+03	1.379635905612897062e-01
5.840429735899999287e+03	1.433173734335824179e-01
5.840625035899999602e+03	1.714384095061625146e-01
5.840820335899999918e+03	1.390969937538866219e-01
5.841015635899999324e+03	1.503094810142275861e-01
5.841210935899999640e+03	1.810132525596621633e-01
5.841406235899999956e+03	1.835132685710423317e-01
5.841601535899999362e+03	1.825548473904419211e-01
5.841796835899999678e+03	1.847294692701506591e-01
5.841992235899999287e+03	1.808652839961926162e-01
5.842187535899999602e+03	1.574803949422047822e-01
5.842382835899999918e+03	1.841779425190246400e-01
5.842578135899999324e+03	1.673087573675964279e-01
5.842773435899999640e+03	1.726236260748663653e-01
5.842968735899999956e+03	1.985342459561678652e-01
5.843164035899999362e+03	1.780037572709609606e-01
5.843359335899999678e+03	1.544920413326789088e-01
5.843554735899999287e+03	1.373979651102885668e-01
5.843750035899999602e+03	1.895664671590164829e-01
5.843945335899999918e+03	1.962771006632344495e-01
5.844140635899999324e+03	1.714101190397077090e-01
5.844335935899999640e+03	2.195106691965076351e-01
5.844531235899999956e+03	1.619720640658464106e-01
5.844726535899999362e+03	1.380126359851541196e-01
5.844921835899999678e+03	1.355451363360842265e-01
5.845117235899999287e+03	1.571144976121967574e-01
5.845312535899999602e+03	1.504598008585649183e-01
5.845507835899999918e+03	1.634386298225329881e-01
5.845703135899999324e+03	1.491319210143160490e-01
5.845898435899999640e+03	1.404602825393457266e-01
5.846093735899999956e+03	1.652284286039602534e-01
5.846289035899999362e+03	1.368028926732023365e-01
5.846484335899999678e+03	2.029348598189528730e-01
5.846679735899999287e+03	1.678922133715019527e-01
5.846875035899999602e+03	1.807739024812153872e-01
5.847070335899999918e+03	1.822807016479863762e-01
5.847265635899999324e+03	1.979384471436809179e-01
5.847460935899999640e+03	1.630629995638663843e-01
5.847656235899999956e+03	1.529399810129117299e-01
5.847851535899999362e+03	1.326511765471316551e-01
5.848046835899999678e+03	1.391318641505350229e-01
5.848242235899999287e+03	1.780124590238578719e-01
5.848437535899999602e+03	2.010803518052757255e-01
5.848632835899999918e+03	1.575707763264233563e-01
5.848828135899999324e+03	1.697840179858900456e-01
5.849023435899999640e+03	1.471982522017807327e-01
5.849218735899999956e+03	2.031816079745389914e-01
5.849414035899999362e+03	1.323067157932236171e-01
5.849609335899999678e+03	1.848262746371620580e-01
