# time(sec)	crack length FEA(mm)
3.348007686719999765e+04	1.395811568437546057e+00
3.348027286720000120e+04	1.433085376574867453e+00
3.348046786720000091e+04	1.390431217567558164e+00
3.348066286720000062e+04	1.440376264672810436e+00
3.348085886719999689e+04	1.418770280551317597e+00
3.348105386719999660e+04	1.433446640975912345e+00
3.348124886720000359e+04	1.434133835652948719e+00
3.348144386720000330e+04	1.420078535166478417e+00
3.348163986719999957e+04	1.441104317410804470e+00
3.348183486719999928e+04	1.401847934073385815e+00
3.348202986719999899e+04	1.412404916701122559e+00
3.348222586720000254e+04	1.425990432000208585e+00
3.348242086720000225e+04	1.443510380559708040e+00
3.348261586720000196e+04	1.430302146732643109e+00
3.348281186719999823e+04	1.442050365394472067e+00
3.348300686719999794e+04	1.465605925203822935e+00
3.348320186719999765e+04	1.436943672699797503e+00
3.348339786720000120e+04	1.473744492728464195e+00
3.348359286720000091e+04	1.424352314585437540e+00
3.348378786720000062e+04	1.456641076292513048e+00
3.348398386719999689e+04	1.453007993547004162e+00
3.348417886719999660e+04	1.485314068758301076e+00
3.348437386720000359e+04	1.430851497001409456e+00
3.348456886720000330e+04	1.438623089033200131e+00
3.348476486719999957e+04	1.411568794548795580e+00
3.348495986719999928e+04	1.421783154332425525e+00
3.348515486719999899e+04	1.446139070429975249e+00
3.348535086720000254e+04	1.436266527893124589e+00
3.348554586720000225e+04	1.417079458043755125e+00
3.348574086720000196e+04	1.398676198821547700e+00
3.348593686719999823e+04	1.410945016383557515e+00
3.348613186719999794e+04	1.458260013750823703e+00
3.348632686719999765e+04	1.466954542087757218e+00
3.348652286720000120e+04	1.414886013006281473e+00
3.348671786720000091e+04	1.413104858898071470e+00
3.348691286720000062e+04	1.452164397095188519e+00
3.348710886719999689e+04	1.458632819544906312e+00
3.348730386719999660e+04	1.427033193325772942e+00
3.348749886720000359e+04	1.440360285915042837e+00
3.348769386720000330e+04	1.468987359591009678e+00
3.348788986719999957e+04	1.467542928501456956e+00
3.348808486719999928e+04	1.439548189775035070e+00
3.348827986719999899e+04	1.436029466711074676e+00
3.348847586720000254e+04	1.474873813902078723e+00
3.348867086720000225e+04	1.422153449305143980e+00
3.348886586720000196e+04	1.455189010165835128e+00
3.348906186719999823e+04	1.479677683851456038e+00
3.348925686719999794e+04	1.440469216153882570e+00
3.348945186719999765e+04	1.445334218668993032e+00
3.348964786720000120e+04	1.427733642121113533e+00
3.348984286720000091e+04	1.469895295713472549e+00
3.349003786720000062e+04	1.418377832850492126e+00
3.349023386719999689e+04	1.424803633609514009e+00
3.349042886719999660e+04	1.435765422910257882e+00
3.349062386720000359e+04	1.405426795195905854e+00
3.349081886720000330e+04	1.426488910569021940e+00
3.349101486719999957e+04	1.397650242972229506e+00
3.349120986719999928e+04	1.445600215333701755e+00
3.349140486719999899e+04	1.423852930649701420e+00
3.349160086720000254e+04	1.439337193062797837e+00
3.349179586720000225e+04	1.463358085216572846e+00
3.349199086720000196e+04	1.445526179757370855e+00
3.349218686719999823e+04	1.456104438783214050e+00
3.349238186719999794e+04	1.414556625851179916e+00
3.349257686719999765e+04	1.452304354652511620e+00
3.349277286720000120e+04	1.452366261990707841e+00
3.349296786720000091e+04	1.440949345023527783e+00
3.349316286720000062e+04	1.469363940310380201e+00
3.349335886719999689e+04	1.493122346721943217e+00
3.349355386719999660e+04	1.430648328291976412e+00
3.349374886720000359e+04	1.430229179804470618e+00
3.349394386720000330e+04	1.436453580265780516e+00
3.349413986719999957e+04	1.481552628828598728e+00
3.349433486719999928e+04	1.480153916885051046e+00
3.349452986719999899e+04	1.476795206558865203e+00
3.349472586720000254e+04	1.466881604131984318e+00
3.349492086720000225e+04	1.452391333986518873e+00
3.349511586720000196e+04	1.422160413235991072e+00
3.349531186719999823e+04	1.444438293440546417e+00
3.349550686719999794e+04	1.433607678535491203e+00
3.349570186719999765e+04	1.423974919208806256e+00
3.349589786720000120e+04	1.432439228680863152e+00
3.349609286720000091e+04	1.406272256933140952e+00
3.349628786720000062e+04	1.463467937750484893e+00
3.349648386719999689e+04	1.418776299636416383e+00
3.349667886719999660e+04	1.428622216527980271e+00
3.349687386720000359e+04	1.415077193026167635e+00
3.349706886720000330e+04	1.446159081862992579e+00
3.349726486719999957e+04	1.454920118166908694e+00
3.349745986719999928e+04	1.438955057344381672e+00
3.349765486719999899e+04	1.473679554020627336e+00
3.349785086720000254e+04	1.463240164809864297e+00
3.349804586720000225e+04	1.463223171863550220e+00
3.349824086720000196e+04	1.409301712885444147e+00
3.349843686719999823e+04	1.448111702757524100e+00
3.349863186719999794e+04	1.469220052703510859e+00
3.349882686719999765e+04	1.461693498374303957e+00
3.349902286720000120e+04	1.454121494048401075e+00
3.349921786720000091e+04	1.417787171134738955e+00
3.349941286720000062e+04	1.473429834261230198e+00
3.349960886719999689e+04	1.431690795327018151e+00
3.349980386719999660e+04	1.428492086931743899e+00
3.349999886720000359e+04	1.422976124474660153e+00
3.350019386720000330e+04	1.471797024703979773e+00
3.350038986719999957e+04	1.467815621720784947e+00
3.350058486719999928e+04	1.448860467446102973e+00
3.350077986719999899e+04	1.425631287015152182e+00
3.350097586720000254e+04	1.441611406657340666e+00
3.350117086720000225e+04	1.444707306534873226e+00
3.350136586720000196e+04	1.440057288793937573e+00
3.350156186719999823e+04	1.456945917972571891e+00
3.350175686719999794e+04	1.478923906991216342e+00
3.350195186719999765e+04	1.455008032112470318e+00
3.350214786720000120e+04	1.448483640607092227e+00
3.350234286720000091e+04	1.409941620629915349e+00
3.350253786720000062e+04	1.435274274577968967e+00
3.350273386719999689e+04	1.491604497480214064e+00
3.350292886719999660e+04	1.450060123942600754e+00
3.350312386720000359e+04	1.460190676244154773e+00
3.350331886720000330e+04	1.459157467270040698e+00
3.350351486719999957e+04	1.448284576018197711e+00
3.350370986719999928e+04	1.456619099379501847e+00
3.350390486719999899e+04	1.438452034156490811e+00
3.350410086720000254e+04	1.437782923457181283e+00
3.350429586720000225e+04	1.477153563025384031e+00
3.350449086720000196e+04	1.466568912232645516e+00
3.350468686719999823e+04	1.455704635365496102e+00
3.350488186719999794e+04	1.479136603358952584e+00
3.350507686719999765e+04	1.420883313902832512e+00
3.350527286720000120e+04	1.427798709127101162e+00
3.350546786720000091e+04	1.473461832167938468e+00
3.350566286720000062e+04	1.439094149285836011e+00
3.350585886719999689e+04	1.464304258977456641e+00
3.350605386719999660e+04	1.451229750974270871e+00
3.350624886720000359e+04	1.485091397086117482e+00
3.350644386720000330e+04	1.433625724297264981e+00
3.350663986719999957e+04	1.491494777855322695e+00
3.350683486719999928e+04	1.460857169110338916e+00
3.350702986719999899e+04	1.485909964351765922e+00
3.350722586720000254e+04	1.500272594910672552e+00
3.350742086720000225e+04	1.496732197258310748e+00
3.350761586720000196e+04	1.473197183277454414e+00
3.350781186719999823e+04	1.512883812146252893e+00
3.350800686719999794e+04	1.452677170002349527e+00
3.350820186719999765e+04	1.449436344628981743e+00
3.350839786720000120e+04	1.469800402517879689e+00
3.350859286720000091e+04	1.454844051731182475e+00
3.350878786720000062e+04	1.472762757951105783e+00
3.350898386719999689e+04	1.459428198723243142e+00
3.350917886719999660e+04	1.441832347392368874e+00
3.350937386720000359e+04	1.470923995464890055e+00
3.350956886720000330e+04	1.432180128569305211e+00
3.350976486719999957e+04	1.463485960382289619e+00
3.350995986719999928e+04	1.446803045749117445e+00
3.351015486719999899e+04	1.486978937016898428e+00
3.351035086720000254e+04	1.459698068666268611e+00
3.351054586720000225e+04	1.451114774458687862e+00
3.351074086720000196e+04	1.469809411382200892e+00
3.351093686719999823e+04	1.495222554548924165e+00
3.351113186719999794e+04	1.513554789433705139e+00
3.351132686719999765e+04	1.458450924026401196e+00
3.351152286720000120e+04	1.461759500501923270e+00
3.351171786720000091e+04	1.477083744846087399e+00
3.351191286720000062e+04	1.443421306536929904e+00
3.351210886719999689e+04	1.448119689478918559e+00
3.351230386719999660e+04	1.493977400390383181e+00
3.351249886720000359e+04	1.444132343098512905e+00
3.351269386720000330e+04	1.536044027511350052e+00
3.351288986719999957e+04	1.468561864946503093e+00
3.351308486719999928e+04	1.485523619972832776e+00
3.351327986719999899e+04	1.479676654704134009e+00
3.351347586720000254e+04	1.502724377614594431e+00
3.351367086720000225e+04	1.499004746441737979e+00
3.351386586720000196e+04	1.480545238831506794e+00
3.351406186719999823e+04	1.476889041935912417e+00
3.351425686719999794e+04	1.517663812776891774e+00
3.351445186719999765e+04	1.469007265582567001e+00
3.351464786720000120e+04	1.476868971146709342e+00
3.351484286720000091e+04	1.474180786925822773e+00
3.351503786720000062e+04	1.492246261183128198e+00
3.351523386719999689e+04	1.496193399343702879e+00
3.351542886719999660e+04	1.471953764984759161e+00
3.351562386720000359e+04	1.532839717200264573e+00
3.351581886720000330e+04	1.498736360877092721e+00
3.351601486719999957e+04	1.479185403178444602e+00
3.351620986719999928e+04	1.507236300245221372e+00
3.351640486719999899e+04	1.511825024456008748e+00
3.351660086720000254e+04	1.468352074945155294e+00
3.351679586720000225e+04	1.513367414449851012e+00
3.351699086720000196e+04	1.522501723906884763e+00
3.351718686719999823e+04	1.531909339488688460e+00
3.351738186719999794e+04	1.480684082356397369e+00
3.351757686719999765e+04	1.518765228558622837e+00
3.351777286720000120e+04	1.547475004992836745e+00
3.351796786720000091e+04	1.528076710071214706e+00
3.351816286720000062e+04	1.475319265190343287e+00
3.351835886719999689e+04	1.528375651604301666e+00
3.351855386719999660e+04	1.496987579844885730e+00
3.351874886720000359e+04	1.481252140120234984e+00
3.351894386720000330e+04	1.488916131702938017e+00
3.351913986719999957e+04	1.480921718113538788e+00
3.351933486719999928e+04	1.487125543965031937e+00
3.351952986719999899e+04	1.454517289473969299e+00
3.351972586720000254e+04	1.493578333551045745e+00
3.351992086720000225e+04	1.465546970772905411e+00
3.352011586720000196e+04	1.526145863956871906e+00
3.352031186719999823e+04	1.468742565982594783e+00
3.352050686719999794e+04	1.450134145103096017e+00
3.352070186719999765e+04	1.470221842033005544e+00
3.352089786720000120e+04	1.450734892821978761e+00
3.352109286720000091e+04	1.465819687396585635e+00
3.352128786720000062e+04	1.468887400367151486e+00
3.352148386719999689e+04	1.480914600224686239e+00
3.352167886719999660e+04	1.467279241929075440e+00
3.352187386720000359e+04	1.456946862280217303e+00
3.352206886720000330e+04	1.483206790751559367e+00
3.352226486719999957e+04	1.453399858384178955e+00
3.352245986719999928e+04	1.495407247871282763e+00
3.352265486719999899e+04	1.467364105913047112e+00
3.352285086720000254e+04	1.473431893109102830e+00
3.352304586720000225e+04	1.442105342031041459e+00
3.352324086720000196e+04	1.497712919628074957e+00
3.352343686719999823e+04	1.467471965959392222e+00
3.352363186719999794e+04	1.454004471248307340e+00
3.352382686719999765e+04	1.472311338200027464e+00
3.352402286720000120e+04	1.481470732319841943e+00
3.352421786720000091e+04	1.468239156516752075e+00
3.352441286720000062e+04	1.449714230759857614e+00
3.352460886719999689e+04	1.487707504407612902e+00
3.352480386719999660e+04	1.465167324686163397e+00
3.352499886720000359e+04	1.498747329441192377e+00
3.352519386720000330e+04	1.488651658768986863e+00
3.352538986719999957e+04	1.519000505557910330e+00
3.352558486719999928e+04	1.441394329484991133e+00
3.352577986719999899e+04	1.507682073442806470e+00
3.352597586720000254e+04	1.439959267049921721e+00
3.352617086720000225e+04	1.444442244485495408e+00
3.352636586720000196e+04	1.458630759386544185e+00
3.352656186719999823e+04	1.492060599832891299e+00
3.352675686719999794e+04	1.484625211552293322e+00
3.352695186719999765e+04	1.459931798914965384e+00
3.352714786720000120e+04	1.492166373840412064e+00
3.352734286720000091e+04	1.478524581455589626e+00
3.352753786720000062e+04	1.490380151377282303e+00
3.352773386719999689e+04	1.454145448019307452e+00
3.352792886719999660e+04	1.463330021243852030e+00
3.352812386720000359e+04	1.484092134893074899e+00
3.352831886720000330e+04	1.441906308810938953e+00
3.352851486719999957e+04	1.460116772897210424e+00
3.352870986719999928e+04	1.484014363156486382e+00
3.352890486719999899e+04	1.451166810203750046e+00
3.352910086720000254e+04	1.505779254270828815e+00
3.352929586720000225e+04	1.467216258751889768e+00
3.352949086720000196e+04	1.460559416962192714e+00
3.352968686719999823e+04	1.434175855527794141e+00
3.352988186719999794e+04	1.468485928906895666e+00
3.353007686719999765e+04	1.456761004627933787e+00
3.353027286720000120e+04	1.457188775467358255e+00
3.353046786720000091e+04	1.443159408039431213e+00
3.353066286720000062e+04	1.498930880736963900e+00
3.353085886719999689e+04	1.489159684178755327e+00
3.353105386719999660e+04	1.455839592322549336e+00
3.353124886720000359e+04	1.477755671789360292e+00
3.353144386720000330e+04	1.448356713511929073e+00
3.353163986719999957e+04	1.449362407123853558e+00
3.353183486719999928e+04	1.487980904183714870e+00
3.353202986719999899e+04	1.495896099578557070e+00
3.353222586720000254e+04	1.476875061003383394e+00
3.353242086720000225e+04	1.448486560437400428e+00
3.353261586720000196e+04	1.461345803970729662e+00
3.353281186719999823e+04	1.446962015687965675e+00
3.353300686719999794e+04	1.458013218694727442e+00
3.353320186719999765e+04	1.413103826804123386e+00
3.353339786720000120e+04	1.482533906639801558e+00
3.353359286720000091e+04	1.429113505072962198e+00
3.353378786720000062e+04	1.444766227889701327e+00
3.353398386719999689e+04	1.499388810041612174e+00
3.353417886719999660e+04	1.481252140120234984e+00
3.353437386720000359e+04	1.450068109995603649e+00
3.353456886720000330e+04	1.435049147144464854e+00
3.353476486719999957e+04	1.462239018789812661e+00
3.353495986719999928e+04	1.413643433695707330e+00
3.353515486719999899e+04	1.449072494269149303e+00
3.353535086720000254e+04	1.485291090032212935e+00
3.353554586720000225e+04	1.467905546285210860e+00
3.353574086720000196e+04	1.446682980213640946e+00
3.353593686719999823e+04	1.470294769512587862e+00
3.353613186719999794e+04	1.472334243974319890e+00
3.353632686719999765e+04	1.471250698924206901e+00
3.353652286720000120e+04	1.485206205735035923e+00
3.353671786720000091e+04	1.474555310568277378e+00
3.353691286720000062e+04	1.473128211078186922e+00
3.353710886719999689e+04	1.514294597535768006e+00
3.353730386719999660e+04	1.519717195268794896e+00
3.353749886720000359e+04	1.487078646989294484e+00
3.353769386720000330e+04	1.462026167789634457e+00
3.353788986719999957e+04	1.490757328519007885e+00
3.353808486719999928e+04	1.493412739369659903e+00
3.353827986719999899e+04	1.505684507563815444e+00
3.353847586720000254e+04	1.463895499470634576e+00
3.353867086720000225e+04	1.491568667222214373e+00
3.353886586720000196e+04	1.473596600347942598e+00
3.353906186719999823e+04	1.434443956012664501e+00
3.353925686719999794e+04	1.449176403023756166e+00
3.353945186719999765e+04	1.477566978413344501e+00
3.353964786720000120e+04	1.487974988700512924e+00
3.353984286720000091e+04	1.503452536749005475e+00
3.354003786720000062e+04	1.487191473922536034e+00
3.354023386719999689e+04	1.467038463358555589e+00
3.354042886719999660e+04	1.451971460358914001e+00
3.354062386720000359e+04	1.476938961515941173e+00
3.354081886720000330e+04	1.477719734396302442e+00
3.354101486719999957e+04	1.495551916138918358e+00
3.354120986719999928e+04	1.453863579480893620e+00
3.354140486719999899e+04	1.453528818594556071e+00
3.354160086720000254e+04	1.464770680586621410e+00
3.354179586720000225e+04	1.493447538244918604e+00
3.354199086720000196e+04	1.470271775931948355e+00
3.354218686719999823e+04	1.510447063604571483e+00
3.354238186719999794e+04	1.471062896472460579e+00
3.354257686719999765e+04	1.491784162246506895e+00
3.354277286720000120e+04	1.529276304125248842e+00
3.354296786720000091e+04	1.495762403430187959e+00
3.354316286720000062e+04	1.497199082491061262e+00
3.354335886719999689e+04	1.493386768746503890e+00
3.354355386719999660e+04	1.491324111377220873e+00
3.354374886720000359e+04	1.515739035015016611e+00
3.354394386720000330e+04	1.502357333569131370e+00
3.354413986719999957e+04	1.516797644025126957e+00
3.354433486719999928e+04	1.512714330574800314e+00
3.354452986719999899e+04	1.502317493004852622e+00
3.354472586720000254e+04	1.490740355679260887e+00
3.354492086720000225e+04	1.527503892058385659e+00
3.354511586720000196e+04	1.477976355325978375e+00
3.354531186719999823e+04	1.454982018547939404e+00
3.354550686719999794e+04	1.518948621534018883e+00
3.354570186719999765e+04	1.493911575404716530e+00
3.354589786720000120e+04	1.474445510400455461e+00
3.354609286720000091e+04	1.491177530929697070e+00
3.354628786720000062e+04	1.504192581416376129e+00
3.354648386719999689e+04	1.446007063249933111e+00
3.354667886719999660e+04	1.475602846716487448e+00
3.354687386720000359e+04	1.511591730109518750e+00
3.354706886720000330e+04	1.499919479164045555e+00
3.354726486719999957e+04	1.484976673612525389e+00
3.354745986719999928e+04	1.474982754250824257e+00
3.354765486719999899e+04	1.515698189874740365e+00
3.354785086720000254e+04	1.508236536875820377e+00
3.354804586720000225e+04	1.470841117754417837e+00
3.354824086720000196e+04	1.530331385490846685e+00
3.354843686719999823e+04	1.521712354367505071e+00
3.354863186719999794e+04	1.483531177901326714e+00
3.354882686719999765e+04	1.503216073880457415e+00
3.354902286720000120e+04	1.510781091092749051e+00
3.354921786720000091e+04	1.498096918908268904e+00
3.354941286720000062e+04	1.480532289207827645e+00
3.354960886719999689e+04	1.509897706397948625e+00
3.354980386719999660e+04	1.507779724383146558e+00
3.354999886720000359e+04	1.493052405092907264e+00
3.355019386720000330e+04	1.469019277810607704e+00
3.355038986719999957e+04	1.498462059397137836e+00
3.355058486719999928e+04	1.463750633995337225e+00
3.355077986719999899e+04	1.499379812640416532e+00
3.355097586720000254e+04	1.508131778308506199e+00
3.355117086720000225e+04	1.519928405176065311e+00
3.355136586720000196e+04	1.494851535077346583e+00
3.355156186719999823e+04	1.515609392120293109e+00
3.355175686719999794e+04	1.502156844874317443e+00
3.355195186719999765e+04	1.490154613664302019e+00
3.355214786720000120e+04	1.512071248506236643e+00
3.355234286720000091e+04	1.518313760584980798e+00
3.355253786720000062e+04	1.482051805390536714e+00
3.355273386719999689e+04	1.496913707721052589e+00
3.355292886719999660e+04	1.496880799413872865e+00
3.355312386720000359e+04	1.502756249512671616e+00
3.355331886720000330e+04	1.491408030409937524e+00
3.355351486719999957e+04	1.517221228219586493e+00
3.355370986719999928e+04	1.486394986358245518e+00
3.355390486719999899e+04	1.510815093108337948e+00
3.355410086720000254e+04	1.490811247205410695e+00
3.355429586720000225e+04	1.502674599105557007e+00
3.355449086720000196e+04	1.521899747530842006e+00
3.355468686719999823e+04	1.474689128821587758e+00
3.355488186719999794e+04	1.502369242885821521e+00
3.355507686719999765e+04	1.529380967194152063e+00
3.355527286720000120e+04	1.526697831912271042e+00
3.355546786720000091e+04	1.505459118498837512e+00
3.355566286720000062e+04	1.524619303255027702e+00
3.355585886719999689e+04	1.487748398840324171e+00
3.355605386719999660e+04	1.446266095500456927e+00
3.355624886720000359e+04	1.510478068409838670e+00
3.355644386720000330e+04	1.519365231557694429e+00
3.355663986719999957e+04	1.514088131877267429e+00
3.355683486719999928e+04	1.492086571939331918e+00
3.355702986719999899e+04	1.515167795922803151e+00
3.355722586720000254e+04	1.479023737303009511e+00
3.355742086720000225e+04	1.513796113850613523e+00
3.355761586720000196e+04	1.509848885436724686e+00
3.355781186719999823e+04	1.527331521816595483e+00
3.355800686719999794e+04	1.508271313531926339e+00
3.355820186719999765e+04	1.489486988622575225e+00
3.355839786720000120e+04	1.526288286471045197e+00
3.355859286720000091e+04	1.499850671951762138e+00
3.355878786720000062e+04	1.477650861385097159e+00
3.355898386719999689e+04	1.514100120808578254e+00
3.355917886719999660e+04	1.544120043523955488e+00
3.355937386720000359e+04	1.538642332553859404e+00
3.355956886720000330e+04	1.485310982065072949e+00
3.355976486719999957e+04	1.506666907610387796e+00
3.355995986719999928e+04	1.505477108584427626e+00
3.356015486719999899e+04	1.433115453510851012e+00
3.356035086720000254e+04	1.494114106632872918e+00
3.356054586720000225e+04	1.487533809431944576e+00
3.356074086720000196e+04	1.483875539530830068e+00
3.356093686719999823e+04	1.481629551255089439e+00
3.356113186719999794e+04	1.472692755006368870e+00
3.356132686719999765e+04	1.445185200804655068e+00
3.356152286720000120e+04	1.432481165675154600e+00
3.356171786720000091e+04	1.450336027605505507e+00
3.356191286720000062e+04	1.479905295814798905e+00
3.356210886719999689e+04	1.452875080837452870e+00
3.356230386719999660e+04	1.499493522397168377e+00
3.356249886720000359e+04	1.497915417696923157e+00
3.356269386720000330e+04	1.499340909551278855e+00
3.356288986719999957e+04	1.457940252698524120e+00
3.356308486719999928e+04	1.490829162925644269e+00
3.356327986719999899e+04	1.468186215089104962e+00
3.356347586720000254e+04	1.467849600890964723e+00
3.356367086720000225e+04	1.529138863596335440e+00
3.356386586720000196e+04	1.506104439845080023e+00
3.356406186719999823e+04	1.496258275148472094e+00
3.356425686719999794e+04	1.453398828073362736e+00
3.356445186719999765e+04	1.495494066080823359e+00
3.356464786720000120e+04	1.500217755642117012e+00
3.356484286720000091e+04	1.485697329980393278e+00
3.356503786720000062e+04	1.483074993779842643e+00
3.356523386719999689e+04	1.484784952103657574e+00
3.356542886719999660e+04	1.502130884032048641e+00
3.356562386720000359e+04	1.487249344667292306e+00
3.356581886720000330e+04	1.494647981797484704e+00
3.356601486719999957e+04	1.479662675448473408e+00
3.356620986719999928e+04	1.470848067139003845e+00
3.356640486719999899e+04	1.495414275616015587e+00
3.356660086720000254e+04	1.518366587843569704e+00
3.356679586720000225e+04	1.477542019311158583e+00
3.356699086720000196e+04	1.473492800609442099e+00
3.356718686719999823e+04	1.481793171355485939e+00
3.356738186719999794e+04	1.488593705788659349e+00
3.356757686719999765e+04	1.483759866833647578e+00
3.356777286720000120e+04	1.500365392940281595e+00
3.356796786720000091e+04	1.487021804641315725e+00
3.356816286720000062e+04	1.464586001060620646e+00
3.356835886719999689e+04	1.454252424950471578e+00
3.356855386719999660e+04	1.478417716112783609e+00
3.356874886720000359e+04	1.447728852189415605e+00
3.356894386720000330e+04	1.465378173198821798e+00
3.356913986719999957e+04	1.486460832652083397e+00
3.356933486719999928e+04	1.497224963152559596e+00
3.356952986719999899e+04	1.451947504150544077e+00
3.356972586720000254e+04	1.412456952939622923e+00
3.356992086720000225e+04	1.478844059586082338e+00
3.357011586720000196e+04	1.486052634064702005e+00
3.357031186719999823e+04	1.476371741831405515e+00
3.357050686719999794e+04	1.440556325615535371e+00
3.357070186719999765e+04	1.473489712345658731e+00
3.357089786720000120e+04	1.484252993799945131e+00
3.357109286720000091e+04	1.421733030367901662e+00
3.357128786720000062e+04	1.448197667216993167e+00
3.357148386719999689e+04	1.466825656274403755e+00
3.357167886719999660e+04	1.431793922259982921e+00
3.357187386720000359e+04	1.443878268984663649e+00
3.357206886720000330e+04	1.445223249837042090e+00
3.357226486719999957e+04	1.432964466900505940e+00
3.357245986719999928e+04	1.418762283764426257e+00
3.357265486719999899e+04	1.470890020787010144e+00
3.357285086720000254e+04	1.489735421446415131e+00
3.357304586720000225e+04	1.445335249336778816e+00
3.357324086720000196e+04	1.429519781531860545e+00
3.357343686719999823e+04	1.485499698305375205e+00
3.357363186719999794e+04	1.472333300291182923e+00
3.357382686719999765e+04	1.443937278331263840e+00
3.357402286720000120e+04	1.460231619112310142e+00
3.357421786720000091e+04	1.453757631057406741e+00
3.357441286720000062e+04	1.481500746780643141e+00
3.357460886719999689e+04	1.430320109109841198e+00
3.357480386719999660e+04	1.467771688982717038e+00
3.357499886720000359e+04	1.455700686231558905e+00
3.357519386720000330e+04	1.464198272266267864e+00
3.357538986719999957e+04	1.464607884631224266e+00
3.357558486719999928e+04	1.465930558061213418e+00
3.357577986719999899e+04	1.509881775358737244e+00
3.357597586720000254e+04	1.438920090925810413e+00
3.357617086720000225e+04	1.490342261880361008e+00
3.357636586720000196e+04	1.495329342607282896e+00
3.357656186719999823e+04	1.437809815410911796e+00
3.357675686719999794e+04	1.483639048701814289e+00
3.357695186719999765e+04	1.450133114647719879e+00
3.357714786720000120e+04	1.479454014761682146e+00
3.357734286720000091e+04	1.443289283949773960e+00
3.357753786720000062e+04	1.458903557102823711e+00
3.357773386719999689e+04	1.489747508689925226e+00
3.357792886719999660e+04	1.456989871160537575e+00
3.357812386720000359e+04	1.462016211808078836e+00
3.357831886720000330e+04	1.507806706807343744e+00
3.357851486719999957e+04	1.475435151464941086e+00
3.357870986719999928e+04	1.444240224980539722e+00
3.357890486719999899e+04	1.480403478650917037e+00
3.357910086720000254e+04	1.507744861331449471e+00
3.357929586720000225e+04	1.446042104916553939e+00
3.357949086720000196e+04	1.480283757945819900e+00
3.357968686719999823e+04	1.472217398552530199e+00
3.357988186719999794e+04	1.416633063202620946e+00
