# time(sec)	crack length FEA(mm)
3.515234286720000091e+04	1.586900685947927769e+00
3.515253786720000062e+04	1.616595926727148580e+00
3.515273386719999689e+04	1.566159766137978693e+00
3.515292886719999660e+04	1.573053978273790676e+00
3.515312386720000359e+04	1.591924709014593375e+00
3.515331886720000330e+04	1.590293231330212720e+00
3.515351486719999957e+04	1.581631880005629043e+00
3.515370986719999928e+04	1.594866539835484431e+00
3.515390486719999899e+04	1.588025614456867629e+00
3.515410086720000254e+04	1.558887519047328141e+00
3.515429586720000225e+04	1.567885562435778368e+00
3.515449086720000196e+04	1.629522881501825893e+00
3.515468686719999823e+04	1.595901651480710726e+00
3.515488186719999794e+04	1.596963595350029408e+00
3.515507686719999765e+04	1.600187867738650738e+00
3.515527286720000120e+04	1.581440102952724303e+00
3.515546786720000091e+04	1.583660640247728679e+00
3.515566286720000062e+04	1.610007735323344846e+00
3.515585886719999689e+04	1.602745190763927852e+00
3.515605386719999660e+04	1.611294330290229837e+00
3.515624886720000359e+04	1.575690919124104639e+00
3.515644386720000330e+04	1.585648415058539484e+00
3.515663986719999957e+04	1.579756221814026418e+00
3.515683486719999928e+04	1.589069056585724837e+00
3.515702986719999899e+04	1.592962939636834108e+00
3.515722586720000254e+04	1.616121470011107064e+00
3.515742086720000225e+04	1.606204923131922868e+00
3.515761586720000196e+04	1.576089598596379204e+00
3.515781186719999823e+04	1.613545677415586965e+00
3.515800686719999794e+04	1.602496005853637939e+00
3.515820186719999765e+04	1.598055268782982097e+00
3.515839786720000120e+04	1.565018904665810950e+00
3.515859286720000091e+04	1.605019294559543397e+00
3.515878786720000062e+04	1.583143840290222926e+00
3.515898386719999689e+04	1.574508761594479722e+00
3.515917886719999660e+04	1.578922091616878021e+00
3.515937386720000359e+04	1.603616165143069594e+00
3.515956886720000330e+04	1.585879000545151740e+00
3.515976486719999957e+04	1.592976936015054079e+00
3.515995986719999928e+04	1.572317070636046310e+00
3.516015486719999899e+04	1.583004670309353656e+00
3.516035086720000254e+04	1.576198064186137060e+00
3.516054586720000225e+04	1.579481768294670019e+00
3.516074086720000196e+04	1.616679392585764319e+00
3.516093686719999823e+04	1.592364842568880334e+00
3.516113186719999794e+04	1.636413860442910817e+00
3.516132686719999765e+04	1.594021093101048336e+00
3.516152286720000120e+04	1.589175412649046493e+00
3.516171786720000091e+04	1.571952067575024259e+00
3.516191286720000062e+04	1.601244580882820401e+00
3.516210886719999689e+04	1.605864423668277752e+00
3.516230386719999660e+04	1.590947031158350455e+00
3.516249886720000359e+04	1.592405637924173334e+00
3.516269386720000330e+04	1.607082675494650559e+00
3.516288986719999957e+04	1.600790710345236789e+00
3.516308486719999928e+04	1.591580926183240763e+00
3.516327986719999899e+04	1.607252490407004686e+00
3.516347586720000254e+04	1.592378753963828331e+00
3.516367086720000225e+04	1.584262975512611860e+00
3.516386586720000196e+04	1.605256681044995304e+00
3.516406186719999823e+04	1.590287256572771923e+00
3.516425686719999794e+04	1.597106691643359611e+00
3.516445186719999765e+04	1.630192440725490854e+00
3.516464786720000120e+04	1.557325335581188241e+00
3.516484286720000091e+04	1.624109115166977091e+00
3.516503786720000062e+04	1.573946914495394367e+00
3.516523386719999689e+04	1.564013170475536896e+00
3.516542886719999660e+04	1.593656518241852282e+00
3.516562386720000359e+04	1.589435667113175299e+00
3.516581886720000330e+04	1.568268400225536041e+00
3.516601486719999957e+04	1.570850275185298628e+00
3.516620986719999928e+04	1.583169625065758979e+00
3.516640486719999899e+04	1.582657766270907373e+00
3.516660086720000254e+04	1.551311350541567435e+00
3.516679586720000225e+04	1.561367889262799125e+00
3.516699086720000196e+04	1.575098353247376792e+00
3.516718686719999823e+04	1.564456912287393919e+00
3.516738186719999794e+04	1.552805290002066130e+00
3.516757686719999765e+04	1.579083061962030854e+00
3.516777286720000120e+04	1.571284916260900388e+00
3.516796786720000091e+04	1.580565388132708193e+00
3.516816286720000062e+04	1.556865643624789186e+00
3.516835886719999689e+04	1.566973509797758624e+00
3.516855386719999660e+04	1.578801854149778805e+00
3.516874886720000359e+04	1.562615409285669443e+00
3.516894386720000330e+04	1.568691129164712095e+00
3.516913986719999957e+04	1.634742848603206511e+00
3.516933486719999928e+04	1.648947010773301969e+00
3.516952986719999899e+04	1.576982502919134888e+00
3.516972586720000254e+04	1.558782989300818045e+00
3.516992086720000225e+04	1.604375873628729465e+00
3.517011586720000196e+04	1.569983018802068031e+00
3.517031186719999823e+04	1.572859994549800078e+00
3.517050686719999794e+04	1.590467096094471344e+00
3.517070186719999765e+04	1.573507454787858251e+00
3.517089786720000120e+04	1.570500284085802889e+00
3.517109286720000091e+04	1.575227577975095272e+00
3.517128786720000062e+04	1.581948061046567489e+00
3.517148386719999689e+04	1.617865274222662464e+00
3.517167886719999660e+04	1.575982242782909992e+00
3.517187386720000359e+04	1.570163101902286584e+00
3.517206886720000330e+04	1.593477642328613442e+00
3.517226486719999957e+04	1.554094134966256036e+00
3.517245986719999928e+04	1.561681356577624413e+00
3.517265486719999899e+04	1.572191844398844296e+00
3.517285086720000254e+04	1.580723443799438854e+00
3.517304586720000225e+04	1.591870086463959666e+00
3.517324086720000196e+04	1.571528458620495172e+00
3.517343686719999823e+04	1.590731432895800879e+00
3.517363186719999794e+04	1.563652052521327107e+00
3.517382686719999765e+04	1.543054642549144262e+00
3.517402286720000120e+04	1.598867804123342395e+00
3.517421786720000091e+04	1.560988868445786437e+00
3.517441286720000062e+04	1.532185299251551669e+00
3.517460886719999689e+04	1.581565364458386469e+00
3.517480386719999660e+04	1.552382356073497505e+00
3.517499886720000359e+04	1.564589101779631619e+00
3.517519386720000330e+04	1.588381400743037020e+00
3.517538986719999957e+04	1.596479774834467236e+00
3.517558486719999928e+04	1.528285960991059511e+00
3.517577986719999899e+04	1.556374058871588417e+00
3.517597586720000254e+04	1.597822927731982645e+00
3.517617086720000225e+04	1.576075677385389895e+00
3.517636586720000196e+04	1.607965426461506198e+00
3.517656186719999823e+04	1.567796024809551270e+00
3.517675686719999794e+04	1.562630449532969479e+00
3.517695186719999765e+04	1.572444346266394177e+00
3.517714786720000120e+04	1.555352989167364086e+00
3.517734286720000091e+04	1.572216701775488445e+00
3.517753786720000062e+04	1.609987779616279369e+00
3.517773386719999689e+04	1.547932916821604721e+00
3.517792886719999660e+04	1.586358006574711155e+00
3.517812386720000359e+04	1.545013071251430503e+00
3.517831886720000330e+04	1.576458464928837344e+00
3.517851486719999957e+04	1.553069032029181784e+00
3.517870986719999928e+04	1.538988956504258709e+00
3.517890486719999899e+04	1.530367241495738995e+00
3.517910086720000254e+04	1.523740297623350060e+00
3.517929586720000225e+04	1.529022303804030258e+00
3.517949086720000196e+04	1.550195577998680463e+00
3.517968686719999823e+04	1.532238009331564399e+00
3.517988186719999794e+04	1.556665626049952067e+00
3.518007686719999765e+04	1.537426455846709672e+00
3.518027286720000120e+04	1.566348850456421360e+00
3.518046786720000091e+04	1.537928281128275287e+00
3.518066286720000062e+04	1.519769933715313215e+00
3.518085886719999689e+04	1.509137886425470754e+00
3.518105386719999660e+04	1.525269997606260475e+00
3.518124886720000359e+04	1.555962046214780514e+00
3.518144386720000330e+04	1.505087148936762986e+00
3.518163986719999957e+04	1.523438385865025779e+00
3.518183486719999928e+04	1.535237323331916315e+00
3.518202986719999899e+04	1.527983081440352109e+00
3.518222586720000254e+04	1.523871863836331997e+00
3.518242086720000225e+04	1.544437593147463872e+00
3.518261586720000196e+04	1.561252602641250320e+00
3.518281186719999823e+04	1.531655368033092657e+00
3.518300686719999794e+04	1.563120790418771833e+00
3.518320186719999765e+04	1.578534391857841612e+00
3.518339786720000120e+04	1.546064357289493429e+00
3.518359286720000091e+04	1.547250022024472926e+00
3.518378786720000062e+04	1.531676247193107798e+00
3.518398386719999689e+04	1.541198690521587977e+00
3.518417886719999660e+04	1.530455897155038159e+00
3.518437386720000359e+04	1.483572165434594581e+00
3.518456886720000330e+04	1.541631836282594037e+00
3.518476486719999957e+04	1.540757581741463156e+00
3.518495986719999928e+04	1.534223277967052823e+00
3.518515486719999899e+04	1.536831796775583570e+00
3.518535086720000254e+04	1.513948631642318077e+00
3.518554586720000225e+04	1.540005616025929669e+00
3.518574086720000196e+04	1.536521158120711661e+00
3.518593686719999823e+04	1.552634048431166036e+00
3.518613186719999794e+04	1.531782867528306724e+00
3.518632686719999765e+04	1.534822880860746253e+00
3.518652286720000120e+04	1.547053940443646525e+00
3.518671786720000091e+04	1.531078531011139887e+00
3.518691286720000062e+04	1.562093096447041418e+00
3.518710886719999689e+04	1.573397011996235051e+00
3.518730386719999660e+04	1.589009391131812166e+00
3.518749886720000359e+04	1.565635653575949249e+00
3.518769386720000330e+04	1.572356876378318447e+00
3.518788986719999957e+04	1.595351332858626847e+00
3.518808486719999928e+04	1.576292437375556688e+00
3.518827986719999899e+04	1.572365845473873591e+00
3.518847586720000254e+04	1.549432033675524067e+00
3.518867086720000225e+04	1.570212820993033276e+00
3.518886586720000196e+04	1.562639336947228230e+00
3.518906186719999823e+04	1.540912830408958101e+00
3.518925686719999794e+04	1.547081817821588601e+00
3.518945186719999765e+04	1.593189526301717507e+00
3.518964786720000120e+04	1.552392187857607908e+00
3.518984286720000091e+04	1.567777057825129106e+00
3.519003786720000062e+04	1.567775178213210552e+00
3.519023386719999689e+04	1.523109591183489542e+00
3.519042886719999660e+04	1.559709381608191947e+00
3.519062386720000359e+04	1.592141320294299334e+00
3.519081886720000330e+04	1.568115300044750526e+00
3.519101486719999957e+04	1.562939797904110861e+00
3.519120986719999928e+04	1.553702000627959379e+00
3.519140486719999899e+04	1.512960630823542374e+00
3.519160086720000254e+04	1.583468794661278878e+00
3.519179586720000225e+04	1.589347237260280821e+00
3.519199086720000196e+04	1.575668029862466568e+00
3.519218686719999823e+04	1.577271760649392007e+00
3.519238186719999794e+04	1.556865643624789186e+00
3.519257686719999765e+04	1.550822640239568173e+00
3.519277286720000120e+04	1.587647969655863633e+00
3.519296786720000091e+04	1.582844666485190288e+00
3.519316286720000062e+04	1.624546589421317577e+00
3.519335886719999689e+04	1.604764163205274485e+00
3.519355386719999660e+04	1.606466094413940837e+00
3.519374886720000359e+04	1.611089752249366569e+00
3.519394386720000330e+04	1.590698572334524385e+00
3.519413986719999957e+04	1.573634723862188167e+00
3.519433486719999928e+04	1.639480843096581708e+00
3.519452986719999899e+04	1.625500089167351447e+00
3.519472586720000254e+04	1.613295671231965045e+00
3.519492086720000225e+04	1.571927295335298069e+00
3.519511586720000196e+04	1.605357929945341766e+00
3.519531186719999823e+04	1.608905710975733427e+00
3.519550686719999794e+04	1.597349961838270715e+00
3.519570186719999765e+04	1.612617690612951904e+00
3.519589786720000120e+04	1.574190514215860759e+00
3.519609286720000091e+04	1.601345847395261757e+00
3.519628786720000062e+04	1.591375319754174456e+00
3.519648386719999689e+04	1.612957067129155320e+00
3.519667886719999660e+04	1.618032111193002720e+00
3.519687386720000359e+04	1.594179056683728390e+00
3.519706886720000330e+04	1.608544270997780856e+00
3.519726486719999957e+04	1.629871041094368422e+00
3.519745986719999928e+04	1.596058663536318534e+00
3.519765486719999899e+04	1.600543466584966268e+00
3.519785086720000254e+04	1.651914343978184263e+00
3.519804586720000225e+04	1.616069888773221663e+00
3.519824086720000196e+04	1.617923927316684996e+00
3.519843686719999823e+04	1.625804675781420627e+00
3.519863186719999794e+04	1.586175147131520191e+00
3.519882686719999765e+04	1.585895903796423312e+00
3.519902286720000120e+04	1.582587155334900686e+00
3.519921786720000091e+04	1.604182238203048172e+00
3.519941286720000062e+04	1.605086851436535511e+00
3.519960886719999689e+04	1.566792376560144362e+00
3.519980386719999660e+04	1.626469315129233095e+00
3.519999886720000359e+04	1.612873758331446084e+00
3.520019386720000330e+04	1.589684139529655482e+00
3.520038986719999957e+04	1.608591945920450073e+00
3.520058486719999928e+04	1.603701554690584175e+00
3.520077986719999899e+04	1.636311810893039009e+00
3.520097586720000254e+04	1.592307233942269917e+00
3.520117086720000225e+04	1.629625983642867482e+00
3.520136586720000196e+04	1.564466738940161861e+00
3.520156186719999823e+04	1.585620584148038859e+00
3.520175686719999794e+04	1.558313411578090779e+00
3.520195186719999765e+04	1.570618599951632888e+00
3.520214786720000120e+04	1.592497043155127301e+00
3.520234286720000091e+04	1.608793390569957182e+00
3.520253786720000062e+04	1.597694682661021659e+00
3.520273386719999689e+04	1.612399224996323710e+00
3.520292886719999660e+04	1.614653533716888134e+00
3.520312386720000359e+04	1.556493472786533161e+00
3.520331886720000330e+04	1.580452929714549981e+00
3.520351486719999957e+04	1.619899801453009047e+00
3.520370986719999928e+04	1.568487283879065330e+00
3.520390486719999899e+04	1.579926152507889370e+00
3.520410086720000254e+04	1.575813222555737525e+00
3.520429586720000225e+04	1.563592406845625504e+00
3.520449086720000196e+04	1.566112088962210436e+00
3.520468686719999823e+04	1.584865295067356072e+00
3.520488186719999794e+04	1.598419859480408434e+00
3.520507686719999765e+04	1.568162118734456101e+00
3.520527286720000120e+04	1.566495981422839634e+00
3.520546786720000091e+04	1.593910833708967800e+00
3.520566286720000062e+04	1.614127451432239013e+00
3.520585886719999689e+04	1.580434143896571442e+00
3.520605386719999660e+04	1.589413815752461545e+00
3.520624886720000359e+04	1.582713349818371640e+00
3.520644386720000330e+04	1.626859277949401772e+00
3.520663986719999957e+04	1.556603910876429353e+00
3.520683486719999928e+04	1.585539140125220570e+00
3.520702986719999899e+04	1.551945393171328291e+00
3.520722586720000254e+04	1.573821611675445098e+00
3.520742086720000225e+04	1.557211823801729622e+00
3.520761586720000196e+04	1.575778376392563018e+00
3.520781186719999823e+04	1.578098008354455573e+00
3.520800686719999794e+04	1.566691983706302693e+00
3.520820186719999765e+04	1.599313777702850103e+00
3.520839786720000120e+04	1.591293810679488274e+00
3.520859286720000091e+04	1.578120809810105385e+00
3.520878786720000062e+04	1.606312223774907011e+00
3.520898386719999689e+04	1.586865856508039130e+00
3.520917886719999660e+04	1.602374782094507566e+00
3.520937386720000359e+04	1.569879649785272946e+00
3.520956886720000330e+04	1.618825103109722718e+00
3.520976486719999957e+04	1.582063415244734372e+00
3.520995986719999928e+04	1.619529583037584430e+00
3.521015486719999899e+04	1.585881988494509898e+00
3.521035086720000254e+04	1.579844688401603747e+00
3.521054586720000225e+04	1.598691954891812372e+00
3.521074086720000196e+04	1.596509555261466318e+00
3.521093686719999823e+04	1.601469038745378271e+00
3.521113186719999794e+04	1.571642839783001122e+00
3.521132686719999765e+04	1.594409556978783726e+00
3.521152286720000120e+04	1.594533724084438830e+00
3.521171786720000091e+04	1.591719105647682042e+00
3.521191286720000062e+04	1.619817370190689942e+00
3.521210886719999689e+04	1.569831894851972720e+00
3.521230386719999660e+04	1.539641214800525404e+00
3.521249886720000359e+04	1.569853764744227220e+00
3.521269386720000330e+04	1.571686661542173624e+00
3.521288986719999957e+04	1.589206141436461550e+00
3.521308486719999928e+04	1.593242182846548616e+00
3.521327986719999899e+04	1.615497286650535713e+00
3.521347586720000254e+04	1.579489795295165422e+00
3.521367086720000225e+04	1.584910969970358963e+00
3.521386586720000196e+04	1.600098455266218522e+00
3.521406186719999823e+04	1.614041162559674447e+00
3.521425686719999794e+04	1.570239645337780487e+00
3.521445186719999765e+04	1.593093088558051207e+00
3.521464786720000120e+04	1.592445323713167937e+00
3.521484286720000091e+04	1.565254652000820812e+00
3.521503786720000062e+04	1.572925680986545061e+00
3.521523386719999689e+04	1.612548109282920805e+00
3.521542886719999660e+04	1.629257966528612656e+00
3.521562386720000359e+04	1.642555507361203482e+00
3.521581886720000330e+04	1.604834621026169472e+00
3.521601486719999957e+04	1.560210809405601751e+00
3.521620986719999928e+04	1.581642894756839723e+00
3.521640486719999899e+04	1.587265367516421222e+00
3.521660086720000254e+04	1.561338063498103779e+00
3.521679586720000225e+04	1.577996554413779506e+00
3.521699086720000196e+04	1.642818225535210175e+00
3.521718686719999823e+04	1.582785070327117793e+00
3.521738186719999794e+04	1.581887352573215111e+00
3.521757686719999765e+04	1.617864421705663247e+00
3.521777286720000120e+04	1.613462370744965568e+00
3.521796786720000091e+04	1.614702133905598913e+00
3.521816286720000062e+04	1.572115222007766988e+00
3.521835886719999689e+04	1.589255904913775552e+00
3.521855386719999660e+04	1.578606979312199954e+00
3.521874886720000359e+04	1.565123406227638014e+00
3.521894386720000330e+04	1.601908051877675376e+00
3.521913986719999957e+04	1.561235681354132154e+00
3.521933486719999928e+04	1.591386159159176472e+00
3.521952986719999899e+04	1.556588952187693664e+00
3.521972586720000254e+04	1.623777658753972730e+00
3.521992086720000225e+04	1.562697019600982173e+00
3.522011586720000196e+04	1.558789057680044721e+00
3.522031186719999823e+04	1.625197543915799514e+00
3.522050686719999794e+04	1.571952067575024259e+00
3.522070186719999765e+04	1.580214434082002128e+00
3.522089786720000120e+04	1.589602624483381632e+00
3.522109286720000091e+04	1.564089819727424668e+00
3.522128786720000062e+04	1.588601971829465498e+00
3.522148386719999689e+04	1.563437224825189986e+00
3.522167886719999660e+04	1.587919253096639949e+00
3.522187386720000359e+04	1.576712969870218473e+00
3.522206886720000330e+04	1.561097319456061783e+00
3.522226486719999957e+04	1.600973454030254928e+00
3.522245986719999928e+04	1.607107495331337788e+00
3.522265486719999899e+04	1.598964132416123007e+00
3.522285086720000254e+04	1.619267621997773077e+00
3.522304586720000225e+04	1.623342130221113067e+00
3.522324086720000196e+04	1.637568232529522660e+00
3.522343686719999823e+04	1.598553902493925705e+00
3.522363186719999794e+04	1.611448252963379346e+00
3.522382686719999765e+04	1.643590437798081894e+00
3.522402286720000120e+04	1.601834513921518877e+00
3.522421786720000091e+04	1.619359006076528829e+00
3.522441286720000062e+04	1.637903323502914787e+00
3.522460886719999689e+04	1.629848205531034822e+00
3.522480386719999660e+04	1.633654870884376109e+00
3.522499886720000359e+04	1.658631313814080244e+00
3.522519386720000330e+04	1.626312595256775850e+00
3.522538986719999957e+04	1.622377631077620563e+00
3.522558486719999928e+04	1.581306899788327058e+00
3.522577986719999899e+04	1.599898811663001297e+00
3.522597586720000254e+04	1.629121119581707688e+00
3.522617086720000225e+04	1.631032557492989810e+00
3.522636586720000196e+04	1.590785119270595516e+00
3.522656186719999823e+04	1.625490203244464027e+00
3.522675686719999794e+04	1.609342535780582395e+00
3.522695186719999765e+04	1.580708500711384801e+00
3.522714786720000120e+04	1.598094944857862743e+00
3.522734286720000091e+04	1.615701655062052211e+00
3.522753786720000062e+04	1.595548967789301997e+00
3.522773386719999689e+04	1.579718392851255260e+00
3.522792886719999660e+04	1.591896971016753426e+00
3.522812386720000359e+04	1.574315815035411958e+00
3.522831886720000330e+04	1.617548732491853158e+00
3.522851486719999957e+04	1.606471126751207734e+00
3.522870986719999928e+04	1.611804616250175570e+00
3.522890486719999899e+04	1.635120745050057778e+00
3.522910086720000254e+04	1.593062364944461962e+00
3.522929586720000225e+04	1.590028889511092558e+00
3.522949086720000196e+04	1.589674152885006464e+00
3.522968686719999823e+04	1.582492807858564277e+00
3.522988186719999794e+04	1.588928898007598178e+00
3.523007686719999765e+04	1.622540344130174006e+00
3.523027286720000120e+04	1.560126284499883553e+00
3.523046786720000091e+04	1.570468419853794373e+00
3.523066286720000062e+04	1.575509000112646163e+00
3.523085886719999689e+04	1.598422760483215299e+00
3.523105386719999660e+04	1.586397788129193742e+00
3.523124886720000359e+04	1.568353066240522509e+00
3.523144386720000330e+04	1.551897601189120124e+00
3.523163986719999957e+04	1.602637958833600607e+00
3.523183486719999928e+04	1.587812976609267679e+00
3.523202986719999899e+04	1.568115300044750526e+00
3.523222586720000254e+04	1.587843792572831703e+00
3.523242086720000225e+04	1.559519388314146937e+00
3.523261586720000196e+04	1.584631711347295635e+00
3.523281186719999823e+04	1.594652002231866206e+00
3.523300686719999794e+04	1.596907960773402024e+00
3.523320186719999765e+04	1.598200320768528471e+00
3.523339786720000120e+04	1.600284190520181227e+00
3.523359286720000091e+04	1.581694638401533126e+00
3.523378786720000062e+04	1.590218632105013796e+00
3.523398386719999689e+04	1.571094847220741997e+00
3.523417886719999660e+04	1.582201480910992331e+00
3.523437386720000359e+04	1.596430112260398104e+00
3.523456886720000330e+04	1.612724790877201997e+00
3.523476486719999957e+04	1.618511473038747539e+00
3.523495986719999928e+04	1.584478634184876000e+00
3.523515486719999899e+04	1.619800491777960261e+00
3.523535086720000254e+04	1.547794646361474236e+00
3.523554586720000225e+04	1.575259435645566697e+00
3.523574086720000196e+04	1.609027753256571103e+00
3.523593686719999823e+04	1.619644749477181733e+00
3.523613186719999794e+04	1.619155522562971683e+00
3.523632686719999765e+04	1.574267129726115044e+00
3.523652286720000120e+04	1.538844559003415213e+00
3.523671786720000091e+04	1.595364303769530423e+00
3.523691286720000062e+04	1.595481468312016204e+00
3.523710886719999689e+04	1.626613165819145834e+00
3.523730386719999660e+04	1.604886312704623563e+00
3.523749886720000359e+04	1.602011277615549290e+00
3.523769386720000330e+04	1.611584266880266014e+00
3.523788986719999957e+04	1.561807665270604772e+00
3.523808486719999928e+04	1.583000742800795280e+00
3.523827986719999899e+04	1.605479138027519070e+00
3.523847586720000254e+04	1.585420815278354212e+00
3.523867086720000225e+04	1.582310857021731465e+00
3.523886586720000196e+04	1.569927404619907207e+00
3.523906186719999823e+04	1.588202483948554899e+00
3.523925686719999794e+04	1.578248053475233448e+00
3.523945186719999765e+04	1.613134854088817960e+00
3.523964786720000120e+04	1.583590117756333626e+00
3.523984286720000091e+04	1.601889112890496847e+00
3.524003786720000062e+04	1.585981358932889052e+00
3.524023386719999689e+04	1.591026493034686240e+00
3.524042886719999660e+04	1.582630956339972528e+00
3.524062386720000359e+04	1.631924189481006593e+00
3.524081886720000330e+04	1.625550626620659855e+00
3.524101486719999957e+04	1.604823702637025562e+00
3.524120986719999928e+04	1.586974186137616982e+00
3.524140486719999899e+04	1.593594901790854834e+00
3.524160086720000254e+04	1.587525814240072108e+00
3.524179586720000225e+04	1.595631485845412811e+00
3.524199086720000196e+04	1.642108326028905552e+00
3.524218686719999823e+04	1.639773406115828891e+00
3.524238186719999794e+04	1.627444635882467239e+00
3.524257686719999765e+04	1.594440364137410526e+00
3.524277286720000120e+04	1.589048143819001169e+00
3.524296786720000091e+04	1.612640457987836839e+00
3.524316286720000062e+04	1.592929228812989706e+00
3.524335886719999689e+04	1.638841450069003614e+00
3.524355386719999660e+04	1.586549828159764530e+00
3.524374886720000359e+04	1.628239178593469560e+00
3.524394386720000330e+04	1.590877469785358045e+00
3.524413986719999957e+04	1.599904698614480481e+00
3.524433486719999928e+04	1.584473682424809127e+00
3.524452986719999899e+04	1.586634341837049433e+00
3.524472586720000254e+04	1.589646326826702705e+00
3.524492086720000225e+04	1.590954968823169224e+00
3.524511586720000196e+04	1.584859233531382472e+00
3.524531186719999823e+04	1.599483649818145281e+00
3.524550686719999794e+04	1.602091725122406274e+00
3.524570186719999765e+04	1.598859869179614535e+00
3.524589786720000120e+04	1.623435373225889933e+00
3.524609286720000091e+04	1.633933706813150977e+00
3.524628786720000062e+04	1.592334032639794117e+00
3.524648386719999689e+04	1.585682221886294485e+00
3.524667886719999660e+04	1.602899170508054638e+00
3.524687386720000359e+04	1.610364120875649618e+00
3.524706886720000330e+04	1.582160752906025536e+00
3.524726486719999957e+04	1.572618345440266907e+00
3.524745986719999928e+04	1.610739347377695196e+00
3.524765486719999899e+04	1.600208685096626837e+00
3.524785086720000254e+04	1.598454671490030066e+00
3.524804586720000225e+04	1.644590664520166001e+00
3.524824086720000196e+04	1.633571636895867485e+00
3.524843686719999823e+04	1.633446742751910818e+00
3.524863186719999794e+04	1.563258114766767903e+00
3.524882686719999765e+04	1.623048335580193680e+00
3.524902286720000120e+04	1.614998933887024535e+00
3.524921786720000091e+04	1.582922107108412746e+00
3.524941286720000062e+04	1.585082997065171639e+00
3.524960886719999689e+04	1.590960858056595484e+00
3.524980386719999660e+04	1.611602004059186299e+00
3.524999886720000359e+04	1.594465197578836424e+00
3.525019386720000330e+04	1.570597755900813297e+00
3.525038986719999957e+04	1.616838138869859165e+00
3.525058486719999928e+04	1.625032804224888494e+00
3.525077986719999899e+04	1.587523765506414719e+00
3.525097586720000254e+04	1.651504970787708970e+00
3.525117086720000225e+04	1.612367503821321435e+00
3.525136586720000196e+04	1.630889756845448346e+00
3.525156186719999823e+04	1.587388634047457003e+00
3.525175686719999794e+04	1.594001208899767263e+00
3.525195186719999765e+04	1.568365966887627749e+00
