# time(sec)	crack length FEA(mm)
1.801249886719999995e+04	6.322817710628285681e-01
1.801269386719999966e+04	6.726901762443304733e-01
1.801288986719999957e+04	6.680295337687063295e-01
1.801308486719999928e+04	6.727903860688506654e-01
1.801327986719999899e+04	6.693053528815546827e-01
1.801347586719999890e+04	6.303429627289336423e-01
1.801367086719999861e+04	6.728337436579945319e-01
1.801386586719999832e+04	6.652846075981564411e-01
1.801406186720000187e+04	6.593122050744959495e-01
1.801425686720000158e+04	6.601130962197423457e-01
1.801445186720000129e+04	6.689726816197918424e-01
1.801464786720000120e+04	6.282808275674796050e-01
1.801484286720000091e+04	6.481353765895256913e-01
1.801503786720000062e+04	6.609005311210029987e-01
1.801523386720000053e+04	6.954145594535017239e-01
1.801542886720000024e+04	6.920173624599641471e-01
1.801562386719999995e+04	6.174085916182967537e-01
1.801581886719999966e+04	6.609635443422732237e-01
1.801601486719999957e+04	6.623574982255284738e-01
1.801620986719999928e+04	6.476576889839833484e-01
1.801640486719999899e+04	6.521692688403462057e-01
1.801660086719999890e+04	6.802225788716587118e-01
1.801679586719999861e+04	6.601441023383678441e-01
1.801699086719999832e+04	6.733543037353317828e-01
1.801718686720000187e+04	6.535140917139443673e-01
1.801738186720000158e+04	7.275127691632281568e-01
1.801757686720000129e+04	6.760580828353468519e-01
1.801777286720000120e+04	6.448515528257807716e-01
1.801796786720000091e+04	6.995170060299820136e-01
1.801816286720000062e+04	7.009737292016602339e-01
1.801835886720000053e+04	6.792561312580964739e-01
1.801855386720000024e+04	7.108703354818111109e-01
1.801874886719999995e+04	7.118747061644121743e-01
1.801894386719999966e+04	7.116963538097671460e-01
1.801913986719999957e+04	6.585836635935127248e-01
1.801933486719999928e+04	6.737602131058668675e-01
1.801952986719999899e+04	6.837463822881240105e-01
1.801972586719999890e+04	6.669871721481008819e-01
1.801992086719999861e+04	6.598123623405633964e-01
1.802011586719999832e+04	6.285581123419703431e-01
1.802031186720000187e+04	6.619700295438857296e-01
1.802050686720000158e+04	6.586735629015532112e-01
1.802070186720000129e+04	6.597162801067195659e-01
1.802089786720000120e+04	6.611175039786907348e-01
1.802109286720000091e+04	6.428330501467804936e-01
1.802128786720000062e+04	6.774294411351178269e-01
1.802148386720000053e+04	7.000555353212476462e-01
1.802167886720000024e+04	6.687402855414887881e-01
1.802187386719999995e+04	6.698290584508299617e-01
1.802206886719999966e+04	6.517092331768932212e-01
1.802226486719999957e+04	6.777784955382326615e-01
1.802245986719999928e+04	6.838496149588522144e-01
1.802265486719999899e+04	6.893845277146581907e-01
1.802285086719999890e+04	6.481384494190756129e-01
1.802304586719999861e+04	6.819768063991027418e-01
1.802324086719999832e+04	6.536598409274816390e-01
1.802343686720000187e+04	6.559885492626094106e-01
1.802363186720000158e+04	6.379691197480124032e-01
1.802382686720000129e+04	6.670130402725114038e-01
1.802402286720000120e+04	6.274602872412451404e-01
1.802421786720000091e+04	6.615597963339059362e-01
1.802441286720000062e+04	6.621187904111955902e-01
1.802460886720000053e+04	6.702412110154938318e-01
1.802480386720000024e+04	6.203773458944361607e-01
1.802499886719999995e+04	6.458493328269909739e-01
1.802519386719999966e+04	7.007581125910551378e-01
1.802538986719999957e+04	6.549156720497695261e-01
1.802558486719999928e+04	6.882584766977934976e-01
1.802577986719999899e+04	6.736300740799414655e-01
1.802597586719999890e+04	6.474157731940817229e-01
1.802617086719999861e+04	6.523811870750506614e-01
1.802636586719999832e+04	6.577909693988193141e-01
1.802656186720000187e+04	6.630353006440969921e-01
1.802675686720000158e+04	6.517061607971346149e-01
1.802695186720000129e+04	6.671710792739720119e-01
1.802714786720000120e+04	6.530727011339827470e-01
1.802734286720000091e+04	6.738438640357724552e-01
1.802753786720000062e+04	6.420450317259369655e-01
1.802773386720000053e+04	6.380022152758613174e-01
1.802792886720000024e+04	6.830443157983232538e-01
1.802812386719999995e+04	6.523532433823771015e-01
1.802831886719999966e+04	6.186311487862923286e-01
1.802851486719999957e+04	6.774449376210540663e-01
1.802870986719999928e+04	6.510714485663342543e-01
1.802890486719999899e+04	6.654726631824665617e-01
1.802910086719999890e+04	6.324969813020437925e-01
1.802929586719999861e+04	6.524339044023648171e-01
1.802949086719999832e+04	6.433479976872611417e-01
1.802968686720000187e+04	6.474767519368018753e-01
1.802988186720000158e+04	5.891098701026269424e-01
1.803007686720000129e+04	6.800811659175423074e-01
1.803027286720000120e+04	6.045719895768293384e-01
1.803046786720000091e+04	5.988945351945389461e-01
1.803066286720000062e+04	6.088512559649590372e-01
1.803085886720000053e+04	6.505142080851555875e-01
1.803105386720000024e+04	6.206185250549758337e-01
1.803124886719999995e+04	6.261150413470790710e-01
1.803144386719999966e+04	6.266997011315815769e-01
1.803163986719999957e+04	6.323842087783226873e-01
1.803183486719999928e+04	6.429188769719687002e-01
1.803202986719999899e+04	6.311385576158876631e-01
1.803222586719999890e+04	6.248711860780922223e-01
1.803242086719999861e+04	6.558231842477937334e-01
1.803261586719999832e+04	5.601454711913049778e-01
1.803281186720000187e+04	6.140533009531523589e-01
1.803300686720000158e+04	5.893627706902559993e-01
1.803320186720000129e+04	6.475739481495779160e-01
1.803339786720000120e+04	6.214020430459967770e-01
1.803359286720000091e+04	6.108083587627337607e-01
1.803378786720000062e+04	6.546190470243669068e-01
1.803398386720000053e+04	6.279786878376825143e-01
1.803417886720000024e+04	6.359541794881700127e-01
1.803437386719999995e+04	6.563667999832709654e-01
1.803456886719999966e+04	6.124195171600455012e-01
1.803476486719999957e+04	5.990322813376671718e-01
1.803495986719999928e+04	6.184717280962424013e-01
1.803515486719999899e+04	6.476112137001006630e-01
1.803535086719999890e+04	6.398463160208294198e-01
1.803554586719999861e+04	6.117485794711736702e-01
1.803574086719999832e+04	6.058386745136239426e-01
1.803593686720000187e+04	6.833334028868875976e-01
1.803613186720000158e+04	5.989711815549192409e-01
1.803632686720000129e+04	6.556588124780091675e-01
1.803652286720000120e+04	6.306750503147497966e-01
1.803671786720000091e+04	6.258667073714327955e-01
1.803691286720000062e+04	6.399425298566434606e-01
1.803710886720000053e+04	6.216887321934709831e-01
1.803730386720000024e+04	6.389651644300169409e-01
1.803749886719999995e+04	6.043120396149355145e-01
1.803769386719999966e+04	6.166777401596572616e-01
1.803788986719999957e+04	6.200543918364083140e-01
1.803808486719999928e+04	6.825147129695352533e-01
1.803827986719999899e+04	6.036160117236200051e-01
1.803847586719999890e+04	6.154168101730661533e-01
1.803867086719999861e+04	6.642297033547333029e-01
1.803886586719999832e+04	6.409281179278440987e-01
1.803906186720000187e+04	6.614161624851693233e-01
1.803925686720000158e+04	6.649891204441438219e-01
1.803945186720000129e+04	6.508801649871820416e-01
1.803964786720000120e+04	5.893875994616397662e-01
1.803984286720000091e+04	6.276506433911599458e-01
1.804003786720000062e+04	6.652267440495087669e-01
1.804023386720000053e+04	6.255096556332802038e-01
1.804042886720000024e+04	6.186787373812645541e-01
1.804062386719999995e+04	6.278907463685747814e-01
1.804081886719999966e+04	6.648465629186972592e-01
1.804101486719999957e+04	6.514642318750833994e-01
1.804120986719999928e+04	6.605161016738705371e-01
1.804140486719999899e+04	6.639631367367542225e-01
1.804160086719999890e+04	6.757761480583717173e-01
1.804179586719999861e+04	6.162398181558419452e-01
1.804199086719999832e+04	6.964794764972310759e-01
1.804218686720000187e+04	6.553177512823644690e-01
1.804238186720000158e+04	6.480495681121034579e-01
1.804257686720000129e+04	6.203235012504055845e-01
1.804277286720000120e+04	6.878166600018094101e-01
1.804296786720000091e+04	6.586983745905872212e-01
1.804316286720000062e+04	6.907015081897949216e-01
1.804335886720000053e+04	6.543068628013219978e-01
1.804355386720000024e+04	6.395112259447621739e-01
1.804374886719999995e+04	6.452775752468475901e-01
1.804394386719999966e+04	6.906189701562670535e-01
1.804413986719999957e+04	6.986523760233929181e-01
1.804433486719999928e+04	6.811095397254600670e-01
1.804452986719999899e+04	6.761417258742348224e-01
1.804472586719999890e+04	6.626354522186250762e-01
1.804492086719999861e+04	7.021301445894927440e-01
1.804511586719999832e+04	6.930989075624367501e-01
1.804531186720000187e+04	6.511075987831400624e-01
1.804550686720000158e+04	6.643588808352092201e-01
1.804570186720000129e+04	7.294840596377571984e-01
1.804589786720000120e+04	7.270881835498688162e-01
1.804609286720000091e+04	6.756232923066143314e-01
1.804628786720000062e+04	6.861909218572961322e-01
1.804648386720000053e+04	6.758928450746601868e-01
1.804667886720000024e+04	7.173197976000640352e-01
1.804687386719999995e+04	6.449084077617062150e-01
1.804706886719999966e+04	6.561849243099615592e-01
1.804726486719999957e+04	6.737870765389981642e-01
1.804745986719999928e+04	6.651947415432069022e-01
1.804765486719999899e+04	6.445485611251715596e-01
1.804785086719999890e+04	6.712307568652242651e-01
1.804804586719999861e+04	6.375326366243569964e-01
1.804824086719999832e+04	5.964225546445263149e-01
1.804843686720000187e+04	6.454450723927092071e-01
1.804863186720000158e+04	6.623595662944676832e-01
1.804882686720000129e+04	6.358911016334563016e-01
1.804902286720000120e+04	6.213647819226775226e-01
1.804921786720000091e+04	6.680192224489349684e-01
1.804941286720000062e+04	6.582229622565662908e-01
1.804960886720000053e+04	6.723256024160200184e-01
1.804980386720000024e+04	6.989165070405434221e-01
1.804999886719999995e+04	6.358114432842913999e-01
1.805019386719999966e+04	6.599229398825023907e-01
1.805038986719999957e+04	6.445558090943883656e-01
1.805058486719999928e+04	6.474219634404256851e-01
1.805077986719999899e+04	6.205636229079800614e-01
1.805097586719999890e+04	6.519997489101072574e-01
1.805117086719999861e+04	6.825302062196474395e-01
1.805136586719999832e+04	6.781016974835587519e-01
1.805156186720000187e+04	6.607930736306641961e-01
1.805175686720000158e+04	6.438319697160679311e-01
1.805195186720000129e+04	6.867235658886166050e-01
1.805214786720000120e+04	6.418185172473389599e-01
1.805234286720000091e+04	6.722192067280552408e-01
1.805253786720000062e+04	6.319435022686583636e-01
1.805273386720000053e+04	6.757843980368392067e-01
1.805292886720000024e+04	6.694881865973112411e-01
1.805312386719999995e+04	6.733326209777388272e-01
1.805331886719999966e+04	6.710675536866723689e-01
1.805351486719999957e+04	6.704673995094800887e-01
1.805370986719999928e+04	6.650914297822261290e-01
1.805390486719999899e+04	6.419157360018310499e-01
1.805410086719999890e+04	6.638319424667411539e-01
1.805429586719999861e+04	6.689871719165996211e-01
1.805449086719999832e+04	6.534603201118898141e-01
1.805468686720000187e+04	6.688115752041650097e-01
1.805488186720000158e+04	6.405734007109504802e-01
1.805507686720000129e+04	6.650459373242370020e-01
1.805527286720000120e+04	6.503136580705710657e-01
1.805546786720000091e+04	6.953887746674389803e-01
1.805566286720000062e+04	6.832115624712784552e-01
1.805585886720000053e+04	6.482739110839030872e-01
1.805605386720000024e+04	6.794172218284089126e-01
1.805624886719999995e+04	7.036496672673138164e-01
1.805644386719999966e+04	6.979951689511221247e-01
1.805663986719999957e+04	6.928781062037963068e-01
1.805683486719999928e+04	6.734276470280633475e-01
1.805702986719999899e+04	6.551906389561281685e-01
1.805722586719999890e+04	6.845454153299996847e-01
1.805742086719999861e+04	6.622221147728879487e-01
1.805761586719999832e+04	7.153588737740523840e-01
1.805781186720000187e+04	6.514125691501870818e-01
1.805800686720000158e+04	6.664220954202875191e-01
1.805820186720000129e+04	6.600820900616870546e-01
1.805839786720000120e+04	6.631964896270972076e-01
1.805859286720000091e+04	6.580607283614909875e-01
1.805878786720000062e+04	6.464687180518779996e-01
1.805898386720000053e+04	6.987421807137685903e-01
1.805917886720000024e+04	6.510001070085369435e-01
1.805937386719999995e+04	6.463259989220855317e-01
1.805956886719999966e+04	6.835708387423196086e-01
1.805976486719999957e+04	6.934900653524671554e-01
1.805995986719999928e+04	6.853764070578662881e-01
1.806015486719999899e+04	6.672485764905378147e-01
1.806035086719999890e+04	6.744893567251679656e-01
1.806054586719999861e+04	6.920132402205965150e-01
1.806074086719999832e+04	6.664582228831417154e-01
1.806093686720000187e+04	6.508667206459595178e-01
1.806113186720000158e+04	6.882770251984346999e-01
1.806132686720000129e+04	6.410429208655585853e-01
1.806152286720000120e+04	6.836596438041642187e-01
1.806171786720000091e+04	6.800759862001655165e-01
1.806191286720000062e+04	6.758763008338455336e-01
1.806210886720000053e+04	6.396839598653940584e-01
1.806230386720000024e+04	6.804538720725759049e-01
1.806249886719999995e+04	6.804105191772897854e-01
1.806269386719999966e+04	6.686555522618871095e-01
1.806288986719999957e+04	6.361931345879092703e-01
1.806308486719999928e+04	6.224742784270169693e-01
1.806327986719999899e+04	6.478624438383491224e-01
1.806347586719999890e+04	6.784186950218913381e-01
1.806367086719999861e+04	6.247469908591476440e-01
1.806386586719999832e+04	6.682309940746797849e-01
1.806406186720000187e+04	6.318338020716680603e-01
1.806425686720000158e+04	6.305612650993897006e-01
1.806445186720000129e+04	6.271643416348045008e-01
1.806464786720000120e+04	6.590683365156309037e-01
1.806484286720000091e+04	6.237596915240040119e-01
1.806503786720000062e+04	6.168340424275378098e-01
1.806523386720000053e+04	6.003272031064987857e-01
1.806542886720000024e+04	6.274167955947937969e-01
1.806562386719999995e+04	6.091453508517545856e-01
1.806581886719999966e+04	6.057899933454198305e-01
1.806601486719999957e+04	6.328135236173189071e-01
1.806620986719999928e+04	6.515293828728339065e-01
1.806640486719999899e+04	6.255758804268829465e-01
1.806660086719999890e+04	6.354690471481596603e-01
1.806679586719999861e+04	6.725683358023637481e-01
1.806699086719999832e+04	6.429839974966515825e-01
1.806718686720000187e+04	6.102429939505089607e-01
1.806738186720000158e+04	6.326811042109259375e-01
1.806757686720000129e+04	6.558738255160978525e-01
1.806777286720000120e+04	6.333804902335913312e-01
1.806796786720000091e+04	6.833963581112705299e-01
1.806816286720000062e+04	6.678973054035672874e-01
1.806835886720000053e+04	6.515831587322367113e-01
1.806855386720000024e+04	6.356593941889521204e-01
1.806874886719999995e+04	6.473537285435249089e-01
1.806894386719999966e+04	6.816587820515813689e-01
1.806913986719999957e+04	6.719444762203448107e-01
1.806933486719999928e+04	6.802587390894032637e-01
1.806952986719999899e+04	6.723927116653491964e-01
1.806972586719999890e+04	7.230852114186347990e-01
1.806992086719999861e+04	6.703031885753034658e-01
1.807011586719999832e+04	6.607031288794438240e-01
1.807031186720000187e+04	6.723586602211177876e-01
1.807050686720000158e+04	6.735970268718602938e-01
1.807070186720000129e+04	6.884194456480514646e-01
1.807089786720000120e+04	7.310533580293121503e-01
1.807109286720000091e+04	6.692278710793608809e-01
1.807128786720000062e+04	6.395019064694480448e-01
1.807148386720000053e+04	6.523108971280429103e-01
1.807167886720000024e+04	6.803434320161727555e-01
1.807187386719999995e+04	6.830691115491855925e-01
1.807206886719999966e+04	6.845908181780835378e-01
1.807226486719999957e+04	7.041705699323195233e-01
1.807245986719999928e+04	6.737798283831093471e-01
1.807265486719999899e+04	6.665450226431435254e-01
1.807285086719999890e+04	6.950307276189313654e-01
1.807304586719999861e+04	7.122995577259683131e-01
1.807324086719999832e+04	6.925994333778344725e-01
1.807343686720000187e+04	6.850780953669364237e-01
1.807363186720000158e+04	6.720746242512269930e-01
1.807382686720000129e+04	6.711171074475821285e-01
1.807402286720000120e+04	6.711832085474060960e-01
1.807421786720000091e+04	6.181746065546249724e-01
1.807441286720000062e+04	6.797052876412479350e-01
1.807460886720000053e+04	6.926468867028354737e-01
1.807480386720000024e+04	6.351173161746430651e-01
1.807499886719999995e+04	6.594868582745494479e-01
1.807519386719999966e+04	6.710128181799035474e-01
1.807538986719999957e+04	6.688146454289150000e-01
1.807558486719999928e+04	6.603941470909813205e-01
1.807577986719999899e+04	6.611258033030438241e-01
1.807597586719999890e+04	6.792643800578197499e-01
1.807617086719999861e+04	7.084901551378948170e-01
1.807636586719999832e+04	6.717616609363279423e-01
1.807656186720000187e+04	7.034773862768837205e-01
1.807675686720000158e+04	7.000008649548590256e-01
1.807695186720000129e+04	7.075082980680331701e-01
1.807714786720000120e+04	6.858853312578148120e-01
1.807734286720000091e+04	6.983645343797704186e-01
1.807753786720000062e+04	6.918213203935970057e-01
1.807773386720000053e+04	6.948511436868809454e-01
1.807792886720000024e+04	6.811363950533966261e-01
1.807812386719999995e+04	6.966744706153971123e-01
1.807831886719999966e+04	6.636469983503729964e-01
1.807851486719999957e+04	6.961017861716900512e-01
1.807870986719999928e+04	6.946550801302322498e-01
1.807890486719999899e+04	7.435824740694148005e-01
1.807910086719999890e+04	6.816970065646330568e-01
1.807929586719999861e+04	6.765847568558704950e-01
1.807949086719999832e+04	7.012718460810027921e-01
1.807968686720000187e+04	6.629123468421767029e-01
1.807988186720000158e+04	6.717967779024789365e-01
1.808007686720000129e+04	6.440335767423537305e-01
1.808027286720000120e+04	6.980188947951901923e-01
1.808046786720000091e+04	6.352590523531080891e-01
1.808066286720000062e+04	6.724133927042625913e-01
1.808085886720000053e+04	6.924115960221932653e-01
1.808105386720000024e+04	6.895775749995465276e-01
1.808124886719999995e+04	6.651017423408838170e-01
1.808144386719999966e+04	6.831424255904607890e-01
1.808163986719999957e+04	7.002082465771088948e-01
1.808183486719999928e+04	6.813283902735207676e-01
1.808202986719999899e+04	6.838031554337824502e-01
1.808222586719999890e+04	6.676989570735631929e-01
1.808242086719999861e+04	6.924477381377247553e-01
1.808261586719999832e+04	6.701099973020880896e-01
1.808281186720000187e+04	6.916809233750775832e-01
1.808300686720000158e+04	6.780356062855297239e-01
1.808320186720000129e+04	6.629464736183123819e-01
1.808339786720000120e+04	7.021219123979136612e-01
1.808359286720000091e+04	7.320857470487585061e-01
1.808378786720000062e+04	6.721283015718437781e-01
1.808398386720000053e+04	6.504015276675438884e-01
1.808417886720000024e+04	6.940049983387819310e-01
1.808437386719999995e+04	6.499353134565737378e-01
1.808456886719999966e+04	6.614079076405587898e-01
1.808476486719999957e+04	6.754746049922282225e-01
1.808495986719999928e+04	6.571554123370386691e-01
1.808515486719999899e+04	6.747929790025697372e-01
1.808535086719999890e+04	6.773778422897400731e-01
1.808554586719999861e+04	6.352032234494338070e-01
1.808574086719999832e+04	6.820253269409182195e-01
1.808593686720000187e+04	6.625073218216144255e-01
1.808613186720000158e+04	6.591303513709831918e-01
1.808632686720000129e+04	6.918223221500507947e-01
1.808652286720000120e+04	6.924147075971642806e-01
1.808671786720000091e+04	6.835305597668686062e-01
1.808691286720000062e+04	6.799561960591677945e-01
1.808710886720000053e+04	7.021899940449216615e-01
1.808730386720000024e+04	6.909285705601391214e-01
1.808749886719999995e+04	6.553218797361370918e-01
1.808769386719999966e+04	6.614916009839930666e-01
1.808788986719999957e+04	6.592202397862383378e-01
1.808808486719999928e+04	6.700996779896772892e-01
1.808827986719999899e+04	6.720529403546144920e-01
1.808847586719999890e+04	6.725672800207309621e-01
1.808867086719999861e+04	6.779746950735727751e-01
1.808886586719999832e+04	6.621559893620769799e-01
1.808906186720000187e+04	6.783908343873523705e-01
1.808925686720000158e+04	6.582374589455124436e-01
1.808945186720000129e+04	6.752039830570808476e-01
1.808964786720000120e+04	6.601182801827754076e-01
1.808984286720000091e+04	6.745130966194601285e-01
1.809003786720000062e+04	6.817796280680852306e-01
1.809023386720000053e+04	6.584854548563185972e-01
1.809042886720000024e+04	6.586911308228042827e-01
1.809062386719999995e+04	6.741320046465411053e-01
1.809081886719999966e+04	6.581330612870281982e-01
1.809101486719999957e+04	6.473113292025871601e-01
1.809120986719999928e+04	6.937057375267041692e-01
1.809140486719999899e+04	6.524979961586989674e-01
1.809160086719999890e+04	6.608437045772426188e-01
1.809179586719999861e+04	6.590528283386305475e-01
1.809199086719999832e+04	6.912836194477947060e-01
1.809218686720000187e+04	6.790816197059257320e-01
1.809238186720000158e+04	6.463735868608662116e-01
1.809257686720000129e+04	6.740431648339768600e-01
1.809277286720000120e+04	6.599250081579910443e-01
1.809296786720000091e+04	6.929162510493203087e-01
1.809316286720000062e+04	6.630022301885105662e-01
1.809335886720000053e+04	6.908284353584797088e-01
1.809355386720000024e+04	6.767551082532481388e-01
1.809374886719999995e+04	6.358683281687582678e-01
1.809394386719999966e+04	6.610162342413801184e-01
1.809413986719999957e+04	6.497347586823831733e-01
1.809433486719999928e+04	6.375440270254983943e-01
1.809452986719999899e+04	6.109140263281531702e-01
1.809472586719999890e+04	6.420357132181226945e-01
1.809492086719999861e+04	6.555255137411286626e-01
1.809511586719999832e+04	6.359696934700043158e-01
1.809531186720000187e+04	6.521072451588594276e-01
1.809550686720000158e+04	6.843244831532953043e-01
1.809570186720000129e+04	6.595023661754630950e-01
1.809589786720000120e+04	6.716253271312240258e-01
1.809609286720000091e+04	6.510042273132938817e-01
1.809628786720000062e+04	6.405744045762133965e-01
1.809648386720000053e+04	6.388472332973123002e-01
1.809667886720000024e+04	6.379163711589228569e-01
1.809687386719999995e+04	6.310185801539152095e-01
1.809706886719999966e+04	6.818900527419131663e-01
1.809726486719999957e+04	6.011973362954936562e-01
1.809745986719999928e+04	6.515325085535046412e-01
1.809765486719999899e+04	6.708692311623458693e-01
1.809785086719999890e+04	6.714683107395380546e-01
1.809804586719999861e+04	6.526447548134193255e-01
1.809824086719999832e+04	6.677465033173284326e-01
1.809843686720000187e+04	6.670150990723104911e-01
1.809863186720000158e+04	6.330411258475621139e-01
1.809882686720000129e+04	6.891254798613530852e-01
1.809902286720000120e+04	6.521971594666098326e-01
1.809921786720000091e+04	6.475987711334383334e-01
1.809941286720000062e+04	6.852122966198148646e-01
1.809960886720000053e+04	6.613438392999313464e-01
1.809980386720000024e+04	6.593556399109701260e-01
1.809999886719999995e+04	6.548009343770502255e-01
1.810019386719999966e+04	6.802029687826216531e-01
1.810038986719999957e+04	6.327380408224403396e-01
1.810058486719999928e+04	6.440811780348916216e-01
1.810077986719999899e+04	6.140781669283175148e-01
1.810097586719999890e+04	6.304360856414561454e-01
1.810117086719999861e+04	6.587572656326319276e-01
1.810136586719999832e+04	6.301173972639890764e-01
1.810156186720000187e+04	6.592243675792950341e-01
1.810175686720000158e+04	6.735412324367988646e-01
1.810195186720000129e+04	6.531719350203601948e-01
1.810214786720000120e+04	6.373899185345663909e-01
1.810234286720000091e+04	6.712235079487243183e-01
1.810253786720000062e+04	7.018020953580421661e-01
1.810273386720000053e+04	6.276920725004551116e-01
1.810292886720000024e+04	6.217736198435712680e-01
1.810312386719999995e+04	6.283563774702720650e-01
1.810331886719999966e+04	6.615484260174397946e-01
1.810351486719999957e+04	6.454460849395697863e-01
1.810370986719999928e+04	6.831775172821856756e-01
1.810390486719999899e+04	6.713639697398967598e-01
1.810410086719999890e+04	6.758256922419079160e-01
1.810429586719999861e+04	6.697526342176480796e-01
1.810449086719999832e+04	6.787274571949613033e-01
1.810468686720000187e+04	6.842831944901099916e-01
1.810488186720000158e+04	6.852814808276299630e-01
1.810507686720000129e+04	6.318472569019952800e-01
1.810527286720000120e+04	6.614585373101640187e-01
1.810546786720000091e+04	6.641140066117010576e-01
1.810566286720000062e+04	6.759104005865381737e-01
1.810585886720000053e+04	6.581961349258147465e-01
1.810605386720000024e+04	7.001618182738660323e-01
1.810624886719999995e+04	6.793841736020578281e-01
1.810644386719999966e+04	6.619452123084457185e-01
1.810663986719999957e+04	6.612425705028801559e-01
1.810683486719999928e+04	6.530716977828561198e-01
1.810702986719999899e+04	6.848323740946060667e-01
1.810722586719999890e+04	6.913310664734986233e-01
1.810742086719999861e+04	6.452000081707698342e-01
1.810761586719999832e+04	6.987049932990565537e-01
1.810781186720000187e+04	6.784806606487485681e-01
1.810800686720000158e+04	6.727335872441546627e-01
1.810820186720000129e+04	6.848953786486191575e-01
1.810839786720000120e+04	6.888096147157831695e-01
1.810859286720000091e+04	6.477011534632630685e-01
1.810878786720000062e+04	7.032855125691845899e-01
1.810898386720000053e+04	6.553188078114615678e-01
1.810917886720000024e+04	6.286750355002901358e-01
1.810937386719999995e+04	6.449983574889461835e-01
1.810956886719999966e+04	6.938037511666088619e-01
1.810976486719999957e+04	6.537342468304085941e-01
1.810995986719999928e+04	6.796061617395636745e-01
1.811015486719999899e+04	6.905766460335023282e-01
1.811035086719999890e+04	6.274964724453973020e-01
1.811054586719999861e+04	6.335904478693255015e-01
1.811074086719999832e+04	6.839868824287798077e-01
1.811093686720000187e+04	6.985254896640764599e-01
1.811113186720000158e+04	7.030689151599016640e-01
1.811132686720000129e+04	6.313134214892208718e-01
1.811152286720000120e+04	6.209776665182076272e-01
1.811171786720000091e+04	6.397522162126882961e-01
1.811191286720000062e+04	6.475264069582884474e-01
1.811210886720000053e+04	6.442755882463568895e-01
1.811230386720000024e+04	6.718597629557301332e-01
