# time(sec)	crack length FEA(mm)
4.225898386719999689e+04	1.997998627101939206e+00
4.225917886719999660e+04	1.991156496719046487e+00
4.225937386720000359e+04	2.005466951805438214e+00
4.225956886720000330e+04	1.978944240913831365e+00
4.225976486719999957e+04	1.984842646452664283e+00
4.225995986719999928e+04	2.047224884098870490e+00
4.226015486719999899e+04	2.024562474143611013e+00
4.226035086720000254e+04	1.984559432077741548e+00
4.226054586720000225e+04	1.998995055482106764e+00
4.226074086720000196e+04	2.008681796745610981e+00
4.226093686719999823e+04	1.983635605001250468e+00
4.226113186719999794e+04	2.006063023427177683e+00
4.226132686719999765e+04	2.003948624389987998e+00
4.226152286720000120e+04	1.991227866983880546e+00
4.226171786720000091e+04	1.997498929127406342e+00
4.226191286720000062e+04	2.018479295826908881e+00
4.226210886719999689e+04	2.002887117339064105e+00
4.226230386719999660e+04	2.048166682306165498e+00
4.226249886720000359e+04	2.041741124018582099e+00
4.226269386720000330e+04	2.018788469385718543e+00
4.226288986719999957e+04	1.988157986525378007e+00
4.226308486719999928e+04	1.998107955515989076e+00
4.226327986719999899e+04	2.002406053087311122e+00
4.226347586720000254e+04	1.997591659153181709e+00
4.226367086720000225e+04	1.989958516011434142e+00
4.226386586720000196e+04	2.008566653555352133e+00
4.226406186719999823e+04	2.038333326127506950e+00
4.226425686719999794e+04	2.022781293066831410e+00
4.226445186719999765e+04	2.012069709398684125e+00
4.226464786720000120e+04	1.974737342886880853e+00
4.226484286720000091e+04	2.021895884114782049e+00
4.226503786720000062e+04	2.000820119583003986e+00
4.226523386719999689e+04	2.031601904347635212e+00
4.226542886719999660e+04	2.037083285686790646e+00
4.226562386720000359e+04	2.037587126637365742e+00
4.226581886720000330e+04	1.997409133232217471e+00
4.226601486719999957e+04	2.010805471213075180e+00
4.226620986719999928e+04	2.032021986651116663e+00
4.226640486719999899e+04	1.994678781399294110e+00
4.226660086720000254e+04	2.039464462385002008e+00
4.226679586720000225e+04	2.084039419773379365e+00
4.226699086720000196e+04	2.047021427742416577e+00
4.226718686719999823e+04	2.012730875669284103e+00
4.226738186719999794e+04	2.045505904309667500e+00
4.226757686719999765e+04	2.092216916375580382e+00
4.226777286720000120e+04	2.024644290017228343e+00
4.226796786720000091e+04	2.026203005582448924e+00
4.226816286720000062e+04	2.073764634622099479e+00
4.226835886719999689e+04	2.042653866129743534e+00
4.226855386719999660e+04	2.060419339867660682e+00
4.226874886720000359e+04	2.017695244122272413e+00
4.226894386720000330e+04	2.081791354321273602e+00
4.226913986719999957e+04	2.031863096340529751e+00
4.226933486719999928e+04	2.025263217036730623e+00
4.226952986719999899e+04	2.061000411357472473e+00
4.226972586720000254e+04	2.053788959347762955e+00
4.226992086720000225e+04	2.024204725086448775e+00
4.227011586720000196e+04	1.997753558490856562e+00
4.227031186719999823e+04	2.044047675929334673e+00
4.227050686719999794e+04	2.043688396218577452e+00
4.227070186719999765e+04	2.034450491090986191e+00
4.227089786720000120e+04	2.025088787022264469e+00
4.227109286720000091e+04	2.044299017703250954e+00
4.227128786720000062e+04	2.041635856728509779e+00
4.227148386719999689e+04	2.036925435516153016e+00
4.227167886719999660e+04	2.035799109716853295e+00
4.227187386720000359e+04	2.019017561654667503e+00
4.227206886720000330e+04	2.026700308066418543e+00
4.227226486719999957e+04	2.068719207504944535e+00
4.227245986719999928e+04	2.033550976394238319e+00
4.227265486719999899e+04	2.047210327660922147e+00
4.227285086720000254e+04	2.019929133112533748e+00
4.227304586720000225e+04	2.058365486869764283e+00
4.227324086720000196e+04	2.050068478913161130e+00
4.227343686719999823e+04	2.036520091953711642e+00
4.227363186719999794e+04	2.024669663764013805e+00
4.227382686719999765e+04	2.040114362941608306e+00
4.227402286720000120e+04	2.005551938234919618e+00
4.227421786720000091e+04	2.014395058532794991e+00
4.227441286720000062e+04	2.037806151646286423e+00
4.227460886719999689e+04	2.005331341631165998e+00
4.227480386719999660e+04	2.011297165077699844e+00
4.227499886720000359e+04	2.047721470489992868e+00
4.227519386720000330e+04	2.069461698211554790e+00
4.227538986719999957e+04	2.036515153797907374e+00
4.227558486719999928e+04	2.029466462230535839e+00
4.227577986719999899e+04	2.037652323834965529e+00
4.227597586720000254e+04	2.026185421019794930e+00
4.227617086720000225e+04	2.040301312567809333e+00
4.227636586720000196e+04	2.082646088454511712e+00
4.227656186719999823e+04	2.042482499702373389e+00
4.227675686719999794e+04	2.029167315017875950e+00
4.227695186719999765e+04	2.038136400832023298e+00
4.227714786720000120e+04	2.033186589869016458e+00
4.227734286720000091e+04	2.029562158357240520e+00
4.227753786720000062e+04	2.036719877109618437e+00
4.227773386719999689e+04	2.024933867247682429e+00
4.227792886719999660e+04	2.036995656381188624e+00
4.227812386720000359e+04	2.015598525443744293e+00
4.227831886720000330e+04	2.029342718078538610e+00
4.227851486719999957e+04	2.049468637787226655e+00
4.227870986719999928e+04	2.016196339300345031e+00
4.227890486719999899e+04	2.028650642487143330e+00
4.227910086720000254e+04	2.076380288572048372e+00
4.227929586720000225e+04	2.027207145026455493e+00
4.227949086720000196e+04	2.028700376188513843e+00
4.227968686719999823e+04	2.016594174947055507e+00
4.227988186719999794e+04	2.029126373485912183e+00
4.228007686719999765e+04	1.999087863184216829e+00
4.228027286720000120e+04	2.008464163888257659e+00
4.228046786720000091e+04	2.060176957541502318e+00
4.228066286720000062e+04	2.022801643997777177e+00
4.228085886719999689e+04	2.015215165596689673e+00
4.228105386719999660e+04	2.022475943142422850e+00
4.228124886720000359e+04	2.008934539848500123e+00
4.228144386720000330e+04	2.038215405492822541e+00
4.228163986719999957e+04	2.024159754823276813e+00
4.228183486719999928e+04	2.069900461552791171e+00
4.228202986719999899e+04	2.029057132729420232e+00
4.228222586720000254e+04	2.017223292130459811e+00
4.228242086720000225e+04	2.046252928340683397e+00
4.228261586720000196e+04	2.058965090241166251e+00
4.228281186719999823e+04	2.028070742756217015e+00
4.228300686719999794e+04	2.046342445736023308e+00
4.228320186719999765e+04	2.076974481154895358e+00
4.228339786720000120e+04	2.040983238725873505e+00
4.228359286720000091e+04	2.050648814756325322e+00
4.228378786720000062e+04	2.019414342268239793e+00
4.228398386719999689e+04	2.035209433838346627e+00
4.228417886719999660e+04	2.032911768371796768e+00
4.228437386720000359e+04	2.030370912498785430e+00
4.228456886720000330e+04	2.056892540107465805e+00
4.228476486719999957e+04	2.035236804516170395e+00
4.228495986719999928e+04	2.043030901136420496e+00
4.228515486719999899e+04	2.063986212550052102e+00
4.228535086720000254e+04	2.079675302268553239e+00
4.228554586720000225e+04	2.046781661429390553e+00
4.228574086720000196e+04	2.061498699524637601e+00
4.228593686719999823e+04	2.041547241035850391e+00
4.228613186719999794e+04	2.053925364685337485e+00
4.228632686719999765e+04	2.045140624020117315e+00
4.228652286720000120e+04	2.024921054915829188e+00
4.228671786720000091e+04	2.063507457746268869e+00
4.228691286720000062e+04	2.014883657944142925e+00
4.228710886719999689e+04	2.007209612315099534e+00
4.228730386719999660e+04	2.052223458477071105e+00
4.228749886720000359e+04	2.071370465101614045e+00
4.228769386720000330e+04	2.004407276511354752e+00
4.228788986719999957e+04	2.051960412168220671e+00
4.228808486719999928e+04	2.016666469867088196e+00
4.228827986719999899e+04	1.951426752324703529e+00
4.228847586720000254e+04	2.027532777347635928e+00
4.228867086720000225e+04	2.066778118344657855e+00
4.228886586720000196e+04	2.012414077983539329e+00
4.228906186719999823e+04	2.087644372987636388e+00
4.228925686719999794e+04	2.037744972158694878e+00
4.228945186719999765e+04	2.052483239818656102e+00
4.228964786720000120e+04	2.027239298183465266e+00
4.228984286720000091e+04	2.040834202515302565e+00
4.229003786720000062e+04	2.081782583793215125e+00
4.229023386719999689e+04	2.047667010490423323e+00
4.229042886719999660e+04	2.058314815427991107e+00
4.229062386720000359e+04	2.045487330879019794e+00
4.229081886720000330e+04	2.044587337724980358e+00
4.229101486719999957e+04	2.037983579587299587e+00
4.229120986719999928e+04	2.059862584014219067e+00
4.229140486719999899e+04	2.038915973861328723e+00
4.229160086720000254e+04	2.074072045144990994e+00
4.229179586720000225e+04	2.024378157046747617e+00
4.229199086720000196e+04	2.054585384196254694e+00
4.229218686719999823e+04	2.020404043600802169e+00
4.229238186719999794e+04	2.002448049173800371e+00
4.229257686719999765e+04	2.043397972856613620e+00
4.229277286720000120e+04	2.072125402740772060e+00
4.229296786720000091e+04	2.050201895587221657e+00
4.229316286720000062e+04	2.012101800416520092e+00
4.229335886719999689e+04	2.047269724561056492e+00
4.229355386719999660e+04	2.006015334925880467e+00
4.229374886720000359e+04	2.005795916231365439e+00
4.229394386720000330e+04	2.026539370497243198e+00
4.229413986719999957e+04	2.023525053191534084e+00
4.229433486719999928e+04	2.069726294427551849e+00
4.229452986719999899e+04	2.031021076143822768e+00
4.229472586720000254e+04	2.040604328330104522e+00
4.229492086720000225e+04	2.059519945296102605e+00
4.229511586720000196e+04	2.024741765244614911e+00
4.229531186719999823e+04	2.029113563543416987e+00
4.229550686719999794e+04	2.041907726487558250e+00
4.229570186719999765e+04	2.039997455871604970e+00
4.229589786720000120e+04	2.061270876190794965e+00
4.229609286720000091e+04	2.050170779041982527e+00
4.229628786720000062e+04	2.049625396030718250e+00
4.229648386719999689e+04	2.006204495926171560e+00
4.229667886719999660e+04	2.035028217347383261e+00
4.229687386720000359e+04	2.051721953215912109e+00
4.229706886720000330e+04	2.080824654404874963e+00
4.229726486719999957e+04	2.015314692338714408e+00
4.229745986719999928e+04	2.017007752365946871e+00
4.229765486719999899e+04	2.061064620923760415e+00
4.229785086720000254e+04	2.028783181719884254e+00
4.229804586720000225e+04	2.045048089865545649e+00
4.229824086720000196e+04	2.068405956639676191e+00
4.229843686719999823e+04	2.063057785074629891e+00
4.229863186719999794e+04	2.038554436110358026e+00
4.229882686719999765e+04	2.049039261816735902e+00
4.229902286720000120e+04	2.093465807673219103e+00
4.229921786720000091e+04	2.037938720579862917e+00
4.229941286720000062e+04	2.027130111234034970e+00
4.229960886719999689e+04	2.095655352796805815e+00
4.229980386719999660e+04	2.091573366607564211e+00
4.229999886720000359e+04	2.059386584009310184e+00
4.230019386720000330e+04	2.073894902330442491e+00
4.230038986719999957e+04	2.071688688538898759e+00
4.230058486719999928e+04	1.985794861576691162e+00
4.230077986719999899e+04	2.027680897045737396e+00
4.230097586720000254e+04	2.057986869765443316e+00
4.230117086720000225e+04	2.048699385631486791e+00
4.230136586720000196e+04	2.039043514957228354e+00
4.230156186719999823e+04	2.063478365977813311e+00
4.230175686719999794e+04	2.040941314546508067e+00
4.230195186719999765e+04	1.993123750802974214e+00
4.230214786720000120e+04	2.028617570352082566e+00
4.230234286720000091e+04	2.027376618440541733e+00
4.230253786720000062e+04	2.048692358848285267e+00
4.230273386719999689e+04	2.015558564505957051e+00
4.230292886719999660e+04	2.052961477194282125e+00
4.230312386720000359e+04	1.993319057941167927e+00
4.230331886720000330e+04	2.003415865421086295e+00
4.230351486719999957e+04	1.994059012604203929e+00
4.230370986719999928e+04	2.009422168470219816e+00
4.230390486719999899e+04	2.011624787437824580e+00
4.230410086720000254e+04	1.983573942474375684e+00
4.230429586720000225e+04	2.028303759418687235e+00
4.230449086720000196e+04	2.016379634424826151e+00
4.230468686719999823e+04	1.984725451836393262e+00
4.230488186719999794e+04	1.999958493146083427e+00
4.230507686719999765e+04	2.043901672175712392e+00
4.230527286720000120e+04	2.030518260015652388e+00
4.230546786720000091e+04	1.994364496770399953e+00
4.230566286720000062e+04	2.008136327902199980e+00
4.230585886719999689e+04	1.985600495851436165e+00
4.230605386719999660e+04	2.011370314933895287e+00
4.230624886720000359e+04	1.993172556781532379e+00
4.230644386720000330e+04	2.002526927839067383e+00
4.230663986719999957e+04	1.987697996819491664e+00
4.230683486719999928e+04	2.016429395274872860e+00
4.230702986719999899e+04	2.007986068145893199e+00
4.230722586720000254e+04	2.007958915690268853e+00
4.230742086720000225e+04	1.986380716875462582e+00
4.230761586720000196e+04	1.982840522994738564e+00
4.230781186719999823e+04	1.997830692929058571e+00
4.230800686719999794e+04	1.992832841496664287e+00
4.230820186719999765e+04	1.994965893513283461e+00
4.230839786720000120e+04	2.013977579126535744e+00
4.230859286720000091e+04	2.006025057018705482e+00
4.230878786720000062e+04	2.047871464859587931e+00
4.230898386719999689e+04	2.029806629551798025e+00
4.230917886719999660e+04	1.988899117217195922e+00
4.230937386720000359e+04	2.018836214584903033e+00
4.230956886720000330e+04	1.978866034849309230e+00
4.230976486719999957e+04	2.037321900143551190e+00
4.230995986719999928e+04	2.018421749371601237e+00
4.231015486719999899e+04	1.997728154373483278e+00
4.231035086720000254e+04	2.024724179538960556e+00
4.231054586720000225e+04	2.045779567806478738e+00
4.231074086720000196e+04	2.023220969573870320e+00
4.231093686719999823e+04	1.979206883758910962e+00
4.231113186719999794e+04	2.037110570386468922e+00
4.231132686719999765e+04	2.053351887979175672e+00
4.231152286720000120e+04	2.023164440218891968e+00
4.231171786720000091e+04	2.030719856644145338e+00
4.231191286720000062e+04	2.002253743270056674e+00
4.231210886719999689e+04	2.033601703753440404e+00
4.231230386719999660e+04	2.061342024203337786e+00
4.231249886720000359e+04	2.023882813063554664e+00
4.231269386720000330e+04	2.054693434198192392e+00
4.231288986719999957e+04	2.068740770503829651e+00
4.231308486719999928e+04	1.995036245485284354e+00
4.231327986719999899e+04	2.003758438596612734e+00
4.231347586720000254e+04	2.030209247719733767e+00
4.231367086720000225e+04	2.034211595017483276e+00
4.231386586720000196e+04	2.077680523877624807e+00
4.231406186719999823e+04	2.021937843839019422e+00
4.231425686719999794e+04	2.008142277933250952e+00
4.231445186719999765e+04	2.024184124194931655e+00
4.231464786720000120e+04	2.033994460223045309e+00
4.231484286720000091e+04	2.046172111394966464e+00
4.231503786720000062e+04	2.034530345764270720e+00
4.231523386719999689e+04	2.058041304729146148e+00
4.231542886719999660e+04	2.059732234762353897e+00
4.231562386720000359e+04	2.026417619874504084e+00
4.231581886720000330e+04	2.048257195917122075e+00
4.231601486719999957e+04	2.036140185576623907e+00
4.231620986719999928e+04	2.050752952419754749e+00
4.231640486719999899e+04	2.034496194114829848e+00
4.231660086720000254e+04	2.060580034812677042e+00
4.231679586720000225e+04	2.050237863583079800e+00
4.231699086720000196e+04	2.047227812116858559e+00
4.231718686719999823e+04	2.055244548017920891e+00
4.231738186719999794e+04	2.055691366783474194e+00
4.231757686719999765e+04	2.065121991733860796e+00
4.231777286720000120e+04	2.025041055097393183e+00
4.231796786720000091e+04	2.053541738241595027e+00
4.231816286720000062e+04	2.037594910138164295e+00
4.231835886719999689e+04	2.042070311231327651e+00
4.231855386719999660e+04	2.016311359678702786e+00
4.231874886720000359e+04	2.059073202768166411e+00
4.231894386720000330e+04	2.033876516812645363e+00
4.231913986719999957e+04	1.998431997122121828e+00
4.231933486719999928e+04	2.037854860777192911e+00
4.231952986719999899e+04	2.054229032940749988e+00
4.231972586720000254e+04	2.057227525879085306e+00
4.231992086720000225e+04	2.050324604768560377e+00
4.232011586720000196e+04	2.040641232207482503e+00
4.232031186719999823e+04	2.053621441419368310e+00
4.232050686719999794e+04	2.044811314478817366e+00
4.232070186719999765e+04	2.083202278756628445e+00
4.232089786720000120e+04	2.061360584517322181e+00
4.232109286720000091e+04	2.049962414182669335e+00
4.232128786720000062e+04	2.039882305578618826e+00
4.232148386719999689e+04	2.070835542049602296e+00
4.232167886719999660e+04	2.059644526597024239e+00
4.232187386720000359e+04	2.003755588731166881e+00
4.232206886720000330e+04	2.048035261247314054e+00
4.232226486719999957e+04	2.061872491989271694e+00
4.232245986719999928e+04	2.051853352692422305e+00
4.232265486719999899e+04	2.029981106682299696e+00
4.232285086720000254e+04	2.064556658920672305e+00
4.232304586720000225e+04	2.034744629438824504e+00
4.232324086720000196e+04	1.990867574829046305e+00
4.232343686719999823e+04	2.042717124109408644e+00
4.232363186719999794e+04	2.000849544071737540e+00
4.232382686719999765e+04	2.010311839315290783e+00
4.232402286720000120e+04	2.034434921907788407e+00
4.232421786720000091e+04	2.036126375243622277e+00
4.232441286720000062e+04	2.017193972812425073e+00
4.232460886719999689e+04	2.018815608774529480e+00
4.232480386719999660e+04	2.060296769484338597e+00
4.232499886720000359e+04	2.048092648258791115e+00
4.232519386720000330e+04	2.027826001490385721e+00
4.232538986719999957e+04	2.023102969618255642e+00
4.232558486719999928e+04	2.003691047564142735e+00
4.232577986719999899e+04	2.041569583268948662e+00
4.232597586720000254e+04	2.060553698311068160e+00
4.232617086720000225e+04	2.083204032751355683e+00
4.232636586720000196e+04	2.035587598232893924e+00
4.232656186719999823e+04	2.052373171851719746e+00
4.232675686719999794e+04	2.031447950337504693e+00
4.232695186719999765e+04	2.028171217358940126e+00
4.232714786720000120e+04	2.053083084023914040e+00
4.232734286720000091e+04	2.017116067010249481e+00
4.232753786720000062e+04	2.042494046895303228e+00
4.232773386719999689e+04	1.992134861876827756e+00
4.232792886719999660e+04	2.021258270925960332e+00
4.232812386720000359e+04	2.026846423644057538e+00
4.232831886720000330e+04	2.034307187234000835e+00
4.232851486719999957e+04	2.023512491294825466e+00
4.232870986719999928e+04	2.035182314234781131e+00
4.232890486719999899e+04	1.992391564573249951e+00
4.232910086720000254e+04	2.031709060404269351e+00
4.232929586720000225e+04	2.000579105585430284e+00
4.232949086720000196e+04	2.013868327768156163e+00
4.232968686719999823e+04	2.044286467415087571e+00
4.232988186719999794e+04	2.023544565990507138e+00
4.233007686719999765e+04	2.029150737474040511e+00
4.233027286720000120e+04	2.047390442002026134e+00
4.233046786720000091e+04	2.030552166551842674e+00
4.233066286720000062e+04	1.994686579761493661e+00
4.233085886719999689e+04	2.044112938045156369e+00
4.233105386719999660e+04	2.007061357746042773e+00
4.233124886720000359e+04	2.032415607860873052e+00
4.233144386720000330e+04	1.988175600824160227e+00
4.233163986719999957e+04	2.005310891076634405e+00
4.233183486719999928e+04	2.023178007277051549e+00
4.233202986719999899e+04	1.986878899999009462e+00
4.233222586720000254e+04	2.016625505566649323e+00
4.233242086720000225e+04	1.984358260463634949e+00
4.233261586720000196e+04	2.020233512523088137e+00
4.233281186719999823e+04	2.011059028388880066e+00
4.233300686719999794e+04	2.032171081331831886e+00
4.233320186719999765e+04	2.078796980067277644e+00
4.233339786720000120e+04	2.015700982618181314e+00
4.233359286720000091e+04	2.004985020717281685e+00
4.233378786720000062e+04	2.019684554486616435e+00
4.233398386719999689e+04	2.060245099094792920e+00
4.233417886719999660e+04	1.990511218750256717e+00
4.233437386720000359e+04	2.000481609451082221e+00
4.233456886720000330e+04	2.032276309267357917e+00
4.233476486719999957e+04	2.019847300080714447e+00
4.233495986719999928e+04	2.065205749723117989e+00
4.233515486719999899e+04	2.061142541660995420e+00
4.233535086720000254e+04	2.017279836421593586e+00
4.233554586720000225e+04	2.024997091392730653e+00
4.233574086720000196e+04	2.039877535531946506e+00
4.233593686719999823e+04	2.019748798513401056e+00
4.233613186719999794e+04	2.064611997465348736e+00
4.233632686719999765e+04	2.006853347145291622e+00
4.233652286720000120e+04	2.041551257618721138e+00
4.233671786720000091e+04	2.032033622936351591e+00
4.233691286720000062e+04	2.031167331070747650e+00
4.233710886719999689e+04	2.046201225607688912e+00
4.233730386719999660e+04	2.050860268076664994e+00
4.233749886720000359e+04	2.060526358481450160e+00
4.233769386720000330e+04	2.053604965549585160e+00
4.233788986719999957e+04	2.037841302576106628e+00
4.233808486719999928e+04	2.051907802536504732e+00
4.233827986719999899e+04	2.047454606864116400e+00
4.233847586720000254e+04	2.038182347432332620e+00
4.233867086720000225e+04	2.050794021839317693e+00
4.233886586720000196e+04	2.020412838144894252e+00
4.233906186719999823e+04	2.035022441832413875e+00
4.233925686719999794e+04	2.063277899260068438e+00
4.233945186719999765e+04	2.021068985190819234e+00
4.233964786720000120e+04	2.036406179303710928e+00
4.233984286720000091e+04	2.005506930668744303e+00
4.234003786720000062e+04	2.027908893972584892e+00
4.234023386719999689e+04	2.024182114350844941e+00
4.234042886719999660e+04	2.041425571705982378e+00
4.234062386720000359e+04	2.055017581082548617e+00
4.234081886720000330e+04	2.029255895827715150e+00
4.234101486719999957e+04	2.049171680803098639e+00
4.234120986719999928e+04	1.986821272711518205e+00
4.234140486719999899e+04	2.010654307545262753e+00
4.234160086720000254e+04	1.982640258918157983e+00
4.234179586720000225e+04	2.022200236905648651e+00
4.234199086720000196e+04	1.982961670571123491e+00
4.234218686719999823e+04	2.006201730180862342e+00
4.234238186719999794e+04	1.998701287659523373e+00
4.234257686719999765e+04	2.037295787425765781e+00
4.234277286720000120e+04	1.991019877802372662e+00
4.234296786720000091e+04	1.987671658685590259e+00
4.234316286720000062e+04	2.048884256161294104e+00
4.234335886719999689e+04	2.026966413548613843e+00
4.234355386719999660e+04	2.020707327749779125e+00
4.234374886720000359e+04	2.002399011819630203e+00
4.234394386720000330e+04	1.990341215876721748e+00
4.234413986719999957e+04	1.994359717061026771e+00
4.234433486719999928e+04	2.008476734191425805e+00
4.234452986719999899e+04	2.009456358222932337e+00
4.234472586720000254e+04	2.059633740726514617e+00
4.234492086720000225e+04	2.019409567875616318e+00
4.234511586720000196e+04	1.975508288621437458e+00
4.234531186719999823e+04	1.984959840459534774e+00
4.234550686719999794e+04	1.994088194361509636e+00
4.234570186719999765e+04	2.021966151952060642e+00
4.234589786720000120e+04	2.018946446973410858e+00
4.234609286720000091e+04	2.007495307596968814e+00
4.234628786720000062e+04	2.031944969359516406e+00
4.234648386719999689e+04	2.005983151416234733e+00
4.234667886719999660e+04	1.999962265662942329e+00
4.234687386720000359e+04	2.000385873369230794e+00
4.234706886720000330e+04	1.988708720418806308e+00
4.234726486719999957e+04	2.008747077812317983e+00
4.234745986719999928e+04	2.034338325766626099e+00
4.234765486719999899e+04	2.044909873582710702e+00
4.234785086720000254e+04	1.984471430203937459e+00
4.234804586720000225e+04	2.027811432477077958e+00
4.234824086720000196e+04	2.040442569802994655e+00
4.234843686719999823e+04	2.045395802126998674e+00
4.234863186719999794e+04	2.044265968596011618e+00
4.234882686719999765e+04	2.036230747671146091e+00
4.234902286720000120e+04	2.024941655132103335e+00
4.234921786720000091e+04	1.992131842814316656e+00
4.234941286720000062e+04	1.993350253256810589e+00
4.234960886719999689e+04	2.039230640871235067e+00
4.234980386719999660e+04	2.049136547604263114e+00
4.234999886720000359e+04	2.024970796869233425e+00
4.235019386720000330e+04	2.025933039162241656e+00
4.235038986719999957e+04	2.079445658671300379e+00
4.235058486719999928e+04	2.029401241277286161e+00
4.235077986719999899e+04	2.042012908826260187e+00
4.235097586720000254e+04	2.045730875859907982e+00
4.235117086720000225e+04	2.043372871266095459e+00
4.235136586720000196e+04	2.039828830786891700e+00
4.235156186719999823e+04	2.056166441697337532e+00
4.235175686719999794e+04	2.065705783425981323e+00
4.235195186719999765e+04	2.039418602093865829e+00
4.235214786720000120e+04	2.051162974090029678e+00
4.235234286720000091e+04	2.030768581139316353e+00
4.235253786720000062e+04	2.062965324768725850e+00
4.235273386719999689e+04	2.021237751089193679e+00
4.235292886719999660e+04	2.071656598985311959e+00
4.235312386720000359e+04	2.062495326253898753e+00
4.235331886720000330e+04	2.034316980809396824e+00
4.235351486719999957e+04	2.038271897002577049e+00
4.235370986719999928e+04	2.111176463554933491e+00
4.235390486719999899e+04	2.044066250550839570e+00
4.235410086720000254e+04	2.057249852511350952e+00
4.235429586720000225e+04	2.029797838681643540e+00
4.235449086720000196e+04	2.080737279316338117e+00
4.235468686719999823e+04	2.049309870851715232e+00
4.235488186719999794e+04	2.043720525797965593e+00
4.235507686719999765e+04	2.077227375833656353e+00
4.235527286720000120e+04	2.014296365525328980e+00
4.235546786720000091e+04	2.037700028981625167e+00
4.235566286720000062e+04	2.019387203601928249e+00
4.235585886719999689e+04	2.063197979585314812e+00
4.235605386719999660e+04	2.029301860590519979e+00
4.235624886720000359e+04	2.058268157464560488e+00
4.235644386720000330e+04	2.039716692312579127e+00
4.235663986719999957e+04	2.094285033841313037e+00
4.235683486719999928e+04	2.051890405365659475e+00
4.235702986719999899e+04	2.061851925623287229e+00
4.235722586720000254e+04	2.068100557906323189e+00
4.235742086720000225e+04	2.041285324810594659e+00
4.235761586720000196e+04	2.083683619871480985e+00
4.235781186719999823e+04	2.061394695324596071e+00
4.235800686719999794e+04	2.039530742056378187e+00
4.235820186719999765e+04	2.073927991377605196e+00
4.235839786720000120e+04	2.081286500430932662e+00
4.235859286720000091e+04	2.067835858923189107e+00
4.235878786720000062e+04	2.028497756716065581e+00
