# time(sec)	crack length FEA(mm)
2.024199328909999895e+04	8.009138075558226433e-01
2.024218828909999866e+04	8.428585476221694961e-01
2.024238428909999857e+04	8.417772395891542914e-01
2.024257928910000192e+04	8.724523952781293445e-01
2.024277428910000162e+04	8.484836359675540507e-01
2.024296928910000133e+04	8.214371438306127260e-01
2.024316528910000125e+04	8.061148151008730167e-01
2.024336028910000095e+04	8.225867803696687020e-01
2.024355528910000066e+04	8.877892213769111862e-01
2.024375128910000058e+04	8.296698229376175959e-01
2.024394628910000029e+04	8.358115207431957572e-01
2.024414128909999999e+04	8.295146582609458363e-01
2.024433728909999991e+04	8.358853059528357221e-01
2.024453228909999962e+04	8.698340579547263474e-01
2.024472728909999933e+04	8.264956519802133528e-01
2.024492328909999924e+04	8.673927980616014111e-01
2.024511828909999895e+04	8.401653625921170487e-01
2.024531328909999866e+04	7.885114814970819452e-01
2.024550928909999857e+04	8.347865915361545319e-01
2.024570428910000192e+04	8.162308242832665428e-01
2.024589928910000162e+04	8.305761926895307568e-01
2.024609428910000133e+04	8.915765396313179991e-01
2.024629028910000125e+04	8.463289162609637373e-01
2.024648528910000095e+04	8.837717524591752749e-01
2.024668028910000066e+04	8.243893247897382537e-01
2.024687628910000058e+04	8.235051942290905203e-01
2.024707128910000029e+04	8.689826107533313859e-01
2.024726628909999999e+04	8.372771106111471795e-01
2.024746228909999991e+04	8.550512935865839381e-01
2.024765728909999962e+04	8.412274668939048183e-01
2.024785228909999933e+04	7.852933059060163146e-01
2.024804828909999924e+04	8.336845368436449633e-01
2.024824328909999895e+04	7.761928580146530976e-01
2.024843828909999866e+04	8.208408748164011115e-01
2.024863428909999857e+04	8.428575094721058036e-01
2.024882928910000192e+04	8.237652879107582038e-01
2.024902428910000162e+04	8.152018812516246271e-01
2.024921928910000133e+04	8.257903424822998772e-01
2.024941528910000125e+04	8.421911824693122384e-01
2.024961028910000095e+04	8.507578881809951810e-01
2.024980528910000066e+04	8.144598455212896937e-01
2.025000128910000058e+04	8.108114024733641401e-01
2.025019628910000029e+04	7.877278526122282187e-01
2.025039128909999999e+04	8.012973544460262332e-01
2.025058728909999991e+04	8.350572426562745676e-01
2.025078228909999962e+04	8.402616454865281526e-01
2.025097728909999933e+04	8.412146591116851368e-01
2.025117328909999924e+04	8.175038819707047821e-01
2.025136828909999895e+04	8.330447480012814765e-01
2.025156328909999866e+04	8.508722949912002065e-01
2.025175928909999857e+04	8.293177410843615149e-01
2.025195428910000192e+04	8.381276015412790770e-01
2.025214928910000162e+04	8.161494739663677223e-01
2.025234428910000133e+04	7.992574070708524658e-01
2.025254028910000125e+04	7.896530814289235423e-01
2.025273528910000095e+04	7.953205341998259570e-01
2.025293028910000066e+04	8.009738211368322425e-01
2.025312628910000058e+04	8.136899346451968995e-01
2.025332128910000029e+04	8.420917376012422295e-01
2.025351628909999999e+04	8.381928339521635962e-01
2.025371228909999991e+04	7.984162969730235204e-01
2.025390728909999962e+04	7.952647870483620096e-01
2.025410228909999933e+04	8.056842339031700106e-01
2.025429828909999924e+04	8.425569861174881936e-01
2.025449328909999895e+04	7.767870413244608585e-01
2.025468828909999866e+04	8.116349160307567701e-01
2.025488428909999857e+04	8.455878366793854184e-01
2.025507928910000192e+04	7.681157409056389440e-01
2.025527428910000162e+04	8.278859205186144266e-01
2.025546928910000133e+04	8.094576588918478421e-01
2.025566528910000125e+04	8.557942126663178328e-01
2.025586028910000095e+04	8.205175478485760010e-01
2.025605528910000066e+04	8.066696569292926000e-01
2.025625128910000058e+04	8.141439479939940327e-01
2.025644628910000029e+04	8.024469003235878972e-01
2.025664128909999999e+04	8.189813246945654157e-01
2.025683728909999991e+04	8.359976512896754031e-01
2.025703228909999962e+04	7.653444560662805429e-01
2.025722728909999933e+04	8.397962975749919678e-01
2.025742328909999924e+04	8.008709669157827449e-01
2.025761828909999895e+04	8.040195471520377168e-01
2.025781328909999866e+04	8.409504718203706375e-01
2.025800928909999857e+04	8.289046712481784596e-01
2.025820428910000192e+04	7.980926698936290364e-01
2.025839928910000162e+04	8.379853099190786025e-01
2.025859428910000133e+04	7.935801241196571709e-01
2.025879028910000125e+04	7.888791484074921811e-01
2.025898528910000095e+04	8.182501006103404251e-01
2.025918028910000066e+04	7.898524028785853801e-01
2.025937628910000058e+04	8.326103175562789005e-01
2.025957128910000029e+04	8.431206285552548252e-01
2.025976628909999999e+04	8.038502858014666685e-01
2.025996228909999991e+04	7.967607655581065984e-01
2.026015728909999962e+04	8.154888201518915025e-01
2.026035228909999933e+04	8.335765095607410302e-01
2.026054828909999924e+04	8.174985110258621290e-01
2.026074328909999895e+04	8.518666020433780517e-01
2.026093828909999866e+04	8.375499300187918550e-01
2.026113428909999857e+04	8.382046141771652970e-01
2.026132928910000192e+04	8.197971111361095353e-01
2.026152428910000162e+04	8.038084993957070878e-01
2.026171928910000133e+04	8.374707833944956548e-01
2.026191528910000125e+04	8.079581875084542730e-01
2.026211028910000095e+04	8.597714755410521548e-01
2.026230528910000066e+04	8.153667862275604250e-01
2.026250128910000058e+04	8.510594022699891070e-01
2.026269628910000029e+04	8.213258249695964963e-01
2.026289128909999999e+04	8.010755705514061020e-01
2.026308728909999991e+04	8.565168626233905513e-01
2.026328228909999962e+04	8.189620861111777117e-01
2.026347728909999933e+04	8.365432608123164471e-01
2.026367328909999924e+04	7.885146674151641832e-01
2.026386828909999895e+04	8.028175855360188962e-01
2.026406328909999866e+04	8.425173888936487998e-01
2.026425928909999857e+04	7.997791630068817881e-01
2.026445428910000192e+04	8.309967435354792542e-01
2.026464928910000162e+04	8.000952483036254392e-01
2.026484428910000133e+04	8.216854806963542757e-01
2.026504028910000125e+04	8.487060227974190241e-01
2.026523528910000095e+04	7.987302095379629208e-01
2.026543028910000066e+04	8.183090227591698351e-01
2.026562628910000058e+04	7.750292121755961716e-01
2.026582128910000029e+04	8.496929704941891259e-01
2.026601628909999999e+04	7.942413676615789342e-01
2.026621228909999991e+04	7.752276130095623330e-01
2.026640728909999962e+04	8.115535502401094448e-01
2.026660228909999933e+04	7.598856558699473851e-01
2.026679828909999924e+04	7.971143621897862630e-01
2.026699328909999895e+04	7.839392384647663192e-01
2.026718828909999866e+04	8.297030251073866935e-01
2.026738428909999857e+04	8.008130974194322960e-01
2.026757928910000192e+04	7.620995748268661885e-01
2.026777428910000162e+04	8.068710372012795062e-01
2.026796928910000133e+04	8.457386265174839934e-01
2.026816528910000125e+04	8.403311446096637383e-01
2.026836028910000095e+04	8.547455594873873963e-01
2.026855528910000066e+04	8.614237844525192145e-01
2.026875128910000058e+04	8.660775066533528133e-01
2.026894628910000029e+04	7.999098809394151743e-01
2.026914128909999999e+04	8.018116029062412053e-01
2.026933728909999991e+04	8.299705068132663399e-01
2.026953228909999962e+04	8.364330500062386875e-01
2.026972728909999933e+04	8.402562796019630298e-01
2.026992328909999924e+04	7.882981529412607102e-01
2.027011828909999895e+04	8.147307337438292052e-01
2.027031328909999866e+04	7.729752373331262305e-01
2.027050928909999857e+04	7.977701430038948160e-01
2.027070428910000192e+04	8.049204661633737601e-01
2.027089928910000162e+04	7.700038640018664893e-01
2.027109428910000133e+04	8.318334849240134332e-01
2.027129028910000125e+04	8.118244710431419264e-01
2.027148528910000095e+04	7.956784322707761703e-01
2.027168028910000066e+04	8.040934847464615842e-01
2.027187628910000058e+04	7.669538543248410889e-01
2.027207128910000029e+04	8.627585336312435516e-01
2.027226628909999999e+04	8.338183157489886810e-01
2.027246228909999991e+04	8.374921483221378082e-01
2.027265728909999962e+04	8.472111731594971218e-01
2.027285228909999933e+04	8.011559316714027545e-01
2.027304828909999924e+04	8.290331082646407168e-01
2.027324328909999895e+04	8.416221527348550779e-01
2.027343828909999866e+04	8.514431912805058289e-01
2.027363428909999857e+04	8.353460870062434651e-01
2.027382928910000192e+04	8.007594980677303909e-01
2.027402428910000162e+04	8.421248675612513779e-01
2.027421928910000133e+04	7.979330223360232566e-01
2.027441528910000125e+04	8.535600146314656911e-01
2.027461028910000095e+04	8.045798200873441886e-01
2.027480528910000066e+04	8.353054394723340437e-01
2.027500128910000058e+04	8.294161998734175256e-01
2.027519628910000029e+04	7.966021493490149652e-01
2.027539128909999999e+04	8.066128962251859491e-01
2.027558728909999991e+04	8.092102359154136337e-01
2.027578228909999962e+04	7.951983431983720152e-01
2.027597728909999933e+04	8.472111731594971218e-01
2.027617328909999924e+04	8.279233446627642934e-01
2.027636828909999895e+04	8.075919145868564186e-01
2.027656328909999866e+04	7.986091310377148034e-01
2.027675928909999857e+04	7.786873387790684831e-01
2.027695428910000192e+04	8.235908503903246469e-01
2.027714928910000162e+04	8.103798101839725376e-01
2.027734428910000133e+04	8.129864036038227937e-01
2.027754028910000125e+04	8.243486679982847676e-01
2.027773528910000095e+04	7.864479037075469137e-01
2.027793028910000066e+04	7.692743925346867684e-01
2.027812628910000058e+04	7.569331174370059756e-01
2.027832128910000029e+04	7.796685286852138574e-01
2.027851628909999999e+04	7.880204952009428609e-01
2.027871228909999991e+04	7.843327060453084698e-01
2.027890728909999962e+04	7.475643361538146792e-01
2.027910228909999933e+04	7.617121708909202482e-01
2.027929828909999924e+04	7.879336724063374930e-01
2.027949328909999895e+04	7.156207251420791948e-01
2.027968828909999866e+04	7.954887506347692039e-01
2.027988428909999857e+04	8.098925059495449830e-01
2.028007928910000192e+04	7.822473581415536614e-01
2.028027428910000162e+04	7.795570266010081184e-01
2.028046928910000133e+04	7.859515436324766569e-01
2.028066528910000125e+04	8.071537966725159663e-01
2.028086028910000095e+04	7.900056862912574474e-01
2.028105528910000066e+04	8.021255266179139198e-01
2.028125128910000058e+04	8.266391053547206269e-01
2.028144628910000029e+04	7.664474266770824329e-01
2.028164128909999999e+04	7.994791984365416937e-01
2.028183728909999991e+04	8.095958407711663085e-01
2.028203228909999962e+04	7.934440417140820045e-01
2.028222728909999933e+04	7.914023362977768983e-01
2.028242328909999924e+04	7.731135816498362345e-01
2.028261828909999895e+04	7.963878519703335712e-01
2.028281328909999866e+04	8.007681122572662957e-01
2.028300928909999857e+04	7.946635915147464146e-01
2.028320428910000192e+04	8.325685808666491994e-01
2.028339928910000162e+04	8.358756658255401817e-01
2.028359428910000133e+04	8.227248871826162713e-01
2.028379028910000125e+04	8.183164811323671017e-01
2.028398528910000095e+04	8.001445603297625553e-01
2.028418028910000066e+04	8.097682450175724966e-01
2.028437628910000058e+04	7.655547519032488424e-01
2.028457128910000029e+04	7.955787957471009975e-01
2.028476628909999999e+04	7.610339893861723937e-01
2.028496228909999991e+04	7.729430628373243906e-01
2.028515728909999962e+04	7.889327648809203453e-01
2.028535228909999933e+04	7.686403709993676614e-01
2.028554828909999924e+04	7.993409587254340920e-01
2.028574328909999895e+04	7.921407989559714480e-01
2.028593828909999866e+04	7.998820218715874120e-01
2.028613428909999857e+04	8.109655926193468645e-01
2.028632928910000192e+04	7.594799723506433509e-01
2.028652428910000162e+04	8.234634326027894247e-01
2.028671928910000133e+04	8.036231604943022688e-01
2.028691528910000125e+04	8.283674933959481734e-01
2.028711028910000095e+04	8.453728803002551473e-01
2.028730528910000066e+04	7.699974412176029404e-01
2.028750128910000058e+04	8.358639396025893120e-01
2.028769628910000029e+04	8.159074907940784271e-01
2.028789128909999999e+04	7.964885805352590609e-01
2.028808728909999991e+04	8.784784887243013429e-01
2.028828228909999962e+04	8.251085856241644478e-01
2.028847728909999933e+04	8.100284866223539382e-01
2.028867328909999924e+04	7.792835518636529457e-01
2.028886828909999895e+04	8.301395852700377276e-01
2.028906328909999866e+04	8.087775754175012821e-01
2.028925928909999857e+04	8.206984812739719359e-01
2.028945428910000192e+04	8.439013146487326367e-01
2.028964928910000162e+04	8.268146148577173449e-01
2.028984428910000133e+04	7.751503994860300395e-01
2.029004028910000125e+04	8.034742975714550539e-01
2.029023528910000095e+04	8.213750477210410850e-01
2.029043028910000066e+04	7.887923194856956144e-01
2.029062628910000058e+04	8.250026069921201355e-01
2.029082128910000029e+04	8.044898084829910090e-01
2.029101628909999999e+04	8.190038003433190994e-01
2.029121228909999991e+04	7.980819745986895697e-01
2.029140728909999962e+04	8.152007867254607021e-01
2.029160228909999933e+04	8.274578047743297304e-01
2.029179828909999924e+04	8.150615883472038803e-01
2.029199328909999895e+04	8.410649343468890038e-01
2.029218828909999866e+04	8.254393073108019507e-01
2.029238428909999857e+04	7.894172597886210951e-01
2.029257928910000192e+04	8.023461965719640432e-01
2.029277428910000162e+04	7.790272534252800085e-01
2.029296928910000133e+04	8.349149329295535438e-01
2.029316528910000125e+04	8.025444287879057725e-01
2.029336028910000095e+04	8.009095280968026032e-01
2.029355528910000066e+04	8.020515830054897322e-01
2.029375128910000058e+04	7.987259296925302010e-01
2.029394628910000029e+04	8.208290953114172339e-01
2.029414128909999999e+04	8.315167759199315611e-01
2.029433728909999991e+04	8.372996243709636133e-01
2.029453228909999962e+04	8.594315934609113583e-01
2.029472728909999933e+04	8.230374451781372613e-01
2.029492328909999924e+04	8.227869798219309416e-01
2.029511828909999895e+04	8.050768286504617066e-01
2.029531328909999866e+04	8.119347850102354158e-01
2.029550928909999857e+04	8.920461878201191297e-01
2.029570428910000192e+04	8.126662094358465538e-01
2.029589928910000162e+04	7.982030557379751201e-01
2.029609428910000133e+04	7.701411840121448193e-01
2.029629028910000125e+04	7.869303027934648753e-01
2.029648528910000095e+04	8.245241941489567239e-01
2.029668028910000066e+04	8.339894994635788095e-01
2.029687628910000058e+04	7.977101214725319522e-01
2.029707128910000029e+04	8.089650092236961854e-01
2.029726628909999999e+04	7.844538560078682110e-01
2.029746228909999991e+04	7.972408236218786470e-01
2.029765728909999962e+04	7.795645429906059576e-01
2.029785228909999933e+04	8.152275980032932523e-01
2.029804828909999924e+04	8.444050751857155035e-01
2.029824328909999895e+04	8.117559293144598342e-01
2.029843828909999866e+04	8.266369724986883938e-01
2.029863428909999857e+04	8.186012954610148995e-01
2.029882928910000192e+04	8.260643398062192944e-01
2.029902428910000162e+04	8.275883822598206763e-01
2.029921928910000133e+04	8.157265306806156246e-01
2.029941528910000125e+04	8.255495591248447340e-01
2.029961028910000095e+04	7.953151583242394906e-01
2.029980528910000066e+04	8.606083117938929661e-01
2.030000128910000058e+04	8.036981943480991930e-01
2.030019628910000029e+04	8.084948349396761103e-01
2.030039128909999999e+04	8.432810158678538670e-01
2.030058728909999991e+04	8.073798491369714725e-01
2.030078228909999962e+04	7.840389229263458049e-01
2.030097728909999933e+04	8.167704702417388773e-01
2.030117328909999924e+04	7.787730985678305018e-01
2.030136828909999895e+04	8.423943982157275912e-01
2.030156328909999866e+04	8.136845628524920215e-01
2.030175928909999857e+04	7.974669135497141070e-01
2.030195428910000192e+04	7.994149014228639771e-01
2.030214928910000162e+04	7.891085483675368550e-01
2.030234428910000133e+04	7.870954006729942165e-01
2.030254028910000125e+04	8.046001651295675572e-01
2.030273528910000095e+04	8.104772514528768568e-01
2.030293028910000066e+04	8.297436820764492182e-01
2.030312628910000058e+04	7.679794692162449365e-01
2.030332128910000029e+04	8.426991956576941334e-01
2.030351628909999999e+04	8.192447041425143794e-01
2.030371228909999991e+04	8.103176856502649628e-01
2.030390728909999962e+04	8.510273223787692132e-01
2.030410228909999933e+04	7.993184647855766656e-01
2.030429828909999924e+04	7.962410248149804914e-01
2.030449328909999895e+04	8.130302622120400002e-01
2.030468828909999866e+04	7.867705815632231037e-01
2.030488428909999857e+04	8.372407393580516555e-01
2.030507928910000192e+04	8.237246300687299794e-01
2.030527428910000162e+04	8.636871871972182646e-01
2.030546928910000133e+04	8.057313446223908215e-01
2.030566528910000125e+04	8.280945701840423112e-01
2.030586028910000095e+04	7.949743677178453538e-01
2.030605528910000066e+04	7.747031255651730675e-01
2.030625128910000058e+04	8.063419170019496818e-01
2.030644628910000029e+04	7.955669947199766057e-01
2.030664128909999999e+04	8.023997832042404355e-01
2.030683728909999991e+04	8.031582564406285485e-01
2.030703228909999962e+04	7.917999636308508116e-01
2.030722728909999933e+04	8.113350433304873377e-01
2.030742328909999924e+04	7.688924850366500863e-01
2.030761828909999895e+04	8.360104618412851352e-01
2.030781328909999866e+04	8.395524195629917585e-01
2.030800928909999857e+04	7.929552913279902526e-01
2.030820428910000192e+04	8.123235291826080839e-01
2.030839928910000162e+04	7.906734540388491439e-01
2.030859428910000133e+04	7.794476518148130140e-01
2.030879028910000125e+04	8.487765905999999916e-01
2.030898528910000095e+04	8.172415779769597322e-01
2.030918028910000066e+04	8.083652030473604810e-01
2.030937628910000058e+04	7.911654268833387960e-01
2.030957128910000029e+04	8.020719301751544350e-01
2.030976628909999999e+04	8.376633059801577019e-01
2.030996228909999991e+04	8.456081563884314534e-01
2.031015728909999962e+04	8.112676041173010333e-01
2.031035228909999933e+04	7.994009670060080452e-01
2.031054828909999924e+04	8.336567626470969827e-01
2.031074328909999895e+04	8.288319126437500017e-01
2.031093828909999866e+04	8.229946345435834587e-01
2.031113428909999857e+04	8.080653449800223598e-01
2.031132928910000192e+04	8.373819418494949929e-01
2.031152428910000162e+04	8.164192947621415897e-01
2.031171928910000133e+04	8.141129135801694616e-01
2.031191528910000125e+04	8.228265542565722512e-01
2.031211028910000095e+04	8.442991812506779326e-01
2.031230528910000066e+04	8.243550763663840542e-01
2.031250128910000058e+04	8.498875263633003385e-01
2.031269628910000029e+04	8.218492471957077328e-01
2.031289128909999999e+04	8.000824094897254213e-01
2.031308728909999991e+04	7.809392293011576669e-01
2.031328228909999962e+04	7.963556993756384372e-01
2.031347728909999933e+04	8.117302640620476240e-01
2.031367328909999924e+04	8.049418599018096643e-01
2.031386828909999895e+04	8.313701620590343566e-01
2.031406328909999866e+04	8.212176872071115241e-01
2.031425928909999857e+04	8.150198673079760425e-01
2.031445428910000192e+04	8.310951954772107797e-01
2.031464928910000162e+04	8.691834625006258364e-01
2.031484428910000133e+04	7.748500834325628972e-01
2.031504028910000125e+04	8.443398044496230881e-01
2.031523528910000095e+04	8.298710115759142525e-01
2.031543028910000066e+04	8.221564925889790487e-01
2.031562628910000058e+04	7.971572094846308687e-01
2.031582128910000029e+04	7.908846256424144627e-01
2.031601628909999999e+04	8.158025662844909931e-01
2.031621228909999991e+04	7.997727389150970367e-01
2.031640728909999962e+04	8.034528565235632414e-01
2.031660228909999933e+04	7.592439120474203662e-01
2.031679828909999924e+04	7.680899832466696608e-01
2.031699328909999895e+04	8.213622202062769162e-01
2.031718828909999866e+04	7.382434676561171472e-01
2.031738428909999857e+04	8.139801292539576849e-01
2.031757928910000192e+04	8.238059548787575181e-01
2.031777428910000162e+04	7.906027162955009402e-01
2.031796928910000133e+04	8.199320061404780091e-01
2.031816528910000125e+04	7.916327618986951364e-01
2.031836028910000095e+04	8.373637654980612410e-01
2.031855528910000066e+04	8.573024864177725135e-01
2.031875128910000058e+04	7.989895299421263530e-01
2.031894628910000029e+04	8.243154584651968264e-01
2.031914128909999999e+04	8.114989351967984987e-01
2.031933728909999991e+04	7.951308497574149925e-01
2.031953228909999962e+04	8.372974281316469813e-01
2.031972728909999933e+04	7.998102618454172585e-01
2.031992328909999924e+04	7.900603498971392469e-01
2.032011828909999895e+04	8.194641786915450865e-01
2.032031328909999866e+04	7.948457587727713047e-01
2.032050928909999857e+04	7.663068508073234142e-01
2.032070428910000192e+04	7.830000440666733397e-01
2.032089928910000162e+04	8.232193895284005691e-01
2.032109428910000133e+04	7.956623509047169307e-01
2.032129028910000125e+04	7.812898242689172434e-01
2.032148528910000095e+04	7.380769847722774557e-01
2.032168028910000066e+04	7.563266914352713144e-01
2.032187628910000058e+04	7.950311557460398859e-01
2.032207128910000029e+04	7.525599237870501668e-01
2.032226628909999999e+04	7.985373764386327622e-01
2.032246228909999991e+04	7.908985649657758188e-01
2.032265728909999962e+04	7.649485323573106399e-01
2.032285228909999933e+04	7.744393159444804553e-01
2.032304828909999924e+04	7.832315903952817848e-01
2.032324328909999895e+04	8.016294881065313405e-01
2.032343828909999866e+04	7.660922850951656926e-01
2.032363428909999857e+04	7.612153036276119167e-01
2.032382928910000192e+04	7.738118513572178614e-01
2.032402428910000162e+04	7.618120021783525431e-01
2.032421928910000133e+04	7.887783789489759556e-01
2.032441528910000125e+04	7.887783789489759556e-01
2.032461028910000095e+04	8.264806851217265660e-01
2.032480528910000066e+04	8.143816717535834471e-01
2.032500128910000058e+04	7.737303582657322210e-01
2.032519628910000029e+04	8.137916397484765696e-01
2.032539128909999999e+04	7.684279639464612899e-01
2.032558728909999991e+04	8.377628334254954012e-01
2.032578228909999962e+04	7.844645573285120577e-01
2.032597728909999933e+04	7.797725692003112385e-01
2.032617328909999924e+04	8.012298780226441153e-01
2.032636828909999895e+04	7.652317820188834219e-01
2.032656328909999866e+04	7.909543221789121503e-01
2.032675928909999857e+04	7.375334415316174841e-01
2.032695428910000192e+04	7.691295571999301472e-01
2.032714928910000162e+04	8.062701301394366027e-01
2.032734428910000133e+04	7.958595425098238252e-01
2.032754028910000125e+04	8.302797906186079047e-01
2.032773528910000095e+04	7.850649656706476520e-01
2.032793028910000066e+04	8.124970086210385745e-01
2.032812628910000058e+04	8.292128748164788732e-01
2.032832128910000029e+04	7.496279911091168202e-01
2.032851628909999999e+04	8.218471047214421787e-01
2.032871228909999991e+04	7.967522051694757579e-01
2.032890728909999962e+04	7.681747392041380351e-01
2.032910228909999933e+04	8.094212457191662935e-01
2.032929828909999924e+04	7.640504103249199375e-01
2.032949328909999895e+04	8.012051955195929054e-01
2.032968828909999866e+04	7.978558904201236146e-01
2.032988428909999857e+04	8.205475349264261808e-01
2.033007928910000192e+04	8.026407973464504408e-01
2.033027428910000162e+04	7.759011687210772834e-01
2.033046928910000133e+04	7.706067135115635125e-01
2.033066528910000125e+04	7.860684034075298143e-01
2.033086028910000095e+04	8.257647013294757699e-01
2.033105528910000066e+04	8.248699376751478241e-01
2.033125128910000058e+04	8.729074328188382026e-01
2.033144628910000029e+04	8.586514100367459434e-01
2.033164128909999999e+04	7.813766708979059672e-01
2.033183728909999991e+04	7.880108912100336482e-01
2.033203228909999962e+04	8.292107421877918938e-01
2.033222728909999933e+04	8.484718699460778168e-01
2.033242328909999924e+04	8.615926425703115399e-01
2.033261828909999895e+04	7.920164467736707792e-01
2.033281328909999866e+04	8.034110602287647396e-01
2.033300928909999857e+04	8.217946554209021315e-01
2.033320428910000192e+04	8.204865308165878446e-01
2.033339928910000162e+04	8.239451580446548462e-01
2.033359428910000133e+04	8.202820822446135196e-01
2.033379028910000125e+04	8.184728121510111976e-01
2.033398528910000095e+04	7.813402154307524938e-01
2.033418028910000066e+04	7.835843440822731765e-01
2.033437628910000058e+04	8.124637827918146371e-01
2.033457128910000029e+04	7.903915974744641915e-01
2.033476628909999999e+04	7.936744478707105088e-01
2.033496228909999991e+04	7.972493838375847020e-01
2.033515728909999962e+04	8.117055922775797683e-01
2.033535228909999933e+04	7.868370485601090536e-01
2.033554828909999924e+04	7.922350730800324925e-01
2.033574328909999895e+04	7.805435604238617486e-01
2.033593828909999866e+04	8.127593549262712713e-01
2.033613428909999857e+04	7.980444489868752100e-01
2.033632928910000192e+04	8.004852228774623768e-01
2.033652428910000162e+04	7.068103485126648877e-01
2.033671928910000133e+04	7.727284913955472234e-01
2.033691528910000125e+04	7.888384226434119739e-01
2.033711028910000095e+04	7.888062600143896930e-01
2.033730528910000066e+04	8.173722107065266584e-01
2.033750128910000058e+04	8.315092664735495021e-01
2.033769628910000029e+04	7.985620064404574947e-01
2.033789128909999999e+04	7.847980272645589395e-01
2.033808728909999991e+04	7.518052495580391792e-01
2.033828228909999962e+04	8.349085273638383597e-01
2.033847728909999933e+04	7.795098096198405102e-01
2.033867328909999924e+04	7.987880840186090126e-01
2.033886828909999895e+04	8.044105626590187796e-01
2.033906328909999866e+04	7.970961463136223557e-01
2.033925928909999857e+04	8.020333708477025425e-01
2.033945428910000192e+04	7.742977453445991642e-01
2.033964928910000162e+04	7.837944816023920680e-01
2.033984428910000133e+04	7.705831515940744225e-01
2.034004028910000125e+04	7.419307942716120152e-01
2.034023528910000095e+04	7.492307131322188951e-01
2.034043028910000066e+04	7.313560299563288680e-01
2.034062628910000058e+04	8.090335588675845457e-01
2.034082128910000029e+04	7.886465511647031690e-01
2.034101628909999999e+04	8.050329556083823945e-01
2.034121228909999991e+04	8.058074208790610982e-01
2.034140728909999962e+04	7.419135793457982686e-01
2.034160228909999933e+04	7.791001712703469195e-01
2.034179828909999924e+04	7.679387082854116642e-01
