# time(sec)	crack length FEA(mm)
5.480039128909999999e+04	1.476621067994932091e+00
5.480058728910000355e+04	1.517033423464969388e+00
5.480078228910000325e+04	1.487017053375961240e+00
5.480097728910000296e+04	1.498313285655319405e+00
5.480117328909999924e+04	1.451851415375010390e+00
5.480136828909999895e+04	1.477855920173393400e+00
5.480156328909999866e+04	1.424145783620476280e+00
5.480175928910000221e+04	1.492824020489091907e+00
5.480195428910000192e+04	1.545981265204988020e+00
5.480214928910000162e+04	1.488038041964765412e+00
5.480234428910000133e+04	1.507710660486807797e+00
5.480254028909999761e+04	1.512485350665727424e+00
5.480273528909999732e+04	1.461296593440515323e+00
5.480293028909999703e+04	1.494266173102820616e+00
5.480312628910000058e+04	1.494298438399638940e+00
5.480332128910000029e+04	1.504766472131935373e+00
5.480351628909999999e+04	1.492838589940749472e+00
5.480371228910000355e+04	1.452695770101946948e+00
5.480390728910000325e+04	1.473229403858301367e+00
5.480410228910000296e+04	1.433213197414984208e+00
5.480429828909999924e+04	1.505516356400528721e+00
5.480449328909999895e+04	1.459708729501747015e+00
5.480468828909999866e+04	1.484389813038873740e+00
5.480488428910000221e+04	1.491239202857173041e+00
5.480507928910000192e+04	1.479386559233821785e+00
5.480527428910000162e+04	1.471579639621564795e+00
5.480546928910000133e+04	1.487815252135774813e+00
5.480566528909999761e+04	1.506240220977424826e+00
5.480586028909999732e+04	1.510132426001691286e+00
5.480605528909999703e+04	1.516889041154501072e+00
5.480625128910000058e+04	1.532140378355029142e+00
5.480644628910000029e+04	1.484543875660428114e+00
5.480664128909999999e+04	1.478266270837981011e+00
5.480683728910000355e+04	1.451852400324133541e+00
5.480703228910000325e+04	1.497758787599931196e+00
5.480722728910000296e+04	1.495241173039239868e+00
5.480742328909999924e+04	1.504704114688424355e+00
5.480761828909999895e+04	1.498361273018989692e+00
5.480781328909999866e+04	1.425246806779945530e+00
5.480800928910000221e+04	1.456623004847203973e+00
5.480820428910000192e+04	1.455646383665866850e+00
5.480839928910000162e+04	1.473055495725333230e+00
5.480859428910000133e+04	1.517371294201634413e+00
5.480879028909999761e+04	1.464764007681864655e+00
5.480898528909999732e+04	1.514848395262941239e+00
5.480918028909999703e+04	1.438782308170036828e+00
5.480937628910000058e+04	1.453208456658725112e+00
5.480957128910000029e+04	1.481201211669933571e+00
5.480976628909999999e+04	1.454949142919655714e+00
5.480996228910000355e+04	1.474262448604308773e+00
5.481015728910000325e+04	1.478328699314563011e+00
5.481035228910000296e+04	1.482169337980497659e+00
5.481054828909999924e+04	1.440040222831804329e+00
5.481074328909999895e+04	1.434716488500907161e+00
5.481093828909999866e+04	1.518681925341207162e+00
5.481113428910000221e+04	1.476006747978820144e+00
5.481132928910000192e+04	1.510008722276408477e+00
5.481152428910000162e+04	1.458981265445626008e+00
5.481171928910000133e+04	1.473568807239010070e+00
5.481191528909999761e+04	1.461634201948342593e+00
5.481211028909999732e+04	1.444783869804503240e+00
5.481230528909999703e+04	1.485585805734093157e+00
5.481250128910000058e+04	1.490956194711777982e+00
5.481269628910000029e+04	1.443009101492274127e+00
5.481289128909999999e+04	1.460396429313208344e+00
5.481308728910000355e+04	1.476456487637630488e+00
5.481328228910000325e+04	1.461997940096242843e+00
5.481347728910000296e+04	1.467186138646226823e+00
5.481367328909999924e+04	1.482488937791581307e+00
5.481386828909999895e+04	1.486401845852238779e+00
5.481406328909999866e+04	1.461504958973238288e+00
5.481425928910000221e+04	1.454737585131674393e+00
5.481445428910000192e+04	1.470214185766780091e+00
5.481464928910000162e+04	1.481324085283963754e+00
5.481484428910000133e+04	1.439959863816614671e+00
5.481504028909999761e+04	1.511451950898068830e+00
5.481523528909999732e+04	1.462904396638540661e+00
5.481543028909999703e+04	1.460053521795837028e+00
5.481562628910000058e+04	1.453993402126821266e+00
5.481582128910000029e+04	1.483999421113422201e+00
5.481601628909999999e+04	1.467737161260940226e+00
5.481621228910000355e+04	1.536015747034987555e+00
5.481640728910000325e+04	1.465795370375385431e+00
5.481660228910000296e+04	1.479488604215767111e+00
5.481679828909999924e+04	1.408947663283814933e+00
5.481699328909999895e+04	1.475499572887953192e+00
5.481718828909999866e+04	1.466740335869099354e+00
5.481738428910000221e+04	1.427678250411169358e+00
5.481757928910000192e+04	1.510723068701270932e+00
5.481777428910000162e+04	1.469243503478612212e+00
5.481796928910000133e+04	1.486713072621995479e+00
5.481816528909999761e+04	1.439563529456727053e+00
5.481836028909999732e+04	1.487456209134363050e+00
5.481855528909999703e+04	1.503030764259536411e+00
5.481875128910000058e+04	1.474741473085023458e+00
5.481894628910000029e+04	1.497589352514248517e+00
5.481914128909999999e+04	1.477430088730532276e+00
5.481933728910000355e+04	1.512841952655627153e+00
5.481953228910000325e+04	1.453987134844554774e+00
5.481972728910000296e+04	1.498395587944465035e+00
5.481992328909999924e+04	1.504112425334710679e+00
5.482011828909999895e+04	1.534609468414590339e+00
5.482031328909999866e+04	1.426187144454084788e+00
5.482050928910000221e+04	1.430422406939644731e+00
5.482070428910000192e+04	1.454579116971903119e+00
5.482089928910000162e+04	1.416955134262337879e+00
5.482109428910000133e+04	1.457078401225555098e+00
5.482129028909999761e+04	1.469506913204696730e+00
5.482148528909999732e+04	1.472009783025441720e+00
5.482168028909999703e+04	1.475286144576713809e+00
5.482187628910000058e+04	1.450333648800592456e+00
5.482207128910000029e+04	1.431488719955329003e+00
5.482226628909999999e+04	1.524971637935131241e+00
5.482246228910000355e+04	1.474576879418656006e+00
5.482265728910000325e+04	1.512698526619118411e+00
5.482285228910000296e+04	1.522404842168146644e+00
5.482304828909999924e+04	1.462668925393678876e+00
5.482324328909999895e+04	1.478204826027507579e+00
5.482343828909999866e+04	1.479924861583583606e+00
5.482363428910000221e+04	1.516528304674684691e+00
5.482382928910000192e+04	1.559885537062386973e+00
5.482402428910000162e+04	1.510607585079846160e+00
5.482421928910000133e+04	1.464968225600916440e+00
5.482441528909999761e+04	1.444183308507472674e+00
5.482461028909999732e+04	1.492373435572321938e+00
5.482480528909999703e+04	1.487977606411778453e+00
5.482500128910000058e+04	1.484922724087994084e+00
5.482519628910000029e+04	1.556798580054197245e+00
5.482539128909999999e+04	1.497972098894912563e+00
5.482558728910000355e+04	1.518745405900258305e+00
5.482578228910000325e+04	1.497840019488815955e+00
5.482597728910000296e+04	1.454913689442262736e+00
5.482617328909999924e+04	1.485887655403159258e+00
5.482636828909999895e+04	1.529007238910422117e+00
5.482656328909999866e+04	1.519946950282500708e+00
5.482675928910000221e+04	1.506539747621754799e+00
5.482695428910000192e+04	1.466081906582054728e+00
5.482714928910000162e+04	1.478808713245276962e+00
5.482734428910000133e+04	1.495744699919390186e+00
5.482754028909999761e+04	1.486198889062084305e+00
5.482773528909999732e+04	1.484281619873307534e+00
5.482793028909999703e+04	1.475172541952225913e+00
5.482812628910000058e+04	1.472123401106696150e+00
5.482832128910000029e+04	1.461915598296990026e+00
5.482851628909999999e+04	1.452149405354949963e+00
5.482871228910000355e+04	1.499022898735502096e+00
5.482890728910000325e+04	1.546013547782889574e+00
5.482910228910000296e+04	1.516446245271120929e+00
5.482929828909999924e+04	1.460356777253648985e+00
5.482949328909999895e+04	1.475318346794470159e+00
5.482968828909999866e+04	1.510821850058869487e+00
5.482988428910000221e+04	1.497499808789095610e+00
5.483007928910000192e+04	1.533678861514752967e+00
5.483027428910000162e+04	1.515984689200235991e+00
5.483046928910000133e+04	1.508181760266900540e+00
5.483066528909999761e+04	1.492430731223501894e+00
5.483086028909999732e+04	1.523581292039740021e+00
5.483105528909999703e+04	1.523597895275532466e+00
5.483125128910000058e+04	1.530884407088123567e+00
5.483144628910000029e+04	1.539160605755235167e+00
5.483164128909999999e+04	1.524997523142545219e+00
5.483183728910000355e+04	1.526438748019561586e+00
5.483203228910000325e+04	1.524815701263587897e+00
5.483222728910000296e+04	1.514245444819975361e+00
5.483242328909999924e+04	1.523837926747971139e+00
5.483261828909999895e+04	1.522750936549567058e+00
5.483281328909999866e+04	1.472885701447362194e+00
5.483300928910000221e+04	1.548285967603828084e+00
5.483320428910000192e+04	1.488110814744443289e+00
5.483339928910000162e+04	1.548090774582211893e+00
5.483359428910000133e+04	1.549815977754322560e+00
5.483379028909999761e+04	1.559246413734342696e+00
5.483398528909999732e+04	1.516357845806339810e+00
5.483418028909999703e+04	1.527805093169158468e+00
5.483437628910000058e+04	1.510452712870598901e+00
5.483457128910000029e+04	1.530511484285334234e+00
5.483476628909999999e+04	1.562835115025109189e+00
5.483496228910000355e+04	1.563179536178092022e+00
5.483515728910000325e+04	1.568979922517410586e+00
5.483535228910000296e+04	1.540508360816531308e+00
5.483554828909999924e+04	1.498456890002778152e+00
5.483574328909999895e+04	1.494923804284880475e+00
5.483593828909999866e+04	1.543008845668861539e+00
5.483613428910000221e+04	1.550813519497433290e+00
5.483632928910000192e+04	1.540697463067433048e+00
5.483652428910000162e+04	1.530431437617650658e+00
5.483671928910000133e+04	1.502321273709029015e+00
5.483691528909999761e+04	1.573865359572266698e+00
5.483711028909999732e+04	1.520218177499577550e+00
5.483730528909999703e+04	1.553163296811179706e+00
5.483750128910000058e+04	1.551569047610758645e+00
5.483769628910000029e+04	1.533700632611427750e+00
5.483789128909999999e+04	1.523003474171854776e+00
5.483808728910000355e+04	1.507348709295737166e+00
5.483828228910000325e+04	1.496514626277683391e+00
5.483847728910000296e+04	1.555573095231331138e+00
5.483867328909999924e+04	1.494366097062043153e+00
5.483886828909999895e+04	1.483438411243508170e+00
5.483906328909999866e+04	1.483411317181975164e+00
5.483925928910000221e+04	1.514746505597198478e+00
5.483945428910000192e+04	1.549180766984864732e+00
5.483964928910000162e+04	1.543335902743995902e+00
5.483984428910000133e+04	1.542234218375689636e+00
5.484004028909999761e+04	1.533325613689147104e+00
5.484023528909999732e+04	1.553349086294058878e+00
5.484043028909999703e+04	1.508243125802508189e+00
5.484062628910000058e+04	1.522472418908098035e+00
5.484082128910000029e+04	1.577814786321766860e+00
5.484101628909999999e+04	1.579548102864805514e+00
5.484121228910000355e+04	1.516198725920464341e+00
5.484140728910000325e+04	1.515464903024676957e+00
5.484160228910000296e+04	1.510064813289185182e+00
5.484179828909999924e+04	1.554125392041800779e+00
5.484199328909999895e+04	1.565979271456601651e+00
5.484218828909999866e+04	1.579937956497452944e+00
5.484238428910000221e+04	1.533692334613878216e+00
5.484257928910000192e+04	1.518245502953153192e+00
5.484277428910000162e+04	1.530989438342311715e+00
5.484296928910000133e+04	1.589898986523738955e+00
5.484316528909999761e+04	1.501400806722990922e+00
5.484336028909999732e+04	1.562082984764327165e+00
5.484355528909999703e+04	1.529931786670681859e+00
5.484375128910000058e+04	1.518086485307030387e+00
5.484394628910000029e+04	1.516756980109262187e+00
5.484414128909999999e+04	1.483521660456004199e+00
5.484433728910000355e+04	1.522395468892749903e+00
5.484453228910000325e+04	1.502184036916844434e+00
5.484472728910000296e+04	1.547187639894113786e+00
5.484492328909999924e+04	1.511353082912057388e+00
5.484511828909999895e+04	1.507505835395342331e+00
5.484531328909999866e+04	1.509453431795597211e+00
5.484550928910000221e+04	1.521359386154713889e+00
5.484570428910000192e+04	1.560330711541205062e+00
5.484589928910000162e+04	1.546009356401008006e+00
5.484609428910000133e+04	1.501532865868206557e+00
5.484629028909999761e+04	1.512592340769117527e+00
5.484648528909999732e+04	1.521016395607395211e+00
5.484668028909999703e+04	1.505142042645829292e+00
5.484687628910000058e+04	1.512850258121234859e+00
5.484707128910000029e+04	1.553162316152565836e+00
5.484726628909999999e+04	1.543051478404686705e+00
5.484746228910000355e+04	1.507270815803497754e+00
5.484765728910000325e+04	1.486574581247710469e+00
5.484785228910000296e+04	1.565498029824503590e+00
5.484804828909999924e+04	1.531900432871749373e+00
5.484824328909999895e+04	1.554099450228619617e+00
5.484843828909999866e+04	1.515702875636836922e+00
5.484863428910000221e+04	1.552389009317188595e+00
5.484882928910000192e+04	1.515780919406369165e+00
5.484902428910000162e+04	1.491998820428383610e+00
5.484921928910000133e+04	1.573873643173520520e+00
5.484941528909999761e+04	1.560416715232616269e+00
5.484961028909999732e+04	1.545823507981939571e+00
5.484980528909999703e+04	1.502026964123563957e+00
5.485000128910000058e+04	1.534442176066878716e+00
5.485019628910000029e+04	1.529315752819481844e+00
5.485039128909999999e+04	1.473960447891972336e+00
5.485058728910000355e+04	1.534493122291120670e+00
5.485078228910000325e+04	1.508293950992218413e+00
5.485097728910000296e+04	1.497633945517995002e+00
5.485117328909999924e+04	1.495746844845466939e+00
5.485136828909999895e+04	1.481000266302711310e+00
5.485156328909999866e+04	1.531417411239912596e+00
5.485175928910000221e+04	1.511810622908559054e+00
5.485195428910000192e+04	1.557044596240682921e+00
5.485214928910000162e+04	1.567943873690641254e+00
5.485234428910000133e+04	1.530687104098928941e+00
5.485254028909999761e+04	1.528210277692243935e+00
5.485273528909999732e+04	1.577167787069338800e+00
5.485293028909999703e+04	1.561026752961726771e+00
5.485312628910000058e+04	1.563785312863707588e+00
5.485332128910000029e+04	1.558325977373552718e+00
5.485351628909999999e+04	1.543046216209322807e+00
5.485371228910000355e+04	1.509058280530632956e+00
5.485390728910000325e+04	1.524356454083742207e+00
5.485410228910000296e+04	1.548946169716138854e+00
5.485429828909999924e+04	1.537069998509766222e+00
5.485449328909999895e+04	1.514449228106817813e+00
5.485468828909999866e+04	1.508133882531048187e+00
5.485488428910000221e+04	1.490129855551383997e+00
5.485507928910000192e+04	1.510390281393462431e+00
5.485527428910000162e+04	1.533482474590876166e+00
5.485546928910000133e+04	1.472839808471245959e+00
5.485566528909999761e+04	1.555699764950084329e+00
5.485586028909999732e+04	1.500768288395677885e+00
5.485605528909999703e+04	1.528506397054080423e+00
5.485625128910000058e+04	1.490066386052932401e+00
5.485644628910000029e+04	1.538544728100264436e+00
5.485664128909999999e+04	1.532136273693055273e+00
5.485683728910000355e+04	1.500243067960592924e+00
5.485703228910000325e+04	1.513134071061754682e+00
5.485722728910000296e+04	1.535530759181732208e+00
5.485742328909999924e+04	1.499873762433276525e+00
5.485761828909999895e+04	1.569731828434806076e+00
5.485781328909999866e+04	1.521073531292913117e+00
5.485800928910000221e+04	1.569867774689887696e+00
5.485820428910000192e+04	1.527125545334399703e+00
5.485839928910000162e+04	1.523471049822999746e+00
5.485859428910000133e+04	1.465494333531170312e+00
5.485879028909999761e+04	1.472936693536791353e+00
5.485898528909999732e+04	1.516877522675425638e+00
5.485918028909999703e+04	1.525870373263655821e+00
5.485937628910000058e+04	1.494596063538406128e+00
5.485957128910000029e+04	1.472790873755586816e+00
5.485976628909999999e+04	1.510636701654224368e+00
5.485996228910000355e+04	1.490324464467441601e+00
5.486015728910000325e+04	1.487131492158503931e+00
5.486035228910000296e+04	1.503966801150905752e+00
5.486054828909999924e+04	1.506556363063531023e+00
5.486074328909999895e+04	1.489473250735644072e+00
5.486093828909999866e+04	1.505858504263692055e+00
5.486113428910000221e+04	1.493271468312148187e+00
5.486132928910000192e+04	1.548313966833267941e+00
5.486152428910000162e+04	1.513846267285256175e+00
5.486171928910000133e+04	1.570568784986431154e+00
5.486191528909999761e+04	1.512430247890712565e+00
5.486211028909999732e+04	1.453906823949564497e+00
5.486230528909999703e+04	1.481317825363003493e+00
5.486250128910000058e+04	1.523729828092035277e+00
5.486269628910000029e+04	1.505492504128994824e+00
5.486289128909999999e+04	1.531959683307697162e+00
5.486308728910000355e+04	1.528279979425679613e+00
5.486328228910000325e+04	1.474484205515411261e+00
5.486347728910000296e+04	1.478885718470063892e+00
5.486367328909999924e+04	1.499916385219693282e+00
5.486386828909999895e+04	1.501783579606815522e+00
5.486406328909999866e+04	1.499716674003758854e+00
5.486425928910000221e+04	1.496437590106250326e+00
5.486445428910000192e+04	1.457556795056296650e+00
5.486464928910000162e+04	1.504802921677470096e+00
5.486484428910000133e+04	1.493039343540141672e+00
5.486504028909999761e+04	1.467024712854797741e+00
5.486523528909999732e+04	1.530783658734156560e+00
5.486543028909999703e+04	1.548683482152783952e+00
5.486562628910000058e+04	1.474127103391074556e+00
5.486582128910000029e+04	1.496594700727847282e+00
5.486601628909999999e+04	1.477068738559708549e+00
5.486621228910000355e+04	1.519106107886788237e+00
5.486640728910000325e+04	1.471123542935293571e+00
5.486660228910000296e+04	1.482532665571573816e+00
5.486679828909999924e+04	1.464837032349663559e+00
5.486699328909999895e+04	1.444058088853982014e+00
5.486718828909999866e+04	1.475909786259730794e+00
5.486738428910000221e+04	1.483848484501526954e+00
5.486757928910000192e+04	1.486065669764487396e+00
5.486777428910000162e+04	1.520124614288810960e+00
5.486796928910000133e+04	1.461545683118355754e+00
5.486816528909999761e+04	1.496062057452423488e+00
5.486836028909999732e+04	1.456801153892126166e+00
5.486855528909999703e+04	1.455568316659867634e+00
5.486875128910000058e+04	1.475403771905984485e+00
5.486894628910000029e+04	1.439404957989125933e+00
5.486914128909999999e+04	1.430287882055623072e+00
5.486933728910000355e+04	1.459450221439542617e+00
5.486953228910000325e+04	1.425311529044051895e+00
5.486972728910000296e+04	1.458465393983608749e+00
5.486992328909999924e+04	1.438329689539045830e+00
5.487011828909999895e+04	1.473243896143989318e+00
5.487031328909999866e+04	1.456403047084627644e+00
5.487050928910000221e+04	1.455676553986787525e+00
5.487070428910000192e+04	1.430381807572775443e+00
5.487089928910000162e+04	1.436366717309008223e+00
5.487109428910000133e+04	1.483396741815672826e+00
5.487129028909999761e+04	1.495325452438462932e+00
5.487148528909999732e+04	1.474952938454542561e+00
5.487168028909999703e+04	1.515525088448868019e+00
5.487187628910000058e+04	1.446057044358386889e+00
5.487207128910000029e+04	1.473076250262240094e+00
5.487226628909999999e+04	1.514663368299000723e+00
5.487246228910000355e+04	1.461745722664176128e+00
5.487265728910000325e+04	1.504380621593421452e+00
5.487285228910000296e+04	1.476218112390776938e+00
5.487304828909999924e+04	1.450316993114032726e+00
5.487324328909999895e+04	1.471574450655053212e+00
5.487343828909999866e+04	1.489758333037308091e+00
5.487363428910000221e+04	1.489078742550102419e+00
5.487382928910000192e+04	1.472209732584595088e+00
5.487402428910000162e+04	1.431156857887597056e+00
5.487421928910000133e+04	1.493941551333652029e+00
5.487441528909999761e+04	1.481591561188329464e+00
5.487461028909999732e+04	1.501082449956900433e+00
5.487480528909999703e+04	1.469622601383861138e+00
5.487500128910000058e+04	1.530270540301803095e+00
5.487519628910000029e+04	1.494562726137527164e+00
5.487539128909999999e+04	1.488852923156279928e+00
5.487558728910000355e+04	1.432182451454426797e+00
5.487578228910000325e+04	1.487781994401748520e+00
5.487597728910000296e+04	1.495852929067087445e+00
5.487617328909999924e+04	1.556928362832275425e+00
5.487636828909999895e+04	1.504928797241243288e+00
5.487656328909999866e+04	1.524241127609222701e+00
5.487675928910000221e+04	1.502595834204278447e+00
5.487695428910000192e+04	1.523876310129608669e+00
5.487714928910000162e+04	1.554161674872613474e+00
5.487734428910000133e+04	1.520952921266642832e+00
5.487754028909999761e+04	1.507717895879995496e+00
5.487773528909999732e+04	1.484707325775167064e+00
5.487793028909999703e+04	1.519555102593180607e+00
5.487812628910000058e+04	1.540025518676417349e+00
5.487832128910000029e+04	1.457838061688175202e+00
5.487851628909999999e+04	1.508714125448056720e+00
5.487871228910000355e+04	1.537175983055739437e+00
5.487890728910000325e+04	1.479124155794096396e+00
5.487910228910000296e+04	1.505118011317826188e+00
5.487929828909999924e+04	1.503352042607124517e+00
5.487949328909999895e+04	1.485837675234240152e+00
5.487968828909999866e+04	1.548532966006991529e+00
5.487988428910000221e+04	1.527880954246709777e+00
5.488007928910000192e+04	1.512077747786788606e+00
5.488027428910000162e+04	1.497062809006720840e+00
5.488046928910000133e+04	1.481736342080202107e+00
5.488066528909999761e+04	1.555392493855825009e+00
5.488086028909999732e+04	1.534125432579006798e+00
5.488105528909999703e+04	1.504144587607926908e+00
5.488125128910000058e+04	1.465276607368803496e+00
5.488144628910000029e+04	1.441437547425696408e+00
5.488164128909999999e+04	1.518586391682815062e+00
5.488183728910000355e+04	1.490111172294504627e+00
5.488203228910000325e+04	1.521950635665065832e+00
5.488222728910000296e+04	1.517327632007658522e+00
5.488242328909999924e+04	1.465610041673377495e+00
5.488261828909999895e+04	1.471626519197570815e+00
5.488281328909999866e+04	1.540878089954539121e+00
5.488300928910000221e+04	1.498545357702408154e+00
5.488320428910000192e+04	1.505862702913704609e+00
5.488339928910000162e+04	1.476728312937600762e+00
5.488359428910000133e+04	1.522385024381417651e+00
5.488379028909999761e+04	1.454234154020843661e+00
5.488398528909999732e+04	1.457248221419067846e+00
5.488418028909999703e+04	1.515493924205696175e+00
5.488437628910000058e+04	1.445306314186229457e+00
5.488457128910000029e+04	1.488198338461231174e+00
5.488476628909999999e+04	1.466717428068818663e+00
5.488496228910000355e+04	1.474875830746535499e+00
5.488515728910000325e+04	1.467974728691526565e+00
5.488535228910000296e+04	1.445705596023946882e+00
5.488554828909999924e+04	1.506319189904395728e+00
5.488574328909999895e+04	1.492697096044999228e+00
5.488593828909999866e+04	1.464327555224308242e+00
5.488613428910000221e+04	1.461437383586135397e+00
5.488632928910000192e+04	1.434749822182673995e+00
5.488652428910000162e+04	1.475870250092135905e+00
5.488671928910000133e+04	1.476788777758022420e+00
5.488691528909999761e+04	1.522184524559248686e+00
5.488711028909999732e+04	1.485167358354853917e+00
5.488730528909999703e+04	1.469940315920350571e+00
5.488750128910000058e+04	1.517870323130649624e+00
5.488769628910000029e+04	1.530651766072693931e+00
5.488789128909999999e+04	1.525737381554822747e+00
5.488808728910000355e+04	1.542136641148028176e+00
5.488828228910000325e+04	1.460543311410013700e+00
5.488847728910000296e+04	1.521041303212616214e+00
5.488867328909999924e+04	1.532387638281559106e+00
5.488886828909999895e+04	1.463226230334214506e+00
5.488906328909999866e+04	1.562671234698548517e+00
5.488925928910000221e+04	1.514084256508310133e+00
5.488945428910000192e+04	1.483445654205100439e+00
5.488964928910000162e+04	1.493759396491821434e+00
5.488984428910000133e+04	1.493717924335967950e+00
5.489004028909999761e+04	1.488226320948699666e+00
5.489023528909999732e+04	1.445349037132563907e+00
5.489043028909999703e+04	1.493295422526957239e+00
5.489062628910000058e+04	1.548324310489078925e+00
5.489082128910000029e+04	1.502377562002374489e+00
5.489101628909999999e+04	1.510937243300098487e+00
5.489121228910000355e+04	1.456012274503205361e+00
5.489140728910000325e+04	1.500068289691942169e+00
5.489160228910000296e+04	1.504086427464617515e+00
5.489179828909999924e+04	1.504251705524184857e+00
5.489199328909999895e+04	1.532820760641005364e+00
5.489218828909999866e+04	1.442252002613496842e+00
5.489238428910000221e+04	1.464717203760738329e+00
5.489257928910000192e+04	1.515588577651369562e+00
5.489277428910000162e+04	1.523235210056895994e+00
5.489296928910000133e+04	1.444546244643380106e+00
5.489316528909999761e+04	1.493646062925018114e+00
5.489336028909999732e+04	1.468900815843046104e+00
5.489355528909999703e+04	1.502445018428048229e+00
5.489375128910000058e+04	1.506317135286396436e+00
5.489394628910000029e+04	1.523237263176490330e+00
5.489414128909999999e+04	1.505704672350006490e+00
5.489433728910000355e+04	1.481432292222608638e+00
5.489453228910000325e+04	1.484570968401190072e+00
5.489472728910000296e+04	1.449465208997636978e+00
5.489492328909999924e+04	1.499022898735502096e+00
5.489511828909999895e+04	1.505091031879032926e+00
5.489531328909999866e+04	1.496999358456639229e+00
5.489550928910000221e+04	1.503678676990123364e+00
5.489570428910000192e+04	1.473248100694322105e+00
5.489589928910000162e+04	1.497762987715564265e+00
5.489609428910000133e+04	1.485715987825940942e+00
5.489629028909999761e+04	1.489445090958092521e+00
5.489648528909999732e+04	1.492985356545116105e+00
5.489668028909999703e+04	1.514940908191299229e+00
5.489687628910000058e+04	1.482726354503183686e+00
5.489707128910000029e+04	1.502310909500451430e+00
5.489726628909999999e+04	1.513596755511086300e+00
5.489746228910000355e+04	1.507114760050001223e+00
5.489765728910000325e+04	1.502864226680467041e+00
5.489785228910000296e+04	1.469408045433809207e+00
5.489804828909999924e+04	1.509403502339566217e+00
5.489824328909999895e+04	1.481164725056805409e+00
5.489843828909999866e+04	1.506556363063531023e+00
5.489863428910000221e+04	1.523663326191115885e+00
5.489882928910000192e+04	1.505151422897217373e+00
5.489902428910000162e+04	1.480577622533974846e+00
5.489921928910000133e+04	1.441232227126862497e+00
5.489941528909999761e+04	1.441115412327064860e+00
5.489961028909999732e+04	1.478037126482234953e+00
5.489980528909999703e+04	1.484062996608459528e+00
5.490000128910000058e+04	1.498545357702408154e+00
