# time(sec)	crack length FEA(mm)
5.995625128910000058e+04	1.660525042020681852e+00
5.995644628910000029e+04	1.686107166153851367e+00
5.995664128909999999e+04	1.663925447613385344e+00
5.995683728910000355e+04	1.686677898757341865e+00
5.995703228910000325e+04	1.633468483522918291e+00
5.995722728910000296e+04	1.680260838167747295e+00
5.995742328909999924e+04	1.645476050887184627e+00
5.995761828909999895e+04	1.709685944113719103e+00
5.995781328909999866e+04	1.672747669565676887e+00
5.995800928910000221e+04	1.629547323841144646e+00
5.995820428910000192e+04	1.667282148137264386e+00
5.995839928910000162e+04	1.690827537387740165e+00
5.995859428910000133e+04	1.655357233591780997e+00
5.995879028909999761e+04	1.669568550847982280e+00
5.995898528909999732e+04	1.666275171719167503e+00
5.995918028909999703e+04	1.695183845987690674e+00
5.995937628910000058e+04	1.662132362677519737e+00
5.995957128910000029e+04	1.669440465088600334e+00
5.995976628909999999e+04	1.669114127021444460e+00
5.995996228910000355e+04	1.667105524595321242e+00
5.996015728910000325e+04	1.709772631329260051e+00
5.996035228910000296e+04	1.679189439478223633e+00
5.996054828909999924e+04	1.640768024157907234e+00
5.996074328909999895e+04	1.660795598672137885e+00
5.996093828909999866e+04	1.654597730284177004e+00
5.996113428910000221e+04	1.707959303784905458e+00
5.996132928910000192e+04	1.678178994842031813e+00
5.996152428910000162e+04	1.654278459806290513e+00
5.996171928910000133e+04	1.650832062480056095e+00
5.996191528909999761e+04	1.684806012943624864e+00
5.996211028909999732e+04	1.650918972188124556e+00
5.996230528909999703e+04	1.641786419939087693e+00
5.996250128910000058e+04	1.736186410369917610e+00
5.996269628910000029e+04	1.660096350953832456e+00
5.996289128909999999e+04	1.687545626213836414e+00
5.996308728910000355e+04	1.669637649447965444e+00
5.996328228910000325e+04	1.672324350548725747e+00
5.996347728910000296e+04	1.643285556493580657e+00
5.996367328909999924e+04	1.623868708566726937e+00
5.996386828909999895e+04	1.652382272850976719e+00
5.996406328909999866e+04	1.664740448043151133e+00
5.996425928910000221e+04	1.628681403261996508e+00
5.996445428910000192e+04	1.642981669753162066e+00
5.996464928910000162e+04	1.625605766970119603e+00
5.996484428910000133e+04	1.647301510762666510e+00
5.996504028909999761e+04	1.635737551994493444e+00
5.996523528909999732e+04	1.667008474215830205e+00
5.996543028909999703e+04	1.644437217069722124e+00
5.996562628910000058e+04	1.628748669885290212e+00
5.996582128910000029e+04	1.672776582333558082e+00
5.996601628909999999e+04	1.621901661748548662e+00
5.996621228910000355e+04	1.672709533037050278e+00
5.996640728910000325e+04	1.656028845452077292e+00
5.996660228910000296e+04	1.670510189882401519e+00
5.996679828909999924e+04	1.671787496670194884e+00
5.996699328909999895e+04	1.672152998584113703e+00
5.996718828909999866e+04	1.651561774244697745e+00
5.996738428910000221e+04	1.636245312280951936e+00
5.996757928910000192e+04	1.683252935649438342e+00
5.996777428910000162e+04	1.652191065470313802e+00
5.996796928910000133e+04	1.673269158069681239e+00
5.996816528909999761e+04	1.672625898521191701e+00
5.996836028909999732e+04	1.654225824575718207e+00
5.996855528909999703e+04	1.645337530582045460e+00
5.996875128910000058e+04	1.623216777943124356e+00
5.996894628910000029e+04	1.682328219690973015e+00
5.996914128909999999e+04	1.655950386719824863e+00
5.996933728910000355e+04	1.675162558459087236e+00
5.996953228910000325e+04	1.690022856308761590e+00
5.996972728910000296e+04	1.666506538014665750e+00
5.996992328909999924e+04	1.678174827419503856e+00
5.997011828909999895e+04	1.613280530413149449e+00
5.997031328909999866e+04	1.654218457409049492e+00
5.997050928910000221e+04	1.627014869925959673e+00
5.997070428910000192e+04	1.699980747550329241e+00
5.997089928910000162e+04	1.672183952009786978e+00
5.997109428910000133e+04	1.652202516653460407e+00
5.997129028909999761e+04	1.640162222924558932e+00
5.997148528909999732e+04	1.630818555335798337e+00
5.997168028909999703e+04	1.633069227997802741e+00
5.997187628910000058e+04	1.651926532675576098e+00
5.997207128910000029e+04	1.685652183095063705e+00
5.997226628909999999e+04	1.648604966867919686e+00
5.997246228910000355e+04	1.632627586819237919e+00
5.997265728910000325e+04	1.635196645276293381e+00
5.997285228910000296e+04	1.606305645923104208e+00
5.997304828909999924e+04	1.652904134858667717e+00
5.997324328909999895e+04	1.604106175318321448e+00
5.997343828909999866e+04	1.672990322832166754e+00
5.997363428910000221e+04	1.636682709119066104e+00
5.997382928910000192e+04	1.657304827319387996e+00
5.997402428910000162e+04	1.632385573455760408e+00
5.997421928910000133e+04	1.652106291030140284e+00
5.997441528909999761e+04	1.655042145279548294e+00
5.997461028909999732e+04	1.663252025713504167e+00
5.997480528909999703e+04	1.703002249446235794e+00
5.997500128910000058e+04	1.663387332751685932e+00
5.997519628910000029e+04	1.637450976013404613e+00
5.997539128909999999e+04	1.701115219335118667e+00
5.997558728910000355e+04	1.680105061110152675e+00
5.997578228910000325e+04	1.657752207408268674e+00
5.997597728910000296e+04	1.662854351499234440e+00
5.997617328909999924e+04	1.696732129144729484e+00
5.997636828909999895e+04	1.714498403552529027e+00
5.997656328909999866e+04	1.667666261951975315e+00
5.997675928910000221e+04	1.679713796258395675e+00
5.997695428910000192e+04	1.658366863811810532e+00
5.997714928910000162e+04	1.665253778786590644e+00
5.997734428910000133e+04	1.679039773053441209e+00
5.997754028909999761e+04	1.703526062317086698e+00
5.997773528909999732e+04	1.704696316590224470e+00
5.997793028909999703e+04	1.645198032688369949e+00
5.997812628910000058e+04	1.684331324955167020e+00
5.997832128910000029e+04	1.669076871497459535e+00
5.997851628909999999e+04	1.701323469907620733e+00
5.997871228910000355e+04	1.670032101789667323e+00
5.997890728910000325e+04	1.724004809658232773e+00
5.997910228910000296e+04	1.697452056291474776e+00
5.997929828909999924e+04	1.672527807173963765e+00
5.997949328909999895e+04	1.675307106736227070e+00
5.997968828909999866e+04	1.685382805472968926e+00
5.997988428910000221e+04	1.674427565170546472e+00
5.998007928910000192e+04	1.693896587162393885e+00
5.998027428910000162e+04	1.708666481400500814e+00
5.998046928910000133e+04	1.722565538074395164e+00
5.998066528909999761e+04	1.663451392592909528e+00
5.998086028909999732e+04	1.665534659714829502e+00
5.998105528909999703e+04	1.681933889832817997e+00
5.998125128910000058e+04	1.686361112448864219e+00
5.998144628910000029e+04	1.625779687783687422e+00
5.998164128909999999e+04	1.723635000539655238e+00
5.998183728910000355e+04	1.678527902960603058e+00
5.998203228910000325e+04	1.659976465103728316e+00
5.998222728910000296e+04	1.662900933506620049e+00
5.998242328909999924e+04	1.643498416907988258e+00
5.998261828909999895e+04	1.656739754567366774e+00
5.998281328909999866e+04	1.655844946282433838e+00
5.998300928910000221e+04	1.682664564941305230e+00
5.998320428910000192e+04	1.721407524261726607e+00
5.998339928910000162e+04	1.641332512465110582e+00
5.998359428910000133e+04	1.653306064389658658e+00
5.998379028909999761e+04	1.664356285319099626e+00
5.998398528909999732e+04	1.657409196077395563e+00
5.998418028909999703e+04	1.674423397067211994e+00
5.998437628910000058e+04	1.704689054165600126e+00
5.998457128910000029e+04	1.710856946468977569e+00
5.998476628909999999e+04	1.702110216591915304e+00
5.998496228910000355e+04	1.706806750560742714e+00
5.998515728910000325e+04	1.641469014245302560e+00
5.998535228910000296e+04	1.708929298674664921e+00
5.998554828909999924e+04	1.630220755626138995e+00
5.998574328909999895e+04	1.656984529422935282e+00
5.998593828909999866e+04	1.682190896504987876e+00
5.998613428910000221e+04	1.619175996439421894e+00
5.998632928910000192e+04	1.652195148838602634e+00
5.998652428910000162e+04	1.649079328074025241e+00
5.998671928910000133e+04	1.695175605917933481e+00
5.998691528909999761e+04	1.676544863874287472e+00
5.998711028909999732e+04	1.702230945539401574e+00
5.998730528909999703e+04	1.668849788902102560e+00
5.998750128910000058e+04	1.680760434747963217e+00
5.998769628910000029e+04	1.657758330979323347e+00
5.998789128909999999e+04	1.616846262872691398e+00
5.998808728910000355e+04	1.677762869536586265e+00
5.998828228910000325e+04	1.649948476603299241e+00
5.998847728910000296e+04	1.686827515392884891e+00
5.998867328909999924e+04	1.653255468523337157e+00
5.998886828909999895e+04	1.649895831462293572e+00
5.998906328909999866e+04	1.645336553833342208e+00
5.998925928910000221e+04	1.639001022314596767e+00
5.998945428910000192e+04	1.671234044216451053e+00
5.998964928910000162e+04	1.636666186968740888e+00
5.998984428910000133e+04	1.702912525141586642e+00
5.999004028909999761e+04	1.697220027108134133e+00
5.999023528909999732e+04	1.659636592862817395e+00
5.999043028909999703e+04	1.633535736164382968e+00
5.999062628910000058e+04	1.655799503789953775e+00
5.999082128910000029e+04	1.667381237696643481e+00
5.999101628909999999e+04	1.631108297798286699e+00
5.999121228910000355e+04	1.676466386483532744e+00
5.999140728910000325e+04	1.678308982577759068e+00
5.999160228910000296e+04	1.687220608955261270e+00
5.999179828909999924e+04	1.629811136580423536e+00
5.999199328909999895e+04	1.631536463134812820e+00
5.999218828909999866e+04	1.664799358341040758e+00
5.999238428910000221e+04	1.667364737584806633e+00
5.999257928910000192e+04	1.691085596532966306e+00
5.999277428910000162e+04	1.699539416042314954e+00
5.999296928910000133e+04	1.641578694659669324e+00
5.999316528909999761e+04	1.652344102516652313e+00
5.999336028909999732e+04	1.647401751919769453e+00
5.999355528909999703e+04	1.681688316781993819e+00
5.999375128910000058e+04	1.629170836769816333e+00
5.999394628910000029e+04	1.704843690173380111e+00
5.999414128909999999e+04	1.698615444816194753e+00
5.999433728910000355e+04	1.667047684747567260e+00
5.999453228910000325e+04	1.661286390425997794e+00
5.999472728910000296e+04	1.665815537210015407e+00
5.999492328909999924e+04	1.663488568513072252e+00
5.999511828909999895e+04	1.659801915157512298e+00
5.999531328909999866e+04	1.702156719013061092e+00
5.999550928910000221e+04	1.712988504156577108e+00
5.999570428910000192e+04	1.679439295115553676e+00
5.999589928910000162e+04	1.710025076092286156e+00
5.999609428910000133e+04	1.661321440240746128e+00
5.999629028909999761e+04	1.726295740941756307e+00
5.999648528909999732e+04	1.677426452473207874e+00
5.999668028909999703e+04	1.722571821367539613e+00
5.999687628910000058e+04	1.731468208198592151e+00
5.999707128910000029e+04	1.646292682171017319e+00
5.999726628909999999e+04	1.655466759053016546e+00
5.999746228910000355e+04	1.722127738742667447e+00
5.999765728910000325e+04	1.703459014228903001e+00
5.999785228910000296e+04	1.710497284663857087e+00
5.999804828909999924e+04	1.674638097746445453e+00
5.999824328909999895e+04	1.730991389313295770e+00
5.999843828909999866e+04	1.667828510408000398e+00
5.999863428910000221e+04	1.687839706584295385e+00
5.999882928910000192e+04	1.686576765159173874e+00
5.999902428910000162e+04	1.694541288868567364e+00
5.999921928910000133e+04	1.702672313823768491e+00
5.999941528909999761e+04	1.723197044663397293e+00
5.999961028909999732e+04	1.714464408671547702e+00
5.999980528909999703e+04	1.643828315578655719e+00
6.000000128910000058e+04	1.660145955648985705e+00
6.000019628910000029e+04	1.699497071866190367e+00
6.000039128909999999e+04	1.658864806871276798e+00
6.000058728910000355e+04	1.702956811614217969e+00
6.000078228910000325e+04	1.684215731846689934e+00
6.000097728910000296e+04	1.700906878290577851e+00
6.000117328909999924e+04	1.698050236013541436e+00
6.000136828909999895e+04	1.695310813570106490e+00
6.000156328909999866e+04	1.698808215040507719e+00
6.000175928910000221e+04	1.716540925285062968e+00
6.000195428910000192e+04	1.757997996545526576e+00
6.000214928910000162e+04	1.735694211669127185e+00
6.000234428910000133e+04	1.744015412317036606e+00
6.000254028909999761e+04	1.693109558679593007e+00
6.000273528909999732e+04	1.692243016358364827e+00
6.000293028909999703e+04	1.732959375250064937e+00
6.000312628910000058e+04	1.708224254428188260e+00
6.000332128910000029e+04	1.720157759445008594e+00
6.000351628909999999e+04	1.697293206477786143e+00
6.000371228910000355e+04	1.719102650315996073e+00
6.000390728910000325e+04	1.657255305242966159e+00
6.000410228910000296e+04	1.686352869210111294e+00
6.000429828909999924e+04	1.712330951931757994e+00
6.000449328909999895e+04	1.708144911241282315e+00
6.000468828909999866e+04	1.711862942449551284e+00
6.000488428910000221e+04	1.714609771845800879e+00
6.000507928910000192e+04	1.691860288249111832e+00
6.000527428910000162e+04	1.715700054780693762e+00
6.000546928910000133e+04	1.647996175670410679e+00
6.000566528909999761e+04	1.721660991365709492e+00
6.000586028909999732e+04	1.718654428860757477e+00
6.000605528909999703e+04	1.685137269315379882e+00
6.000625128910000058e+04	1.687424908587475514e+00
6.000644628910000029e+04	1.638977218599237062e+00
6.000664128909999999e+04	1.713563525947206401e+00
6.000683728910000355e+04	1.662453564880001622e+00
6.000703228910000325e+04	1.695468613891591758e+00
6.000722728910000296e+04	1.694435139393828393e+00
6.000742328909999924e+04	1.666323698508708873e+00
6.000761828909999895e+04	1.700823346464332531e+00
6.000781328909999866e+04	1.695672840096422718e+00
6.000800928910000221e+04	1.676653224305251655e+00
6.000820428910000192e+04	1.672683724327102439e+00
6.000839928910000162e+04	1.717394157322239323e+00
6.000859428910000133e+04	1.672477164913031444e+00
6.000879028909999761e+04	1.688385491329469801e+00
6.000898528909999732e+04	1.709889069718723675e+00
6.000918028909999703e+04	1.697560229461302583e+00
6.000937628910000058e+04	1.722049328680103741e+00
6.000957128910000029e+04	1.742352103997465207e+00
6.000976628909999999e+04	1.692811381075234323e+00
6.000996228910000355e+04	1.709287037021709921e+00
6.001015728910000325e+04	1.674566885806385130e+00
6.001035228910000296e+04	1.742963436029453916e+00
6.001054828909999924e+04	1.743827089305733935e+00
6.001074328909999895e+04	1.723459872290426631e+00
6.001093828909999866e+04	1.734577106873988583e+00
6.001113428910000221e+04	1.712850390538081413e+00
6.001132928910000192e+04	1.678433915526603926e+00
6.001152428910000162e+04	1.714396330229607912e+00
6.001171928910000133e+04	1.661039443001229188e+00
6.001191528909999761e+04	1.758201754112246107e+00
6.001211028909999732e+04	1.655787078092782139e+00
6.001230528909999703e+04	1.678541291705272442e+00
6.001250128910000058e+04	1.690340655533830727e+00
6.001269628910000029e+04	1.666554088467798067e+00
6.001289128909999999e+04	1.685924571269850958e+00
6.001308728910000355e+04	1.688440264073731711e+00
6.001328228910000325e+04	1.747051619476071238e+00
6.001347728910000296e+04	1.694324736330564463e+00
6.001367328909999924e+04	1.733157075635709532e+00
6.001386828909999895e+04	1.720196967747895656e+00
6.001406328909999866e+04	1.682878302074414023e+00
6.001425928910000221e+04	1.704829253980825854e+00
6.001445428910000192e+04	1.716730535150688297e+00
6.001464928910000162e+04	1.657064138377478457e+00
6.001484428910000133e+04	1.720136163872540536e+00
6.001504028909999761e+04	1.667375027978525992e+00
6.001523528909999732e+04	1.690431403863286164e+00
6.001543028909999703e+04	1.707023273816181685e+00
6.001562628910000058e+04	1.682048430588507060e+00
6.001582128910000029e+04	1.697094133239433589e+00
6.001601628909999999e+04	1.664403751499909490e+00
6.001621228910000355e+04	1.666664536435389365e+00
6.001640728910000325e+04	1.679367034094642719e+00
6.001660228910000296e+04	1.702322621168095296e+00
6.001679828909999924e+04	1.690369546154219194e+00
6.001699328909999895e+04	1.681438574274148223e+00
6.001718828909999866e+04	1.673456997457014594e+00
6.001738428910000221e+04	1.676591240782531855e+00
6.001757928910000192e+04	1.620231526648192144e+00
6.001777428910000162e+04	1.631983189512968835e+00
6.001796928910000133e+04	1.650655401284975454e+00
6.001816528909999761e+04	1.674363447241960401e+00
6.001836028909999732e+04	1.699423899528181181e+00
6.001855528909999703e+04	1.663244838891165145e+00
6.001875128910000058e+04	1.681360113607031082e+00
6.001894628910000029e+04	1.686548844762164379e+00
6.001914128909999999e+04	1.679168780604403111e+00
6.001933728910000355e+04	1.713588314860848172e+00
6.001953228910000325e+04	1.666478681919922877e+00
6.001972728910000296e+04	1.662003170691646048e+00
6.001992328909999924e+04	1.651650634156913711e+00
6.002011828909999895e+04	1.667640447575852392e+00
6.002031328909999866e+04	1.683622332906573149e+00
6.002050928910000221e+04	1.703142459576618251e+00
6.002070428910000192e+04	1.685008206657368390e+00
6.002089928910000162e+04	1.669673839645904323e+00
6.002109428910000133e+04	1.662169629461578424e+00
6.002129028909999761e+04	1.668471815589827045e+00
6.002148528909999732e+04	1.682727595883017457e+00
6.002168028909999703e+04	1.664420253737935340e+00
6.002187628910000058e+04	1.670630996467741269e+00
6.002207128910000029e+04	1.652597179527631965e+00
6.002226628909999999e+04	1.693120900871537771e+00
6.002246228910000355e+04	1.658639753208063894e+00
6.002265728910000325e+04	1.691012220120761356e+00
6.002285228910000296e+04	1.695654322480788068e+00
6.002304828909999924e+04	1.649682852672240685e+00
6.002324328909999895e+04	1.654701134979317700e+00
6.002343828909999866e+04	1.666253525366830246e+00
6.002363428910000221e+04	1.657505310764573636e+00
6.002382928910000192e+04	1.718577157569530556e+00
6.002402428910000162e+04	1.665632780922960521e+00
6.002421928910000133e+04	1.703396040218507324e+00
6.002441528909999761e+04	1.714915810544500374e+00
6.002461028909999732e+04	1.739532550188156890e+00
6.002480528909999703e+04	1.658197537640884178e+00
6.002500128910000058e+04	1.696942545827539561e+00
6.002519628910000029e+04	1.685235306810987765e+00
6.002539128909999999e+04	1.711556862974310533e+00
6.002558728910000355e+04	1.721918526646470937e+00
6.002578228910000325e+04	1.683259052427077407e+00
6.002597728910000296e+04	1.620505757466894181e+00
6.002617328909999924e+04	1.681787432863782072e+00
6.002636828909999895e+04	1.666420840494321709e+00
6.002656328909999866e+04	1.714286023247993285e+00
6.002675928910000221e+04	1.724645567911707644e+00
6.002695428910000192e+04	1.666534394075638303e+00
6.002714928910000162e+04	1.712028862909360072e+00
6.002734428910000133e+04	1.705530328759456538e+00
6.002754028909999761e+04	1.718505019759987817e+00
6.002773528909999732e+04	1.709822040239014740e+00
6.002793028909999703e+04	1.733388741162833924e+00
6.002812628910000058e+04	1.720980942704745331e+00
6.002832128910000029e+04	1.680351715018275627e+00
6.002851628909999999e+04	1.675432056016939342e+00
6.002871228910000355e+04	1.723218725844429144e+00
6.002890728910000325e+04	1.687455841431829029e+00
6.002910228910000296e+04	1.696541290618755582e+00
6.002929828909999924e+04	1.650002275729162804e+00
6.002949328909999895e+04	1.687577533850388889e+00
6.002968828909999866e+04	1.690694430196796105e+00
6.002988428910000221e+04	1.691843717103196809e+00
6.003007928910000192e+04	1.742988193129381358e+00
6.003027428910000162e+04	1.648386826679523409e+00
6.003046928910000133e+04	1.666487996859824960e+00
6.003066528909999761e+04	1.731490854636968280e+00
6.003086028909999732e+04	1.678926281275296972e+00
6.003105528909999703e+04	1.716608997354827082e+00
6.003125128910000058e+04	1.696905335438865237e+00
6.003144628910000029e+04	1.720366899120040927e+00
6.003164128909999999e+04	1.711135321893575423e+00
6.003183728910000355e+04	1.701365810711426008e+00
6.003203228910000325e+04	1.684130100380263784e+00
6.003222728910000296e+04	1.699951957616567810e+00
6.003242328909999924e+04	1.700615002767980499e+00
6.003261828909999895e+04	1.717787877917171357e+00
6.003281328909999866e+04	1.686669655632368148e+00
6.003300928910000221e+04	1.702722712350901446e+00
6.003320428910000192e+04	1.647156786266663175e+00
6.003339928910000162e+04	1.664577201850343968e+00
6.003359428910000133e+04	1.732348748913599579e+00
6.003379028909999761e+04	1.699839455067294836e+00
6.003398528909999732e+04	1.708603521693657257e+00
6.003418028909999703e+04	1.674608211815918679e+00
6.003437628910000058e+04	1.638077633282346568e+00
6.003457128910000029e+04	1.699868422311874738e+00
6.003476628909999999e+04	1.681782202240464485e+00
6.003496228910000355e+04	1.694920871118517525e+00
6.003515728910000325e+04	1.737600151352225453e+00
6.003535228910000296e+04	1.688891026385970662e+00
6.003554828909999924e+04	1.716176129901853642e+00
6.003574328909999895e+04	1.623183714303412017e+00
6.003593828909999866e+04	1.699627116074758248e+00
6.003613428910000221e+04	1.705633504326765859e+00
6.003632928910000192e+04	1.724495136014363439e+00
6.003652428910000162e+04	1.699223781735856420e+00
6.003671928910000133e+04	1.673542757421959237e+00
6.003691528909999761e+04	1.678373000823826899e+00
6.003711028909999732e+04	1.699188789733575788e+00
6.003730528909999703e+04	1.713497569599947923e+00
6.003750128910000058e+04	1.733017049096044815e+00
6.003769628910000029e+04	1.680468302841234163e+00
6.003789128909999999e+04	1.730603115169513373e+00
6.003808728910000355e+04	1.704914896781557943e+00
6.003828228910000325e+04	1.685243550451115624e+00
6.003847728910000296e+04	1.702260795518650838e+00
6.003867328909999924e+04	1.733845961891152143e+00
6.003886828909999895e+04	1.715242471581825967e+00
6.003906328909999866e+04	1.673872047879967795e+00
6.003925928910000221e+04	1.698852598029038319e+00
6.003945428910000192e+04	1.679950258274569563e+00
6.003964928910000162e+04	1.690072396410613464e+00
6.003984428910000133e+04	1.689460626262896170e+00
6.004004028909999761e+04	1.656468972675746443e+00
6.004023528909999732e+04	1.671797873776352361e+00
6.004043028909999703e+04	1.709820003673158340e+00
6.004062628910000058e+04	1.612614784119763556e+00
6.004082128910000029e+04	1.681720321216539915e+00
6.004101628909999999e+04	1.642551497091254475e+00
6.004121228910000355e+04	1.705453101764870638e+00
6.004140728910000325e+04	1.688090443019765630e+00
6.004160228910000296e+04	1.682677064762071240e+00
6.004179828909999924e+04	1.667519713974702000e+00
6.004199328909999895e+04	1.670746657977680627e+00
6.004218828909999866e+04	1.661687108664988699e+00
6.004238428910000221e+04	1.703017661088106038e+00
6.004257928910000192e+04	1.656018461223471405e+00
6.004277428910000162e+04	1.648192478631697711e+00
6.004296928910000133e+04	1.680992630416390909e+00
6.004316528909999761e+04	1.673116260286072077e+00
6.004336028909999732e+04	1.650085992600509144e+00
6.004355528909999703e+04	1.689678288204881085e+00
6.004375128910000058e+04	1.681345662630063131e+00
6.004394628910000029e+04	1.668505878682569943e+00
6.004414128909999999e+04	1.661810091205364159e+00
6.004433728910000355e+04	1.641421500705149583e+00
6.004453228910000325e+04	1.659030223458714204e+00
6.004472728910000296e+04	1.677583311754125006e+00
6.004492328909999924e+04	1.701925623193769610e+00
6.004511828909999895e+04	1.692771239782302928e+00
6.004531328909999866e+04	1.638920373806250552e+00
6.004550928910000221e+04	1.669732648595969593e+00
6.004570428910000192e+04	1.650111826695470185e+00
6.004589928910000162e+04	1.662281074531479774e+00
6.004609428910000133e+04	1.676968105110939078e+00
6.004629028909999761e+04	1.687291781658291967e+00
6.004648528909999732e+04	1.647114522990555940e+00
6.004668028909999703e+04	1.670306804085996077e+00
6.004687628910000058e+04	1.654364202605192347e+00
6.004707128910000029e+04	1.654838533803324907e+00
6.004726628909999999e+04	1.665925101568742406e+00
6.004746228910000355e+04	1.688963346058550030e+00
6.004765728910000325e+04	1.654248547388181834e+00
6.004785228910000296e+04	1.651065714800729722e+00
6.004804828909999924e+04	1.674909552444404426e+00
6.004824328909999895e+04	1.703877596574461251e+00
6.004843828909999866e+04	1.691663206037912204e+00
6.004863428910000221e+04	1.704054911632812974e+00
6.004882928910000192e+04	1.646357766357308350e+00
6.004902428910000162e+04	1.672601065308327861e+00
6.004921928910000133e+04	1.644676972605429555e+00
6.004941528909999761e+04	1.706510787857842715e+00
6.004961028909999732e+04	1.731768979380907680e+00
6.004980528909999703e+04	1.664152756322128113e+00
6.005000128910000058e+04	1.709134556161499674e+00
6.005019628910000029e+04	1.685693400517491725e+00
6.005039128909999999e+04	1.666538474897020450e+00
6.005058728910000355e+04	1.686912161813340916e+00
6.005078228910000325e+04	1.689658702259617229e+00
6.005097728910000296e+04	1.704425036898671308e+00
6.005117328909999924e+04	1.688535096833163607e+00
6.005136828909999895e+04	1.695987460075462749e+00
6.005156328909999866e+04	1.670794110959384682e+00
6.005175928910000221e+04	1.686192878882391000e+00
6.005195428910000192e+04	1.730748375941534078e+00
6.005214928910000162e+04	1.709592261340553421e+00
6.005234428910000133e+04	1.685313754234186945e+00
6.005254028909999761e+04	1.674516336723657517e+00
6.005273528909999732e+04	1.686578715153885355e+00
6.005293028909999703e+04	1.709894205390723343e+00
6.005312628910000058e+04	1.641062792513825030e+00
6.005332128910000029e+04	1.712155737242319731e+00
6.005351628909999999e+04	1.704446735849437289e+00
6.005371228910000355e+04	1.744163682441950414e+00
6.005390728910000325e+04	1.708511871178382435e+00
6.005410228910000296e+04	1.679675671295907335e+00
6.005429828909999924e+04	1.640624413139224913e+00
6.005449328909999895e+04	1.698021355064309290e+00
6.005468828909999866e+04	1.729128338824599709e+00
6.005488428910000221e+04	1.666387750165432280e+00
6.005507928910000192e+04	1.701290518432989174e+00
6.005527428910000162e+04	1.674436788205024840e+00
6.005546928910000133e+04	1.671420924604936076e+00
6.005566528909999761e+04	1.674826990116875081e+00
6.005586028909999732e+04	1.701534818831426321e+00
