# time(sec)	crack length FEA(mm)
3.752129028909999761e+04	1.207340712199256316e+00
3.752148528909999732e+04	1.234692189237520665e+00
3.752168028909999703e+04	1.217857876488675828e+00
3.752187628910000058e+04	1.228625099168510815e+00
3.752207128910000029e+04	1.172065038772657886e+00
3.752226628909999999e+04	1.234478632913996066e+00
3.752246228910000355e+04	1.228309337092916564e+00
3.752265728910000325e+04	1.251819376826109220e+00
3.752285228910000296e+04	1.228729146954012919e+00
3.752304828909999924e+04	1.211802196067139903e+00
3.752324328909999895e+04	1.231000185136458924e+00
3.752343828909999866e+04	1.203240821376637015e+00
3.752363428910000221e+04	1.228761870836855508e+00
3.752382928910000192e+04	1.221858295839160391e+00
3.752402428910000162e+04	1.237280287496279385e+00
3.752421928910000133e+04	1.272049927905520406e+00
3.752441528909999761e+04	1.191469261321921991e+00
3.752461028909999732e+04	1.211549352327024209e+00
3.752480528909999703e+04	1.205443643121444808e+00
3.752500128910000058e+04	1.166324633260359178e+00
3.752519628910000029e+04	1.246757825349142479e+00
3.752539128909999999e+04	1.238009248702432785e+00
3.752558728910000355e+04	1.234234527443099694e+00
3.752578228910000325e+04	1.240937788288650978e+00
3.752597728910000296e+04	1.239848042882929491e+00
3.752617328909999924e+04	1.207554514255399170e+00
3.752636828909999895e+04	1.208418207809838663e+00
3.752656328909999866e+04	1.209329277083156740e+00
3.752675928910000221e+04	1.174283361226585498e+00
3.752695428910000192e+04	1.213589212995060507e+00
3.752714928910000162e+04	1.197031763884385924e+00
3.752734428910000133e+04	1.177708023866744114e+00
3.752754028909999761e+04	1.187000857181832458e+00
3.752773528909999732e+04	1.164150977898316341e+00
3.752793028909999703e+04	1.196289858704243869e+00
3.752812628910000058e+04	1.182929046079028268e+00
3.752832128910000029e+04	1.194497277668357782e+00
3.752851628909999999e+04	1.189994585739356125e+00
3.752871228910000355e+04	1.236662726674095936e+00
3.752890728910000325e+04	1.170905777912320644e+00
3.752910228910000296e+04	1.221132000218256408e+00
3.752929828909999924e+04	1.222148916335587643e+00
3.752949328909999895e+04	1.195496421644250518e+00
3.752968828909999866e+04	1.208454036024154021e+00
3.752988428910000221e+04	1.226075106990906605e+00
3.753007928910000192e+04	1.173415248281887813e+00
3.753027428910000162e+04	1.191965688480356889e+00
3.753046928910000133e+04	1.214963373645364442e+00
3.753066528909999761e+04	1.183251664871223241e+00
3.753086028909999732e+04	1.205098162171262643e+00
3.753105528909999703e+04	1.182238326366572778e+00
3.753125128910000058e+04	1.156694533690965088e+00
3.753144628910000029e+04	1.153921396357022289e+00
3.753164128909999999e+04	1.181664794487197412e+00
3.753183728910000355e+04	1.192503208739823961e+00
3.753203228910000325e+04	1.209551565413637064e+00
3.753222728910000296e+04	1.202591871441011762e+00
3.753242328909999924e+04	1.195690234570241373e+00
3.753261828909999895e+04	1.179015788038409340e+00
3.753281328909999866e+04	1.175141929031164878e+00
3.753300928910000221e+04	1.182836208581431237e+00
3.753320428910000192e+04	1.140828081166748831e+00
3.753339928910000162e+04	1.184703485542614843e+00
3.753359428910000133e+04	1.153058793959424122e+00
3.753379028909999761e+04	1.166786875253686517e+00
3.753398528909999732e+04	1.173927910836054522e+00
3.753418028909999703e+04	1.154482996029166486e+00
3.753437628910000058e+04	1.173132635808336488e+00
3.753457128910000029e+04	1.182067500100599133e+00
3.753476628909999999e+04	1.205011745899939868e+00
3.753496228910000355e+04	1.196976909320742521e+00
3.753515728910000325e+04	1.199003365985721103e+00
3.753535228910000296e+04	1.166869080874660014e+00
3.753554828909999924e+04	1.162642961460779389e+00
3.753574328909999895e+04	1.213325985890655545e+00
3.753593828909999866e+04	1.143913295645946349e+00
3.753613428910000221e+04	1.171326608946747783e+00
3.753632928910000192e+04	1.190983326629183381e+00
3.753652428910000162e+04	1.197949608484565331e+00
3.753671928910000133e+04	1.183954944093063233e+00
3.753691528909999761e+04	1.167047448869919180e+00
3.753711028909999732e+04	1.202959651141711106e+00
3.753730528909999703e+04	1.163381662205464906e+00
3.753750128910000058e+04	1.251867872719586217e+00
3.753769628910000029e+04	1.216874510698689349e+00
3.753789128909999999e+04	1.224433065191462333e+00
3.753808728910000355e+04	1.178519088950123361e+00
3.753828228910000325e+04	1.211260772441971056e+00
3.753847728910000296e+04	1.154753226554259271e+00
3.753867328909999924e+04	1.202721373263342386e+00
3.753886828909999895e+04	1.220064579980986608e+00
3.753906328909999866e+04	1.194065180305358354e+00
3.753925928910000221e+04	1.195556349024185394e+00
3.753945428910000192e+04	1.174835055323450561e+00
3.753964928910000162e+04	1.216557506004578570e+00
3.753984428910000133e+04	1.170931060608220164e+00
3.754004028909999761e+04	1.182063333590894771e+00
3.754023528909999732e+04	1.215974224332814657e+00
3.754043028909999703e+04	1.164602657084719439e+00
3.754062628910000058e+04	1.223371038525328913e+00
3.754082128910000029e+04	1.205559465881506753e+00
3.754101628909999999e+04	1.215833217963231405e+00
3.754121228910000355e+04	1.206821444724266001e+00
3.754140728910000325e+04	1.178409384353143352e+00
3.754160228910000296e+04	1.216065846365237846e+00
3.754179828909999924e+04	1.178836423165403602e+00
3.754199328909999895e+04	1.179937502740202149e+00
3.754218828909999866e+04	1.140942133736071895e+00
3.754238428910000221e+04	1.199912535753684395e+00
3.754257928910000192e+04	1.129862318716183367e+00
3.754277428910000162e+04	1.180745230460653161e+00
3.754296928910000133e+04	1.181559271077379236e+00
3.754316528909999761e+04	1.177428542860061711e+00
3.754336028909999732e+04	1.226155027262727515e+00
3.754355528909999703e+04	1.185781017583201091e+00
3.754375128910000058e+04	1.153389256368807736e+00
3.754394628910000029e+04	1.132505209149051950e+00
3.754414128909999999e+04	1.141209433789407868e+00
3.754433728910000355e+04	1.225725588231794561e+00
3.754453228910000325e+04	1.184285971697313755e+00
3.754472728910000296e+04	1.181391700746772244e+00
3.754492328909999924e+04	1.176891766999235145e+00
3.754511828909999895e+04	1.174455330974932821e+00
3.754531328909999866e+04	1.172263393282140242e+00
3.754550928910000221e+04	1.171786578494861786e+00
3.754570428910000192e+04	1.132579183333797701e+00
3.754589928910000162e+04	1.168318825709597775e+00
3.754609428910000133e+04	1.230491923295399914e+00
3.754629028909999761e+04	1.151636682899985331e+00
3.754648528909999732e+04	1.197257245580003016e+00
3.754668028909999703e+04	1.122104412319998801e+00
3.754687628910000058e+04	1.214662262742315590e+00
3.754707128910000029e+04	1.170095539295566311e+00
3.754726628909999999e+04	1.175331831759056200e+00
3.754746228910000355e+04	1.225595037216940852e+00
3.754765728910000325e+04	1.195162292031906048e+00
3.754785228910000296e+04	1.187948521348081599e+00
3.754804828909999924e+04	1.160709575808112959e+00
3.754824328909999895e+04	1.171702215167211847e+00
3.754843828909999866e+04	1.198068545501074667e+00
3.754863428910000221e+04	1.170524812443655804e+00
3.754882928910000192e+04	1.202698296470675388e+00
3.754902428910000162e+04	1.149169166212963944e+00
3.754921928910000133e+04	1.170752812495177153e+00
3.754941528909999761e+04	1.132489415857641291e+00
3.754961028909999732e+04	1.146286292262022499e+00
3.754980528909999703e+04	1.163834353174994618e+00
3.755000128910000058e+04	1.147170185927347319e+00
3.755019628910000029e+04	1.168689132640960082e+00
3.755039128909999999e+04	1.132641539307883249e+00
3.755058728910000355e+04	1.177497122459756795e+00
3.755078228910000325e+04	1.140153100115973928e+00
3.755097728910000296e+04	1.141771244037254718e+00
3.755117328909999924e+04	1.211750541984669027e+00
3.755136828909999895e+04	1.157153699520554468e+00
3.755156328909999866e+04	1.179316357034206675e+00
3.755175928910000221e+04	1.157435505420528088e+00
3.755195428910000192e+04	1.190922210602931131e+00
3.755214928910000162e+04	1.126996252575811042e+00
3.755234428910000133e+04	1.117583759641455288e+00
3.755254028909999761e+04	1.172339327551528143e+00
3.755273528909999732e+04	1.173382538258081809e+00
3.755293028909999703e+04	1.183535333907077103e+00
3.755312628910000058e+04	1.139521473209450519e+00
3.755332128910000029e+04	1.141440710324346242e+00
3.755351628909999999e+04	1.182679063303790912e+00
3.755371228910000355e+04	1.176843207434597360e+00
3.755390728910000325e+04	1.217420960721247170e+00
3.755410228910000296e+04	1.204668249406491753e+00
3.755429828909999924e+04	1.174909894096822782e+00
3.755449328909999895e+04	1.194464596790501432e+00
3.755468828909999866e+04	1.210527908424527510e+00
3.755488428910000221e+04	1.179026296241318050e+00
3.755507928910000192e+04	1.178522169005780995e+00
3.755527428910000162e+04	1.249909082992278542e+00
3.755546928910000133e+04	1.227929476856319368e+00
3.755566528909999761e+04	1.238455271120459500e+00
3.755586028909999732e+04	1.221374161526204816e+00
3.755605528909999703e+04	1.176768374776038684e+00
3.755625128910000058e+04	1.185941221339732010e+00
3.755644628910000029e+04	1.199229824484790541e+00
3.755664128909999999e+04	1.192041559522298400e+00
3.755683728910000355e+04	1.165969063326738109e+00
3.755703228910000325e+04	1.194633251361993942e+00
3.755722728910000296e+04	1.200336109124888750e+00
3.755742328909999924e+04	1.201825977176554261e+00
3.755761828909999895e+04	1.197743051299651640e+00
3.755781328909999866e+04	1.200098076306037598e+00
3.755800928910000221e+04	1.240024686074503890e+00
3.755820428910000192e+04	1.205838614496542505e+00
3.755839928910000162e+04	1.211557765418094235e+00
3.755859428910000133e+04	1.214198965951734266e+00
3.755879028909999761e+04	1.175809662319622362e+00
3.755898528909999732e+04	1.191292254406167928e+00
3.755918028909999703e+04	1.218429626118167519e+00
3.755937628910000058e+04	1.246582226238055924e+00
3.755957128910000029e+04	1.179521988233885210e+00
3.755976628909999999e+04	1.232552200584697388e+00
3.755996228910000355e+04	1.214706583903319981e+00
3.756015728910000325e+04	1.184769961036437280e+00
3.756035228910000296e+04	1.163725758893685125e+00
3.756054828909999924e+04	1.215714189480571861e+00
3.756074328909999895e+04	1.241939033867316411e+00
3.756093828909999866e+04	1.194875684542095584e+00
3.756113428910000221e+04	1.154297097401817851e+00
3.756132928910000192e+04	1.183776703507694705e+00
3.756152428910000162e+04	1.175992130526118729e+00
3.756171928910000133e+04	1.184745689351904829e+00
3.756191528909999761e+04	1.132354174023626925e+00
3.756211028909999732e+04	1.239029684237282325e+00
3.756230528909999703e+04	1.189544477631532260e+00
3.756250128910000058e+04	1.163925089750977193e+00
3.756269628910000029e+04	1.218653818372539277e+00
3.756289128909999999e+04	1.180200015010100856e+00
3.756308728910000355e+04	1.197662944280601494e+00
3.756328228910000325e+04	1.143376757558167256e+00
3.756347728910000296e+04	1.195632208540972741e+00
3.756367328909999924e+04	1.210474080334847713e+00
3.756386828909999895e+04	1.197523910436760985e+00
3.756406328909999866e+04	1.177072143166084217e+00
3.756425928910000221e+04	1.181295686941286505e+00
3.756445428910000192e+04	1.237776746231329383e+00
3.756464928910000162e+04	1.183906489595344169e+00
3.756484428910000133e+04	1.213799792565456670e+00
3.756504028909999761e+04	1.226348679106209261e+00
3.756523528909999732e+04	1.184189969640696560e+00
3.756543028909999703e+04	1.196447909271164178e+00
3.756562628910000058e+04	1.181656370747310447e+00
3.756582128910000029e+04	1.182041142385534371e+00
3.756601628909999999e+04	1.187260121587417672e+00
3.756621228910000355e+04	1.218448617880198981e+00
3.756640728910000325e+04	1.200072824775055835e+00
3.756660228910000296e+04	1.191060287326365597e+00
3.756679828909999924e+04	1.227972597900155449e+00
3.756699328909999895e+04	1.217622100344543767e+00
3.756718828909999866e+04	1.214769628350197195e+00
3.756738428910000221e+04	1.154536770335699458e+00
3.756757928910000192e+04	1.181190161884746459e+00
3.756777428910000162e+04	1.177154313068442093e+00
3.756796928910000133e+04	1.167369196682237487e+00
3.756816528909999761e+04	1.184558035785874708e+00
3.756836028909999732e+04	1.200728088742227584e+00
3.756855528909999703e+04	1.207514522651054634e+00
3.756875128910000058e+04	1.147714076196608701e+00
3.756894628910000029e+04	1.191265725889753213e+00
3.756914128909999999e+04	1.212248714212954326e+00
3.756933728910000355e+04	1.159655289688817703e+00
3.756953228910000325e+04	1.176764116736293886e+00
3.756972728910000296e+04	1.165570253070711715e+00
3.756992328909999924e+04	1.158323153957923068e+00
3.757011828909999895e+04	1.199861036678626647e+00
3.757031328909999866e+04	1.202136844733583843e+00
3.757050928910000221e+04	1.224613078765134588e+00
3.757070428910000192e+04	1.203543254372384297e+00
3.757089928910000162e+04	1.203990924113814032e+00
3.757109428910000133e+04	1.184427347601344493e+00
3.757129028909999761e+04	1.243975184271700840e+00
3.757148528909999732e+04	1.206592796930825884e+00
3.757168028909999703e+04	1.215111892538180527e+00
3.757187628910000058e+04	1.196226583868272186e+00
3.757207128910000029e+04	1.239056972352329922e+00
3.757226628909999999e+04	1.198365704395525810e+00
3.757246228910000355e+04	1.177193450121158946e+00
3.757265728910000325e+04	1.217753599873066861e+00
3.757285228910000296e+04	1.186924969961554055e+00
3.757304828909999924e+04	1.212185572572877845e+00
3.757324328909999895e+04	1.209246133291195235e+00
3.757343828909999866e+04	1.217904271747185518e+00
3.757363428910000221e+04	1.198709292537325055e+00
3.757382928910000192e+04	1.179919567012957415e+00
3.757402428910000162e+04	1.210605800619395822e+00
3.757421928910000133e+04	1.161206648768535743e+00
3.757441528909999761e+04	1.236939429177379424e+00
3.757461028909999732e+04	1.202419110741914210e+00
3.757480528909999703e+04	1.192335625412423994e+00
3.757500128910000058e+04	1.217869452702068145e+00
3.757519628910000029e+04	1.175653557568283603e+00
3.757539128909999999e+04	1.200940955114655040e+00
3.757558728910000355e+04	1.191693709617648977e+00
3.757578228910000325e+04	1.235498136812578807e+00
3.757597728910000296e+04	1.160764423874674378e+00
3.757617328909999924e+04	1.173476500171620529e+00
3.757636828909999895e+04	1.185731480079834199e+00
3.757656328909999866e+04	1.190870510848476727e+00
3.757675928910000221e+04	1.223105840856039350e+00
3.757695428910000192e+04	1.184356614471212765e+00
3.757714928910000162e+04	1.181575122263410549e+00
3.757734428910000133e+04	1.177895731785106648e+00
3.757754028909999761e+04	1.205085493837126265e+00
3.757773528909999732e+04	1.192477949092289435e+00
3.757793028909999703e+04	1.182207802357622128e+00
3.757812628910000058e+04	1.206307413872540479e+00
3.757832128910000029e+04	1.189540312439040903e+00
3.757851628909999999e+04	1.200417293153835274e+00
3.757871228910000355e+04	1.200673333264028031e+00
3.757890728910000325e+04	1.183587049702412131e+00
3.757910228910000296e+04	1.190948558420290126e+00
3.757929828909999924e+04	1.222942633853412175e+00
3.757949328909999895e+04	1.203207066645896717e+00
3.757968828909999866e+04	1.199105462652061860e+00
3.757988428910000221e+04	1.248679935813019171e+00
3.758007928910000192e+04	1.195525842204750333e+00
3.758027428910000162e+04	1.186049894835987217e+00
3.758046928910000133e+04	1.161285791466893258e+00
3.758066528909999761e+04	1.167466354598589717e+00
3.758086028909999732e+04	1.243717445433919266e+00
3.758105528909999703e+04	1.150719216811042500e+00
3.758125128910000058e+04	1.257252102052770937e+00
3.758144628910000029e+04	1.254458148862783062e+00
3.758164128909999999e+04	1.191073959141657923e+00
3.758183728910000355e+04	1.176531101137479496e+00
3.758203228910000325e+04	1.183355007018043636e+00
3.758222728910000296e+04	1.190133754425682255e+00
3.758242328909999924e+04	1.174983826599355297e+00
3.758261828909999895e+04	1.225584549707942728e+00
3.758281328909999866e+04	1.208191746904677899e+00
3.758300928910000221e+04	1.153648979901253924e+00
3.758320428910000192e+04	1.171668415382283612e+00
3.758339928910000162e+04	1.205709129763150145e+00
3.758359428910000133e+04	1.173967959298881425e+00
3.758379028909999761e+04	1.171425744195314422e+00
3.758398528909999732e+04	1.212675232473326759e+00
3.758418028909999703e+04	1.211990718939910394e+00
3.758437628910000058e+04	1.222032089858103632e+00
3.758457128910000029e+04	1.228560826154222241e+00
3.758476628909999999e+04	1.189005894045394029e+00
3.758496228910000355e+04	1.154845086094507423e+00
3.758515728910000325e+04	1.165778179074244747e+00
3.758535228910000296e+04	1.223572127440647250e+00
3.758554828909999924e+04	1.195519505471736466e+00
3.758574328909999895e+04	1.205281399815810062e+00
3.758593828909999866e+04	1.158618817857252736e+00
3.758613428910000221e+04	1.158602860623577868e+00
3.758632928910000192e+04	1.162294679045356105e+00
3.758652428910000162e+04	1.154861952664374414e+00
3.758671928910000133e+04	1.224107843816501173e+00
3.758691528909999761e+04	1.183412972617006176e+00
3.758711028909999732e+04	1.251823621349636539e+00
3.758730528909999703e+04	1.174388917094857376e+00
3.758750128910000058e+04	1.214560142852569413e+00
3.758769628910000029e+04	1.156253312642093078e+00
3.758789128909999999e+04	1.157876795118067292e+00
3.758808728910000355e+04	1.220342471988915989e+00
3.758828228910000325e+04	1.184897477536992483e+00
3.758847728910000296e+04	1.211466216351917424e+00
3.758867328909999924e+04	1.200331945833832847e+00
3.758886828909999895e+04	1.203588591839633182e+00
3.758906328909999866e+04	1.183559606833854971e+00
3.758925928910000221e+04	1.177026845413212897e+00
3.758945428910000192e+04	1.217969478184418364e+00
3.758964928910000162e+04	1.200476302997568467e+00
3.758984428910000133e+04	1.248786153134837207e+00
3.759004028909999761e+04	1.210101260903568843e+00
3.759023528909999732e+04	1.184042433644966863e+00
3.759043028909999703e+04	1.180967787799360735e+00
3.759062628910000058e+04	1.229768966810917519e+00
3.759082128910000029e+04	1.271808377091216968e+00
3.759101628909999999e+04	1.255182425220473519e+00
3.759121228910000355e+04	1.225621436787916352e+00
3.759140728910000325e+04	1.233796920713729151e+00
3.759160228910000296e+04	1.210187658553715906e+00
3.759179828909999924e+04	1.205198151284367469e+00
3.759199328909999895e+04	1.194235919909889532e+00
3.759218828909999866e+04	1.208290727687311161e+00
3.759238428910000221e+04	1.246876606927640907e+00
3.759257928910000192e+04	1.245073140012971535e+00
3.759277428910000162e+04	1.234242932449486574e+00
3.759296928910000133e+04	1.254410922489569202e+00
3.759316528909999761e+04	1.235514945921519114e+00
3.759336028909999732e+04	1.234346051692615021e+00
3.759355528909999703e+04	1.199355181273840998e+00
3.759375128910000058e+04	1.239207417849922166e+00
3.759394628910000029e+04	1.203153402859392429e+00
3.759414128909999999e+04	1.287125206042995629e+00
3.759433728910000355e+04	1.262367184935866860e+00
3.759453228910000325e+04	1.194498364012551050e+00
3.759472728910000296e+04	1.193575134494846424e+00
3.759492328909999924e+04	1.203707500472075864e+00
3.759511828909999895e+04	1.207376542048281820e+00
3.759531328909999866e+04	1.201202148221581112e+00
3.759550928910000221e+04	1.240554878763422408e+00
3.759570428910000192e+04	1.216106908838890277e+00
3.759589928910000162e+04	1.176086988069609873e+00
3.759609428910000133e+04	1.181031012904771416e+00
3.759629028909999761e+04	1.194796563605816431e+00
3.759648528909999732e+04	1.227090634831370153e+00
3.759668028909999703e+04	1.215243496500974629e+00
3.759687628910000058e+04	1.199417361614855793e+00
3.759707128910000029e+04	1.236718483122341894e+00
3.759726628909999999e+04	1.168157415026268353e+00
3.759746228910000355e+04	1.172154747048191226e+00
3.759765728910000325e+04	1.176754604091536649e+00
3.759785228910000296e+04	1.190914786126757718e+00
3.759804828909999924e+04	1.163761654888189057e+00
3.759824328909999895e+04	1.223414167901985650e+00
3.759843828909999866e+04	1.186358705961762183e+00
3.759863428910000221e+04	1.148772159179776153e+00
3.759882928910000192e+04	1.211567264065703142e+00
3.759902428910000162e+04	1.192844709282184112e+00
3.759921928910000133e+04	1.178841767895926651e+00
3.759941528909999761e+04	1.166390163409648295e+00
3.759961028909999732e+04	1.189753279601720948e+00
3.759980528909999703e+04	1.187764062604459880e+00
3.760000128910000058e+04	1.188433431799689188e+00
3.760019628910000029e+04	1.207847391882037158e+00
3.760039128909999999e+04	1.181256737833599857e+00
3.760058728910000355e+04	1.182736124822167056e+00
3.760078228910000325e+04	1.150473156450066980e+00
3.760097728910000296e+04	1.169138550231785700e+00
3.760117328909999924e+04	1.219745628628531975e+00
3.760136828909999895e+04	1.185707209382167449e+00
3.760156328909999866e+04	1.199015947070385835e+00
3.760175928910000221e+04	1.150377107867937454e+00
3.760195428910000192e+04	1.196953736397510681e+00
3.760214928910000162e+04	1.159739695955554595e+00
3.760234428910000133e+04	1.206762360247356725e+00
3.760254028909999761e+04	1.199347849956474477e+00
3.760273528909999732e+04	1.182971162482173710e+00
3.760293028909999703e+04	1.179933335855288590e+00
3.760312628910000058e+04	1.154995977991660538e+00
3.760332128910000029e+04	1.206117850296585914e+00
3.760351628909999999e+04	1.192862635208300048e+00
3.760371228910000355e+04	1.186114193086105217e+00
3.760390728910000325e+04	1.196603876806980438e+00
3.760410228910000296e+04	1.150955660906147315e+00
3.760429828909999924e+04	1.186582297189360702e+00
3.760449328909999895e+04	1.171915252378944672e+00
3.760468828909999866e+04	1.176050114169997940e+00
3.760488428910000221e+04	1.158827711561078999e+00
3.760507928910000192e+04	1.198335201202596068e+00
3.760527428910000162e+04	1.202174673461346543e+00
3.760546928910000133e+04	1.187826182891889459e+00
3.760566528909999761e+04	1.182558871369455034e+00
3.760586028909999732e+04	1.155412013893339918e+00
3.760605528909999703e+04	1.134512777618425616e+00
3.760625128910000058e+04	1.174646326469773072e+00
3.760644628910000029e+04	1.183678706841186923e+00
3.760664128909999999e+04	1.185789439854074701e+00
3.760683728910000355e+04	1.212296115562438104e+00
3.760703228910000325e+04	1.171273869550230273e+00
3.760722728910000296e+04	1.211406148392320858e+00
3.760742328909999924e+04	1.204092094309203276e+00
3.760761828909999895e+04	1.197232986713228087e+00
3.760781328909999866e+04	1.206619127280204040e+00
3.760800928910000221e+04	1.218813799360905392e+00
3.760820428910000192e+04	1.173647388481413145e+00
3.760839928910000162e+04	1.184870036189042963e+00
3.760859428910000133e+04	1.211878003430133077e+00
3.760879028909999761e+04	1.155935584873377664e+00
3.760898528909999732e+04	1.189990420626159562e+00
3.760918028909999703e+04	1.203019559595920995e+00
3.760937628910000058e+04	1.196615553963543022e+00
3.760957128910000029e+04	1.214668594341839380e+00
3.760976628909999999e+04	1.158823450292993940e+00
3.760996228910000355e+04	1.218319021409881131e+00
3.761015728910000325e+04	1.149880896007935860e+00
3.761035228910000296e+04	1.190494212907026395e+00
3.761054828909999924e+04	1.261429907651647753e+00
3.761074328909999895e+04	1.212911058031727052e+00
3.761093828909999866e+04	1.211320840771410445e+00
3.761113428910000221e+04	1.193760634279568578e+00
3.761132928910000192e+04	1.200666002355664119e+00
3.761152428910000162e+04	1.133401234299768134e+00
3.761171928910000133e+04	1.159957101903916765e+00
3.761191528909999761e+04	1.224668863707336186e+00
3.761211028909999732e+04	1.155218777551276332e+00
3.761230528909999703e+04	1.237120341337847762e+00
3.761250128910000058e+04	1.171158875510126762e+00
3.761269628910000029e+04	1.173499605503046439e+00
3.761289128909999999e+04	1.209934887993590280e+00
3.761308728910000355e+04	1.182723444496645016e+00
3.761328228910000325e+04	1.236755352792023643e+00
3.761347728910000296e+04	1.166400586584030563e+00
3.761367328909999924e+04	1.197925259812997467e+00
3.761386828909999895e+04	1.175381391046524726e+00
3.761406328909999866e+04	1.191943597104945241e+00
3.761425928910000221e+04	1.172669520992304371e+00
3.761445428910000192e+04	1.189152312485505902e+00
3.761464928910000162e+04	1.220210896454229754e+00
3.761484428910000133e+04	1.197989616284482750e+00
3.761504028909999761e+04	1.196376306882978469e+00
3.761523528909999732e+04	1.185521646396516360e+00
3.761543028909999703e+04	1.210567894925997479e+00
3.761562628910000058e+04	1.162679946903127259e+00
3.761582128910000029e+04	1.207395542703737945e+00
3.761601628909999999e+04	1.208143342074736282e+00
3.761621228910000355e+04	1.213230101748807854e+00
3.761640728910000325e+04	1.187199992058811659e+00
3.761660228910000296e+04	1.203667502353537699e+00
3.761679828909999924e+04	1.189312674498539835e+00
3.761699328909999895e+04	1.180404642119219361e+00
3.761718828909999866e+04	1.191949844258282099e+00
3.761738428910000221e+04	1.223617336043554715e+00
3.761757928910000192e+04	1.183262261764198797e+00
3.761777428910000162e+04	1.178235359749880473e+00
3.761796928910000133e+04	1.205886028714719060e+00
3.761816528909999761e+04	1.212297110627915231e+00
3.761836028909999732e+04	1.193946042077660863e+00
3.761855528909999703e+04	1.184253276701038970e+00
3.761875128910000058e+04	1.241261693448089787e+00
3.761894628910000029e+04	1.227971513094987088e+00
3.761914128909999999e+04	1.209076587807212277e+00
3.761933728910000355e+04	1.180175829218875094e+00
3.761953228910000325e+04	1.238642496816918737e+00
3.761972728910000296e+04	1.160039331239936189e+00
3.761992328909999924e+04	1.182696996938686240e+00
3.762011828909999895e+04	1.225357168517444251e+00
3.762031328909999866e+04	1.285095941505252526e+00
3.762050928910000221e+04	1.229854207768868335e+00
3.762070428910000192e+04	1.227259056525547010e+00
3.762089928910000162e+04	1.176406529259725886e+00
