# time(sec)	crack length FEA(mm)
2.191425928909999857e+04	8.753214535158413412e-01
2.191445428910000192e+04	8.768210007558217001e-01
2.191464928910000162e+04	9.015938255321245265e-01
2.191484428910000133e+04	9.026660636903436341e-01
2.191504028910000125e+04	9.135905104278592148e-01
2.191523528910000095e+04	8.518034913149570286e-01
2.191543028910000066e+04	9.063805951848245002e-01
2.191562628910000058e+04	9.128685371388396419e-01
2.191582128910000029e+04	9.022659434864195305e-01
2.191601628909999999e+04	9.081843671086922143e-01
2.191621228909999991e+04	8.993168906792519124e-01
2.191640728909999962e+04	8.914953881455272011e-01
2.191660228909999933e+04	8.984526086229323028e-01
2.191679828909999924e+04	8.873472483521496201e-01
2.191699328909999895e+04	8.832613760016290172e-01
2.191718828909999866e+04	9.118596527095057525e-01
2.191738428909999857e+04	9.118351381924618693e-01
2.191757928910000192e+04	8.817899945775042880e-01
2.191777428910000162e+04	9.153169293091742986e-01
2.191796928910000133e+04	8.788885726495436757e-01
2.191816528910000125e+04	8.960206392815237564e-01
2.191836028910000095e+04	9.052530842261354849e-01
2.191855528910000066e+04	8.940729486841352269e-01
2.191875128910000058e+04	8.973609514436411416e-01
2.191894628910000029e+04	9.067880779460057994e-01
2.191914128909999999e+04	9.346563155318143856e-01
2.191933728909999991e+04	8.908016055752110418e-01
2.191953228909999962e+04	8.841646414992521130e-01
2.191972728909999933e+04	9.179388287669034696e-01
2.191992328909999924e+04	9.062334008647958683e-01
2.192011828909999895e+04	8.936449711698930543e-01
2.192031328909999866e+04	8.904536340097699565e-01
2.192050928909999857e+04	8.892986561846782934e-01
2.192070428910000192e+04	9.214047724388496619e-01
2.192089928910000162e+04	8.773977318842280937e-01
2.192109428910000133e+04	9.276626992588106191e-01
2.192129028910000125e+04	9.085811179286800154e-01
2.192148528910000095e+04	9.102876315867405310e-01
2.192168028910000066e+04	8.996753843751683632e-01
2.192187628910000058e+04	8.953067094153723815e-01
2.192207128910000029e+04	9.254810084508253709e-01
2.192226628909999999e+04	8.544109692690575741e-01
2.192246228909999991e+04	9.483701264117616603e-01
2.192265728909999962e+04	9.399350435222579847e-01
2.192285228909999933e+04	8.719685179134515352e-01
2.192304828909999924e+04	8.922169675398734512e-01
2.192324328909999895e+04	8.583243200470747070e-01
2.192343828909999866e+04	8.790562717810583848e-01
2.192363428909999857e+04	8.740129902143571883e-01
2.192382928910000192e+04	9.162733604738182436e-01
2.192402428910000162e+04	8.972894808915388154e-01
2.192421928910000133e+04	8.669355178529780659e-01
2.192441528910000125e+04	9.068649171447411561e-01
2.192461028910000095e+04	8.831503513861918009e-01
2.192480528910000066e+04	8.763243669835514282e-01
2.192500128910000058e+04	8.838987968833134090e-01
2.192519628910000029e+04	9.384213106378673785e-01
2.192539128909999999e+04	9.381443433764360407e-01
2.192558728909999991e+04	8.614002558517004360e-01
2.192578228909999962e+04	8.682656941993638355e-01
2.192597728909999933e+04	8.715742827625270195e-01
2.192617328909999924e+04	8.661448571037020372e-01
2.192636828909999895e+04	8.971645879521901179e-01
2.192656328909999866e+04	8.883571618053522911e-01
2.192675928909999857e+04	8.989647893620649199e-01
2.192695428910000192e+04	8.644020462380055392e-01
2.192714928910000162e+04	8.543019420107000883e-01
2.192734428910000133e+04	8.814429383375035343e-01
2.192754028910000125e+04	8.895687507566272245e-01
2.192773528910000095e+04	9.004542943969546798e-01
2.192793028910000066e+04	8.525625999308559244e-01
2.192812628910000058e+04	9.018050730073348120e-01
2.192832128910000029e+04	8.321363293696464325e-01
2.192851628909999999e+04	8.761908879725801569e-01
2.192871228909999991e+04	9.232212339386656197e-01
2.192890728909999962e+04	8.788971589908705084e-01
2.192910228909999933e+04	9.533232563971552054e-01
2.192929828909999924e+04	8.927815762650403997e-01
2.192949328909999895e+04	8.978240978391482940e-01
2.192968828909999866e+04	8.559951835534445053e-01
2.192988428909999857e+04	8.391363455985612063e-01
2.193007928910000192e+04	9.073438234133597291e-01
2.193027428910000162e+04	8.916661626070183644e-01
2.193046928910000133e+04	9.320095595682627021e-01
2.193066528910000125e+04	8.989178054669864082e-01
2.193086028910000095e+04	8.370503545268377366e-01
2.193105528910000066e+04	9.053223960444896079e-01
2.193125128910000058e+04	8.622252762371900303e-01
2.193144628910000029e+04	8.980332335577223546e-01
2.193164128909999999e+04	9.034256597375573961e-01
2.193183728909999991e+04	8.751003489365434262e-01
2.193203228909999962e+04	8.675755094751647079e-01
2.193222728909999933e+04	8.685338956959860468e-01
2.193242328909999924e+04	8.848063580882694623e-01
2.193261828909999895e+04	9.273237843073260933e-01
2.193281328909999866e+04	8.991461705335002108e-01
2.193300928909999857e+04	9.055730861693529476e-01
2.193320428910000192e+04	8.649705385861761187e-01
2.193339928910000162e+04	9.211382587429959301e-01
2.193359428910000133e+04	8.844294468181850277e-01
2.193379028910000125e+04	9.165751448386885158e-01
2.193398528910000095e+04	8.755436386815844685e-01
2.193418028910000066e+04	8.629968621169261667e-01
2.193437628910000058e+04	8.994022319663450560e-01
2.193457128910000029e+04	8.664547144767631437e-01
2.193476628909999999e+04	9.033552519199474773e-01
2.193496228909999991e+04	9.226711940382141819e-01
2.193515728909999962e+04	9.008490923493344127e-01
2.193535228909999933e+04	9.594547028324011961e-01
2.193554828909999924e+04	9.430197516952780745e-01
2.193574328909999895e+04	9.301820459437983857e-01
2.193593828909999866e+04	9.194922257147712941e-01
2.193613428909999857e+04	9.098834330510605639e-01
2.193632928910000192e+04	9.073342118463845196e-01
2.193652428910000162e+04	9.106598869362194648e-01
2.193671928910000133e+04	9.180945145946939334e-01
2.193691528910000125e+04	8.947453227142254661e-01
2.193711028910000095e+04	8.772759557501590422e-01
2.193730528910000066e+04	8.795699113299058070e-01
2.193750128910000058e+04	9.034715351355142587e-01
2.193769628910000029e+04	9.110182023425021924e-01
2.193789128909999999e+04	8.702945041708272100e-01
2.193808728909999991e+04	8.728156020155388717e-01
2.193828228909999962e+04	9.056669728792243745e-01
2.193847728909999933e+04	8.862978313657308149e-01
2.193867328909999924e+04	9.036038365070488965e-01
2.193886828909999895e+04	8.857885539507588391e-01
2.193906328909999866e+04	8.807435090042226022e-01
2.193925928909999857e+04	9.108763957566168301e-01
2.193945428910000192e+04	8.554575066926375371e-01
2.193964928910000162e+04	8.692090667106633362e-01
2.193984428910000133e+04	8.870953227549094322e-01
2.194004028910000125e+04	9.088829989244331387e-01
2.194023528910000095e+04	8.906255161430109979e-01
2.194043028910000066e+04	9.461157266533071208e-01
2.194062628910000058e+04	9.082152806125005640e-01
2.194082128910000029e+04	9.079411807136317236e-01
2.194101628909999999e+04	9.511491844158150855e-01
2.194121228909999991e+04	8.710508557285336906e-01
2.194140728909999962e+04	9.091645641963790325e-01
2.194160228909999933e+04	9.159407237471839380e-01
2.194179828909999924e+04	8.703030385168588623e-01
2.194199328909999895e+04	9.256995078149792278e-01
2.194218828909999866e+04	8.755906131908304246e-01
2.194238428909999857e+04	8.555793931637456495e-01
2.194257928910000192e+04	9.090088204918274073e-01
2.194277428910000162e+04	9.168075461659519476e-01
2.194296928910000133e+04	9.075048830172214309e-01
2.194316528910000125e+04	8.736744100517306322e-01
2.194336028910000095e+04	9.091752194879418880e-01
2.194355528910000066e+04	8.694088887395281517e-01
2.194375128910000058e+04	8.547252474765532071e-01
2.194394628910000029e+04	8.872308779814446211e-01
2.194414128909999999e+04	9.041329522376599925e-01
2.194433728909999991e+04	9.013494818314953250e-01
2.194453228909999962e+04	8.506338374122517365e-01
2.194472728909999933e+04	8.817547360859236960e-01
2.194492328909999924e+04	8.566932016444503972e-01
2.194511828909999895e+04	8.988388602176744513e-01
2.194531328909999866e+04	9.166849344587610915e-01
2.194550928909999857e+04	8.756931494184616582e-01
2.194570428910000192e+04	8.930899999768904252e-01
2.194589928910000162e+04	8.632629375774563130e-01
2.194609428910000133e+04	8.648551063983607179e-01
2.194629028910000125e+04	8.973353221665831825e-01
2.194648528910000095e+04	8.164107413318859585e-01
2.194668028910000066e+04	9.306136204939630119e-01
2.194687628910000058e+04	9.027343473961693121e-01
2.194707128910000029e+04	8.809346497261678621e-01
2.194726628909999999e+04	9.005418129626825419e-01
2.194746228909999991e+04	9.111685829197373465e-01
2.194765728909999962e+04	9.182714927759327850e-01
2.194785228909999933e+04	8.907877238516181961e-01
2.194804828909999924e+04	8.961999067854726775e-01
2.194824328909999895e+04	9.510789164253647954e-01
2.194843828909999866e+04	8.643272559338299743e-01
2.194863428909999857e+04	9.093960019296538633e-01
2.194882928910000192e+04	8.976896380840386769e-01
2.194902428910000162e+04	9.416926169361499177e-01
2.194921928910000133e+04	9.206819991839747530e-01
2.194941528910000125e+04	9.300509893494606217e-01
2.194961028910000095e+04	9.328534965440873350e-01
2.194980528910000066e+04	9.219612787367594819e-01
2.195000128910000058e+04	9.331443821649898496e-01
2.195019628910000029e+04	9.572854935943997390e-01
2.195039128909999999e+04	9.013057286408550084e-01
2.195058728909999991e+04	9.154768363402681075e-01
2.195078228909999962e+04	9.047762072668952271e-01
2.195097728909999933e+04	9.256962941995183769e-01
2.195117328909999924e+04	8.738816270715616952e-01
2.195136828909999895e+04	9.182842687843990603e-01
2.195156328909999866e+04	9.418513144769242729e-01
2.195175928909999857e+04	9.231370210554139533e-01
2.195195428910000192e+04	8.912232247296607568e-01
2.195214928910000162e+04	8.661822219289270208e-01
2.195234428910000133e+04	8.921859784500778545e-01
2.195254028910000125e+04	9.292410534238229047e-01
2.195273528910000095e+04	8.630673880969972345e-01
2.195293028910000066e+04	9.263251108986558791e-01
2.195312628910000058e+04	8.888204265753216760e-01
2.195332128910000029e+04	9.110075570292970326e-01
2.195351628909999999e+04	9.246464168798240735e-01
2.195371228909999991e+04	8.903596878843593743e-01
2.195390728909999962e+04	9.367466288674020092e-01
2.195410228909999933e+04	8.640248705294322207e-01
2.195429828909999924e+04	9.489621555768650296e-01
2.195449328909999895e+04	9.198578913546278102e-01
2.195468828909999866e+04	8.857330704631678486e-01
2.195488428909999857e+04	8.917643670003894130e-01
2.195507928910000192e+04	9.257559886387145553e-01
2.195527428910000162e+04	9.154736671540941728e-01
2.195546928910000133e+04	9.153158301621893145e-01
2.195566528910000125e+04	9.069267383441683705e-01
2.195586028910000095e+04	9.009910222604382568e-01
2.195605528910000066e+04	8.732150652935963819e-01
2.195625128910000058e+04	8.885258311576276213e-01
2.195644628910000029e+04	8.969223808825468325e-01
2.195664128909999999e+04	8.923172967363175445e-01
2.195683728909999991e+04	9.514802999995062294e-01
2.195703228909999962e+04	9.214581041261844518e-01
2.195722728909999933e+04	9.247956226016107451e-01
2.195742328909999924e+04	9.190487104854376810e-01
2.195761828909999895e+04	9.460539513986496729e-01
2.195781328909999866e+04	9.530975369024616839e-01
2.195800928909999857e+04	9.626475861324799155e-01
2.195820428910000192e+04	9.316057264678718752e-01
2.195839928910000162e+04	8.975402089568884634e-01
2.195859428910000133e+04	8.720325668665562802e-01
2.195879028910000125e+04	9.115013406896714798e-01
2.195898528910000095e+04	9.002899705324018953e-01
2.195918028910000066e+04	9.500152133362895768e-01
2.195937628910000058e+04	8.938232204256451041e-01
2.195957128910000029e+04	8.995111101808390686e-01
2.195976628909999999e+04	9.028964734532056724e-01
2.195996228909999991e+04	8.548107928820307677e-01
2.196015728909999962e+04	8.972883900862882456e-01
2.196035228909999933e+04	9.054984237065220043e-01
2.196054828909999924e+04	8.938168305018976412e-01
2.196074328909999895e+04	9.153638262002790071e-01
2.196093828909999866e+04	8.521894541825147940e-01
2.196113428909999857e+04	9.129805147258291953e-01
2.196132928910000192e+04	8.748280092347258119e-01
2.196152428910000162e+04	9.222906729628110867e-01
2.196171928910000133e+04	8.962511585655459356e-01
2.196191528910000125e+04	9.089992645625066814e-01
2.196211028910000095e+04	9.236625386801762261e-01
2.196230528910000066e+04	8.688490268033390862e-01
2.196250128910000058e+04	8.978038221371775762e-01
2.196269628910000029e+04	8.684558877668369092e-01
2.196289128909999999e+04	8.617101742456316771e-01
2.196308728909999991e+04	9.028154059791955177e-01
2.196328228909999962e+04	8.600632464504762709e-01
2.196347728909999933e+04	9.210028945863246719e-01
2.196367328909999924e+04	8.610283393374995597e-01
2.196386828909999895e+04	8.510658035486464712e-01
2.196406328909999866e+04	8.797995517128036624e-01
2.196425928909999857e+04	8.937954696253989084e-01
2.196445428910000192e+04	8.734191207093449094e-01
2.196464928910000162e+04	8.776626116556265345e-01
2.196484428910000133e+04	8.567028334548876245e-01
2.196504028910000125e+04	8.666170759462232809e-01
2.196523528910000095e+04	8.732642373107566414e-01
2.196543028910000066e+04	8.863917933521214820e-01
2.196562628910000058e+04	8.728957245944108934e-01
2.196582128910000029e+04	8.525572367822302766e-01
2.196601628909999999e+04	8.767366252048613973e-01
2.196621228909999991e+04	8.304349503777519459e-01
2.196640728909999962e+04	8.675562545402080161e-01
2.196660228909999933e+04	9.142921544244604348e-01
2.196679828909999924e+04	8.938691233143440940e-01
2.196699328909999895e+04	8.995003956111862209e-01
2.196718828909999866e+04	8.543970665533571207e-01
2.196738428909999857e+04	8.821124459461575640e-01
2.196757928910000192e+04	9.039643923082962829e-01
2.196777428910000162e+04	8.671951436479439224e-01
2.196796928910000133e+04	8.895057387417359962e-01
2.196816528910000125e+04	8.835090769056819227e-01
2.196836028910000095e+04	8.485798856654174216e-01
2.196855528910000066e+04	8.462861561058439008e-01
2.196875128910000058e+04	8.535429340729052683e-01
2.196894628910000029e+04	8.825545151197662364e-01
2.196914128909999999e+04	8.917216874257878345e-01
2.196933728909999991e+04	8.908560321235938773e-01
2.196953228909999962e+04	8.699002966788871305e-01
2.196972728909999933e+04	8.855387396855629589e-01
2.196992328909999924e+04	8.832250832530768037e-01
2.197011828909999895e+04	8.642460676199252845e-01
2.197031328909999866e+04	9.066014033004847761e-01
2.197050928909999857e+04	8.862070970829734051e-01
2.197070428910000192e+04	9.011275898283521713e-01
2.197089928910000162e+04	8.765966989356819283e-01
2.197109428910000133e+04	8.759505523265271876e-01
2.197129028910000125e+04	8.855227272730807897e-01
2.197148528910000095e+04	8.633099360425013913e-01
2.197168028910000066e+04	9.289373501574864633e-01
2.197187628910000058e+04	8.987193282026844088e-01
2.197207128910000029e+04	8.795773966465603166e-01
2.197226628909999999e+04	8.909766484711756362e-01
2.197246228909999991e+04	8.817056364407189761e-01
2.197265728909999962e+04	9.132119157084783723e-01
2.197285228909999933e+04	8.872853217781262458e-01
2.197304828909999924e+04	9.240857151697454697e-01
2.197324328909999895e+04	8.880134189182307125e-01
2.197343828909999866e+04	8.751003489365434262e-01
2.197363428909999857e+04	9.048498364920742887e-01
2.197382928910000192e+04	9.107451788001981186e-01
2.197402428910000162e+04	9.017101264325049215e-01
2.197421928910000133e+04	9.357611690983453911e-01
2.197441528910000125e+04	8.901440853658577623e-01
2.197461028910000095e+04	9.314767463146047533e-01
2.197480528910000066e+04	8.603325766643408201e-01
2.197500128910000058e+04	8.697859801631757648e-01
2.197519628910000029e+04	9.141257908600444182e-01
2.197539128909999999e+04	9.057682905774289139e-01
2.197558728909999991e+04	9.245931014292736450e-01
2.197578228909999962e+04	8.870259125344048812e-01
2.197597728909999933e+04	8.909777395627038743e-01
2.197617328909999924e+04	8.929181904603176179e-01
2.197636828909999895e+04	8.824007819613139958e-01
2.197656328909999866e+04	9.076691575702753312e-01
2.197675928909999857e+04	8.977718044590652369e-01
2.197695428910000192e+04	9.236934872103077510e-01
2.197714928910000162e+04	8.882759902897436888e-01
2.197734428910000133e+04	8.953067094153723815e-01
2.197754028910000125e+04	8.862284188448139588e-01
2.197773528910000095e+04	8.541405352164037623e-01
2.197793028910000066e+04	9.009568733734809598e-01
2.197812628910000058e+04	8.760189027219276170e-01
2.197832128910000029e+04	8.457621704077311620e-01
2.197851628909999999e+04	8.983661732091263730e-01
2.197871228909999991e+04	8.969309057914962580e-01
2.197890728909999962e+04	9.172298085126957545e-01
2.197910228909999933e+04	8.835528716497975665e-01
2.197929828909999924e+04	8.811097644090288838e-01
2.197949328909999895e+04	8.980342693323084546e-01
2.197968828909999866e+04	8.973663046225244244e-01
2.197988428909999857e+04	8.651040889721883786e-01
2.198007928910000192e+04	8.870974594383973511e-01
2.198027428910000162e+04	9.304804334264211718e-01
2.198046928910000133e+04	8.769310270575978450e-01
2.198066528910000125e+04	8.566739931034579314e-01
2.198086028910000095e+04	8.776113202680750902e-01
2.198105528910000066e+04	8.727269456859705343e-01
2.198125128910000058e+04	8.799682810509974473e-01
2.198144628910000029e+04	8.853006892225874225e-01
2.198164128909999999e+04	8.816159213249807891e-01
2.198183728909999991e+04	9.424754536223787227e-01
2.198203228909999962e+04	8.665743517651200989e-01
2.198222728909999933e+04	9.070814051807865042e-01
2.198242328909999924e+04	8.678265931523849730e-01
2.198261828909999895e+04	8.776476306553213647e-01
2.198281328909999866e+04	9.149308783169303183e-01
2.198300928909999857e+04	8.918519171947458801e-01
2.198320428910000192e+04	9.019287962632382971e-01
2.198339928910000162e+04	8.597522694531196663e-01
2.198359428910000133e+04	9.126595212954491387e-01
2.198379028910000125e+04	8.648198689973884967e-01
2.198398528910000095e+04	8.895879330776335081e-01
2.198418028910000066e+04	9.183418569016517097e-01
2.198437628910000058e+04	8.972937432813274938e-01
2.198457128910000029e+04	8.873376287896554970e-01
2.198476628909999999e+04	8.714845849453958238e-01
2.198496228909999991e+04	8.747083578868277698e-01
2.198515728909999962e+04	8.451921868534544302e-01
2.198535228909999933e+04	8.717462997593372620e-01
2.198554828909999924e+04	8.737673294521908218e-01
2.198574328909999895e+04	8.861825013755257885e-01
2.198593828909999866e+04	8.651906347342475101e-01
2.198613428909999857e+04	8.795720395084067889e-01
2.198632928910000192e+04	8.485617085641887769e-01
2.198652428910000162e+04	9.055624384439848740e-01
2.198671928910000133e+04	8.465941377596095663e-01
2.198691528910000125e+04	8.721415689841016672e-01
2.198711028910000095e+04	8.856124278267678562e-01
2.198730528910000066e+04	8.963365015663420365e-01
2.198750128910000058e+04	9.003871040451372210e-01
2.198769628910000029e+04	9.155365653460556530e-01
2.198789128909999999e+04	9.144382551620857669e-01
2.198808728909999991e+04	8.950900603277656131e-01
2.198828228909999962e+04	8.579855193273644431e-01
2.198847728909999933e+04	9.180945145946939334e-01
2.198867328909999924e+04	8.205036807665617715e-01
2.198886828909999895e+04	9.232702946515392028e-01
2.198906328909999866e+04	8.706844472832493409e-01
2.198925928909999857e+04	9.043783031507413028e-01
2.198945428910000192e+04	8.979713344875968062e-01
2.198964928910000162e+04	8.799864344740804256e-01
2.198984428910000133e+04	9.561954661186451432e-01
2.199004028910000125e+04	9.222789338155639172e-01
2.199023528910000095e+04	9.033648650780978784e-01
2.199043028910000066e+04	9.255630798468104103e-01
2.199062628910000058e+04	8.862636707829540939e-01
2.199082128910000029e+04	9.074878406935411590e-01
2.199101628909999999e+04	8.709226423126601446e-01
2.199121228909999991e+04	9.185806794314732571e-01
2.199140728909999962e+04	8.583071969575684079e-01
2.199160228909999933e+04	8.826837489047250074e-01
2.199179828909999924e+04	9.260138998702203139e-01
2.199199328909999895e+04	9.174100169488852430e-01
2.199218828909999866e+04	8.914345633183469175e-01
2.199238428909999857e+04	8.961988709318760016e-01
2.199257928910000192e+04	9.216553039709651785e-01
2.199277428910000162e+04	8.644993246883529991e-01
2.199296928910000133e+04	8.703083977175545272e-01
2.199316528910000125e+04	9.148573349314936820e-01
2.199336028910000095e+04	9.248766159427805889e-01
2.199355528910000066e+04	8.953194976367484514e-01
2.199375128910000058e+04	8.856177285953688028e-01
2.199394628910000029e+04	9.095719997590290262e-01
2.199414128909999999e+04	8.563105337718077692e-01
2.199433728909999991e+04	8.594999999232477705e-01
2.199453228909999962e+04	9.154875346304010009e-01
2.199472728909999933e+04	8.668436183884775659e-01
2.199492328909999924e+04	8.743088643281922145e-01
2.199511828909999895e+04	8.268777450133661944e-01
2.199531328909999866e+04	8.524449685426738199e-01
2.199550928909999857e+04	8.553933677529315105e-01
2.199570428910000192e+04	8.507289856120294758e-01
2.199589928910000162e+04	8.548385978282304620e-01
2.199609428910000133e+04	8.691524529209218031e-01
2.199629028910000125e+04	8.831140492983902135e-01
2.199648528910000095e+04	8.374001273764832831e-01
2.199668028910000066e+04	8.963354657186286545e-01
2.199687628910000058e+04	8.786675650408817262e-01
2.199707128910000029e+04	8.745310588374106686e-01
2.199726628909999999e+04	9.011093973610719843e-01
2.199746228909999991e+04	8.727034281221257572e-01
2.199765728909999962e+04	8.386089793186926045e-01
2.199785228909999933e+04	8.683885529547357152e-01
2.199804828909999924e+04	8.591120700051391168e-01
2.199824328909999895e+04	8.598762090437954697e-01
2.199843828909999866e+04	8.204832939345845233e-01
2.199863428909999857e+04	8.808620388119887679e-01
2.199882928910000192e+04	8.941583544201332501e-01
2.199902428910000162e+04	8.890114939879367739e-01
2.199921928910000133e+04	8.571229198832330809e-01
2.199941528910000125e+04	8.400070402992447782e-01
2.199961028910000095e+04	8.753673825330832159e-01
2.199980528910000066e+04	8.741230293478920998e-01
2.200000128910000058e+04	8.703746351372636525e-01
2.200019628910000029e+04	8.895825781673813992e-01
2.200039128909999999e+04	8.333721258391157960e-01
2.200058728909999991e+04	9.065118359738271181e-01
2.200078228909999962e+04	8.659247146024569020e-01
2.200097728909999933e+04	8.706224686549912661e-01
2.200117328909999924e+04	8.913032952255584007e-01
2.200136828909999895e+04	8.755510793765601818e-01
2.200156328909999866e+04	8.769203116022961098e-01
2.200175928909999857e+04	8.342890910188103248e-01
2.200195428910000192e+04	8.820025075293447259e-01
2.200214928910000162e+04	8.547199399048999169e-01
2.200234428910000133e+04	8.928434336845310071e-01
2.200254028910000125e+04	8.797012984800431923e-01
2.200273528910000095e+04	8.805641263030494770e-01
2.200293028910000066e+04	8.918412542234044338e-01
2.200312628910000058e+04	8.435601706668993671e-01
2.200332128910000029e+04	8.693864049437838304e-01
2.200351628909999999e+04	8.875436919988999307e-01
2.200371228909999991e+04	8.924763208184938179e-01
2.200390728909999962e+04	9.358815602218051311e-01
2.200410228909999933e+04	8.935254683447251267e-01
2.200429828909999924e+04	9.191244206689130891e-01
2.200449328909999895e+04	8.957623509229861725e-01
2.200468828909999866e+04	8.888514108309735207e-01
2.200488428909999857e+04	9.157391629025024571e-01
2.200507928910000192e+04	8.944881207592914052e-01
2.200527428910000162e+04	9.029604859557327501e-01
2.200546928910000133e+04	8.435558987574012235e-01
2.200566528910000125e+04	8.723220605040733489e-01
2.200586028910000095e+04	9.027055071537937181e-01
2.200605528910000066e+04	8.892847735938573805e-01
2.200625128910000058e+04	8.989039284269573216e-01
2.200644628910000029e+04	9.010432994749137947e-01
2.200664128909999999e+04	8.939587927549403901e-01
2.200683728909999991e+04	9.080702323490736916e-01
2.200703228909999962e+04	9.215838598492780420e-01
2.200722728909999933e+04	9.066281130831637114e-01
2.200742328909999924e+04	8.953696604007372883e-01
2.200761828909999895e+04	9.202065181231091628e-01
2.200781328909999866e+04	9.020494120778046465e-01
2.200800928909999857e+04	8.615872814304719185e-01
2.200820428910000192e+04	9.257282746897725900e-01
2.200839928910000162e+04	8.692058914230109679e-01
2.200859428910000133e+04	8.807456462517038176e-01
2.200879028910000125e+04	8.714610661683490633e-01
2.200898528910000095e+04	8.631400526810679708e-01
2.200918028910000066e+04	8.867526072717453189e-01
2.200937628910000058e+04	8.878810409260360359e-01
2.200957128910000029e+04	9.094397403965750470e-01
2.200976628909999999e+04	8.666630307434424196e-01
2.200996228909999991e+04	8.920269524485036072e-01
2.201015728909999962e+04	8.746795390813399962e-01
2.201035228909999933e+04	8.883528428127203114e-01
2.201054828909999924e+04	9.156901326003499264e-01
2.201074328909999895e+04	8.517661041917286013e-01
2.201093828909999866e+04	8.584665008984249113e-01
2.201113428909999857e+04	9.046972812521136831e-01
2.201132928910000192e+04	8.731787573971221406e-01
2.201152428910000162e+04	9.020163094617927868e-01
2.201171928910000133e+04	8.364929754139893703e-01
2.201191528910000125e+04	8.821541061094038128e-01
2.201211028910000095e+04	8.529624082814422081e-01
2.201230528910000066e+04	8.293594925870308998e-01
2.201250128910000058e+04	8.835240542585527379e-01
2.201269628910000029e+04	8.680616501833284815e-01
2.201289128909999999e+04	8.671139649979373587e-01
2.201308728909999991e+04	8.664322829926902614e-01
2.201328228909999962e+04	8.641947476525722038e-01
2.201347728909999933e+04	8.516880419691190696e-01
2.201367328909999924e+04	8.591590765661401008e-01
2.201386828909999895e+04	8.608851362246632277e-01
2.201406328909999866e+04	8.997991735833661409e-01
