# time(sec)	crack length FEA(mm)
3.738183728910000355e+04	1.252374590133587873e+00
3.738203228910000325e+04	1.214193719665024318e+00
3.738222728910000296e+04	1.221867790342550109e+00
3.738242328909999924e+04	1.221620479888922972e+00
3.738261828909999895e+04	1.178215248547152427e+00
3.738281328909999866e+04	1.190599696451975831e+00
3.738300928910000221e+04	1.231512503433291883e+00
3.738320428910000192e+04	1.179487203169770737e+00
3.738339928910000162e+04	1.160988257064003548e+00
3.738359428910000133e+04	1.192233408958397689e+00
3.738379028909999761e+04	1.156719831566102030e+00
3.738398528909999732e+04	1.182400727923971218e+00
3.738418028909999703e+04	1.199755594461230146e+00
3.738437628910000058e+04	1.241279582640995471e+00
3.738457128910000029e+04	1.239688114145709008e+00
3.738476628909999999e+04	1.190867341858098172e+00
3.738496228910000355e+04	1.219061229664033519e+00
3.738515728910000325e+04	1.182260426811378551e+00
3.738535228910000296e+04	1.223641477402031441e+00
3.738554828909999924e+04	1.243152722829988122e+00
3.738574328909999895e+04	1.204696753652251928e+00
3.738593828909999866e+04	1.174876098893120613e+00
3.738613428910000221e+04	1.234416635244100391e+00
3.738632928910000192e+04	1.213527069953620696e+00
3.738652428910000162e+04	1.223496357627908537e+00
3.738671928910000133e+04	1.217126121664875882e+00
3.738691528909999761e+04	1.175708461620295964e+00
3.738711028909999732e+04	1.205739623436521413e+00
3.738730528909999703e+04	1.187531064795335212e+00
3.738750128910000058e+04	1.219669846527972723e+00
3.738769628910000029e+04	1.152595377053906134e+00
3.738789128909999999e+04	1.242729917333345924e+00
3.738808728910000355e+04	1.224116252432276397e+00
3.738828228910000325e+04	1.183161998663669223e+00
3.738847728910000296e+04	1.207960036155926176e+00
3.738867328909999924e+04	1.213582971561606882e+00
3.738886828909999895e+04	1.183001776078675960e+00
3.738906328909999866e+04	1.218674889983608622e+00
3.738925928910000221e+04	1.204990662091523390e+00
3.738945428910000192e+04	1.257775496871278875e+00
3.738964928910000162e+04	1.169037321000732987e+00
3.738984428910000133e+04	1.187435166468095105e+00
3.739004028909999761e+04	1.210992272378362600e+00
3.739023528909999732e+04	1.185737728874826757e+00
3.739043028909999703e+04	1.203699084583982781e+00
3.739062628910000058e+04	1.178891319831560480e+00
3.739082128910000029e+04	1.144881737018053514e+00
3.739101628909999999e+04	1.205230817319185022e+00
3.739121228910000355e+04	1.208516192418525037e+00
3.739140728910000325e+04	1.207232227047139617e+00
3.739160228910000296e+04	1.227301093958949707e+00
3.739179828909999924e+04	1.171128246585674049e+00
3.739199328909999895e+04	1.168906547055989620e+00
3.739218828909999866e+04	1.171590394782885625e+00
3.739238428910000221e+04	1.194864006525829581e+00
3.739257928910000192e+04	1.228188292336518828e+00
3.739277428910000162e+04	1.230154040164839202e+00
3.739296928910000133e+04	1.209614804568550639e+00
3.739316528909999761e+04	1.162552219971463074e+00
3.739336028909999732e+04	1.192122772050334234e+00
3.739355528909999703e+04	1.202148338157275731e+00
3.739375128910000058e+04	1.239880570628898226e+00
3.739394628910000029e+04	1.209647374024324762e+00
3.739414128909999999e+04	1.205723878933522286e+00
3.739433728910000355e+04	1.159258367679310453e+00
3.739453228910000325e+04	1.173445874246572984e+00
3.739472728910000296e+04	1.168420148641933665e+00
3.739492328909999924e+04	1.166243422754504877e+00
3.739511828909999895e+04	1.212135004862567200e+00
3.739531328909999866e+04	1.121742911651359975e+00
3.739550928910000221e+04	1.213452353358261959e+00
3.739570428910000192e+04	1.191259478555618756e+00
3.739589928910000162e+04	1.190286594563414013e+00
3.739609428910000133e+04	1.148930527416025527e+00
3.739629028909999761e+04	1.153329040729843769e+00
3.739648528909999732e+04	1.173145230665003425e+00
3.739668028909999703e+04	1.171299151852915443e+00
3.739687628910000058e+04	1.150410847357576927e+00
3.739707128910000029e+04	1.201361342465350646e+00
3.739726628909999999e+04	1.181767056638605595e+00
3.739746228910000355e+04	1.171837232593288647e+00
3.739765728910000325e+04	1.150147913880459782e+00
3.739785228910000296e+04	1.164212253765732896e+00
3.739804828909999924e+04	1.162702065620457859e+00
3.739824328909999895e+04	1.126554478479310006e+00
3.739843828909999866e+04	1.190789384561030673e+00
3.739863428910000221e+04	1.205535215538127147e+00
3.739882928910000192e+04	1.176551032577052069e+00
3.739902428910000162e+04	1.215642555028457750e+00
3.739921928910000133e+04	1.196299363493295687e+00
3.739941528909999761e+04	1.200124323388489955e+00
3.739961028909999732e+04	1.179749720436866767e+00
3.739980528909999703e+04	1.203925679062097132e+00
3.740000128910000058e+04	1.207240641676435189e+00
3.740019628910000029e+04	1.178119403030787993e+00
3.740039128909999999e+04	1.198925345008923671e+00
3.740058728910000355e+04	1.241453143247060353e+00
3.740078228910000325e+04	1.189615104696880366e+00
3.740097728910000296e+04	1.218949633130623766e+00
3.740117328909999924e+04	1.170116563620934969e+00
3.740136828909999895e+04	1.172815043861676898e+00
3.740156328909999866e+04	1.180131533829252177e+00
3.740175928910000221e+04	1.187992802098850831e+00
3.740195428910000192e+04	1.207387037650329731e+00
3.740214928910000162e+04	1.193839668152598676e+00
3.740234428910000133e+04	1.196594372140403095e+00
3.740254028909999761e+04	1.173834041322734834e+00
3.740273528909999732e+04	1.217822062542541772e+00
3.740293028909999703e+04	1.193836499560251951e+00
3.740312628910000058e+04	1.229134395595739448e+00
3.740332128910000029e+04	1.177135378684051048e+00
3.740351628909999999e+04	1.217097722861922193e+00
3.740371228910000355e+04	1.141888558353533867e+00
3.740390728910000325e+04	1.168807310628244167e+00
3.740410228910000296e+04	1.213714493592952692e+00
3.740429828909999924e+04	1.189851251096058604e+00
3.740449328909999895e+04	1.207479778758820288e+00
3.740468828909999866e+04	1.139824540079787951e+00
3.740488428910000221e+04	1.125399163116210133e+00
3.740507928910000192e+04	1.201699547483237041e+00
3.740527428910000162e+04	1.152941625609729570e+00
3.740546928910000133e+04	1.187244364767899185e+00
3.740566528909999761e+04	1.202887887491275620e+00
3.740586028909999732e+04	1.181151212603294809e+00
3.740605528909999703e+04	1.208087608540182600e+00
3.740625128910000058e+04	1.191493526105283252e+00
3.740644628910000029e+04	1.191281661111375456e+00
3.740664128909999999e+04	1.201496190644498085e+00
3.740683728910000355e+04	1.201130560238716782e+00
3.740703228910000325e+04	1.212122340302776990e+00
3.740722728910000296e+04	1.159407236878189806e+00
3.740742328909999924e+04	1.224339396108586442e+00
3.740761828909999895e+04	1.214446354182259213e+00
3.740781328909999866e+04	1.210371942328201555e+00
3.740800928910000221e+04	1.202780467849244417e+00
3.740820428910000192e+04	1.211372495793948900e+00
3.740839928910000162e+04	1.199542807918309251e+00
3.740859428910000133e+04	1.155254686441729461e+00
3.740879028909999761e+04	1.184219585411048214e+00
3.740898528909999732e+04	1.235421320839648729e+00
3.740918028909999703e+04	1.217141858566447965e+00
3.740937628910000058e+04	1.142304733693233487e+00
3.740957128910000029e+04	1.213796717104148826e+00
3.740976628909999999e+04	1.229399525503232837e+00
3.740996228910000355e+04	1.238270122239201854e+00
3.741015728910000325e+04	1.220089810142148679e+00
3.741035228910000296e+04	1.254883904338404577e+00
3.741054828909999924e+04	1.247393999852697277e+00
3.741074328909999895e+04	1.226647561604449876e+00
3.741093828909999866e+04	1.244793461556701786e+00
3.741113428910000221e+04	1.270188560060866223e+00
3.741132928910000192e+04	1.239587186807897368e+00
3.741152428910000162e+04	1.295615141764677958e+00
3.741171928910000133e+04	1.200130749393888863e+00
3.741191528909999761e+04	1.232453231126839910e+00
3.741211028909999732e+04	1.203596917273262790e+00
3.741230528909999703e+04	1.255329607444719997e+00
3.741250128910000058e+04	1.221416299871883382e+00
3.741269628910000029e+04	1.175851881999975035e+00
3.741289128909999999e+04	1.203669674198819095e+00
3.741308728910000355e+04	1.203938257525756228e+00
3.741328228910000325e+04	1.206797195676587720e+00
3.741347728910000296e+04	1.222303629147386772e+00
3.741367328909999924e+04	1.204418677430139084e+00
3.741386828909999895e+04	1.212064445085790254e+00
3.741406328909999866e+04	1.215345613434619665e+00
3.741425928910000221e+04	1.187635474901988175e+00
3.741445428910000192e+04	1.187140949059644512e+00
3.741464928910000162e+04	1.207595591534158075e+00
3.741484428910000133e+04	1.205802872799692338e+00
3.741504028909999761e+04	1.253963034777639152e+00
3.741523528909999732e+04	1.185184206020515774e+00
3.741543028909999703e+04	1.181067879041526325e+00
3.741562628910000058e+04	1.161970686587643797e+00
3.741582128910000029e+04	1.195945330150946617e+00
3.741601628909999999e+04	1.244768167475791998e+00
3.741621228910000355e+04	1.212497208397156356e+00
3.741640728910000325e+04	1.199752426662008986e+00
3.741660228910000296e+04	1.232614203156725097e+00
3.741679828909999924e+04	1.175438379568698011e+00
3.741699328909999895e+04	1.190829404483155329e+00
3.741718828909999866e+04	1.204934830628118902e+00
3.741738428910000221e+04	1.207025841491217832e+00
3.741757928910000192e+04	1.195640627302886116e+00
3.741777428910000162e+04	1.192008875248884436e+00
3.741796928910000133e+04	1.161522220770503822e+00
3.741816528909999761e+04	1.210749009408228716e+00
3.741836028909999732e+04	1.205197155919719876e+00
3.741855528909999703e+04	1.213987304493693742e+00
3.741875128910000058e+04	1.210998604962190583e+00
3.741894628910000029e+04	1.196221333588148639e+00
3.741914128909999999e+04	1.169811709075251116e+00
3.741933728910000355e+04	1.161070482819706484e+00
3.741953228910000325e+04	1.229495343966085841e+00
3.741972728910000296e+04	1.157401775933452726e+00
3.741992328909999924e+04	1.148903135047650181e+00
3.742011828909999895e+04	1.175165123339180440e+00
3.742031328909999866e+04	1.137529120429704221e+00
3.742050928910000221e+04	1.178858707966035979e+00
3.742070428910000192e+04	1.128045728137230697e+00
3.742089928910000162e+04	1.190654384731214321e+00
3.742109428910000133e+04	1.172488023905566834e+00
3.742129028909999761e+04	1.135428874514239794e+00
3.742148528909999732e+04	1.189348441145863688e+00
3.742168028909999703e+04	1.163357368572741635e+00
3.742187628910000058e+04	1.174570218392833709e+00
3.742207128910000029e+04	1.199930456319382444e+00
3.742226628909999999e+04	1.152320859476962056e+00
3.742246228910000355e+04	1.183300120710576664e+00
3.742265728910000325e+04	1.129321286842879246e+00
3.742285228910000296e+04	1.182384967866308756e+00
3.742304828909999924e+04	1.182852058911693760e+00
3.742324328909999895e+04	1.197605013611745761e+00
3.742343828909999866e+04	1.203809667304511777e+00
3.742363428910000221e+04	1.175150445693782686e+00
3.742382928910000192e+04	1.152195253248196494e+00
3.742402428910000162e+04	1.167627769994094677e+00
3.742421928910000133e+04	1.124223816019840783e+00
3.742441528909999761e+04	1.231556792953941937e+00
3.742461028909999732e+04	1.201614204795225405e+00
3.742480528909999703e+04	1.167044276686620918e+00
3.742500128910000058e+04	1.183837928575680820e+00
3.742519628910000029e+04	1.173146317990443777e+00
3.742539128909999999e+04	1.191010760882916131e+00
3.742558728910000355e+04	1.209488326089363852e+00
3.742578228910000325e+04	1.240367668255760947e+00
3.742597728910000296e+04	1.230563422288636133e+00
3.742617328909999924e+04	1.180683000988890896e+00
3.742636828909999895e+04	1.217495755196825513e+00
3.742656328909999866e+04	1.212523532163720219e+00
3.742675928910000221e+04	1.194968384249467164e+00
3.742695428910000192e+04	1.262601520993058557e+00
3.742714928910000162e+04	1.216150051493068318e+00
3.742734428910000133e+04	1.220116125442798349e+00
3.742754028909999761e+04	1.181442243706660733e+00
3.742773528909999732e+04	1.205402562099784802e+00
3.742793028909999703e+04	1.230517142307643752e+00
3.742812628910000058e+04	1.181923030476895065e+00
3.742832128910000029e+04	1.199917875721652649e+00
3.742851628909999999e+04	1.232159664483452488e+00
3.742871228910000355e+04	1.190408829744416863e+00
3.742890728910000325e+04	1.225029880411746319e+00
3.742910228910000296e+04	1.203747589016131769e+00
3.742929828909999924e+04	1.208534106458147406e+00
3.742949328909999895e+04	1.195024239268697386e+00
3.742968828909999866e+04	1.173232850813255013e+00
3.742988428910000221e+04	1.207611515746354058e+00
3.743007928910000192e+04	1.239986917973958214e+00
3.743027428910000162e+04	1.229718436765693923e+00
3.743046928910000133e+04	1.240377155310497415e+00
3.743066528909999761e+04	1.198548089134028771e+00
3.743086028909999732e+04	1.195975836428891270e+00
3.743105528909999703e+04	1.189746850774124454e+00
3.743125128910000058e+04	1.191493526105283252e+00
3.743144628910000029e+04	1.196739838380892706e+00
3.743164128909999999e+04	1.220041429701851143e+00
3.743183728910000355e+04	1.221522549658349277e+00
3.743203228910000325e+04	1.200019063361136062e+00
3.743222728910000296e+04	1.191457672162869130e+00
3.743242328909999924e+04	1.252204270721964718e+00
3.743261828909999895e+04	1.194702776889771556e+00
3.743281328909999866e+04	1.228498812925201022e+00
3.743300928910000221e+04	1.189753279601720948e+00
3.743320428910000192e+04	1.178084615904232635e+00
3.743339928910000162e+04	1.211098750026319948e+00
3.743359428910000133e+04	1.213919916152581990e+00
3.743379028909999761e+04	1.205286648082958934e+00
3.743398528909999732e+04	1.237910392510279678e+00
3.743418028909999703e+04	1.198623939047529063e+00
3.743437628910000058e+04	1.238441626718621791e+00
3.743457128910000029e+04	1.155474219156577220e+00
3.743476628909999999e+04	1.188041248224022794e+00
3.743496228910000355e+04	1.247815637779758902e+00
3.743515728910000325e+04	1.182247836806418206e+00
3.743535228910000296e+04	1.241580444305443010e+00
3.743554828909999924e+04	1.185965582358575077e+00
3.743574328909999895e+04	1.225672970111888915e+00
3.743593828909999866e+04	1.207273304886465226e+00
3.743613428910000221e+04	1.166862827094341526e+00
3.743632928910000192e+04	1.243009710623104169e+00
3.743652428910000162e+04	1.222266736879928928e+00
3.743671928910000133e+04	1.234193496508682486e+00
3.743691528909999761e+04	1.201356002823620983e+00
3.743711028909999732e+04	1.195753420318387938e+00
3.743730528909999703e+04	1.231091658450210957e+00
3.743750128910000058e+04	1.205435227851900493e+00
3.743769628910000029e+04	1.242454457278491020e+00
3.743789128909999999e+04	1.258852857242896306e+00
3.743808728910000355e+04	1.221639378658561981e+00
3.743828228910000325e+04	1.201415010322815391e+00
3.743847728910000296e+04	1.244928061744891679e+00
3.743867328909999924e+04	1.242595304589720229e+00
3.743886828909999895e+04	1.268635863787837437e+00
3.743906328909999866e+04	1.252568026699156789e+00
3.743925928910000221e+04	1.231874590421631055e+00
3.743945428910000192e+04	1.193581381216993975e+00
3.743964928910000162e+04	1.236532236189047396e+00
3.743984428910000133e+04	1.245929047481224572e+00
3.744004028909999761e+04	1.213074334416496924e+00
3.744023528909999732e+04	1.225902427651064386e+00
3.744043028909999703e+04	1.232107060714833224e+00
3.744062628910000058e+04	1.201803895016894330e+00
3.744082128910000029e+04	1.201251743814495399e+00
3.744101628909999999e+04	1.196918976970060555e+00
3.744121228910000355e+04	1.225513939719975909e+00
3.744140728910000325e+04	1.196771429872958592e+00
3.744160228910000296e+04	1.198900092224590708e+00
3.744179828909999924e+04	1.245432760436532504e+00
3.744199328909999895e+04	1.231720934615331942e+00
3.744218828909999866e+04	1.205745957429019910e+00
3.744238428910000221e+04	1.214727568587257167e+00
3.744257928910000192e+04	1.223600518453391572e+00
3.744277428910000162e+04	1.234793227907406532e+00
3.744296928910000133e+04	1.237158204396550332e+00
3.744316528909999761e+04	1.167266962921789997e+00
3.744336028909999732e+04	1.206382153079053055e+00
3.744355528909999703e+04	1.190491134410232021e+00
3.744375128910000058e+04	1.196146562230813615e+00
3.744394628910000029e+04	1.146708740216698885e+00
3.744414128909999999e+04	1.156385244581521476e+00
3.744433728910000355e+04	1.188970036329997981e+00
3.744453228910000325e+04	1.166935697127684080e+00
3.744472728910000296e+04	1.220458312110144661e+00
3.744492328909999924e+04	1.188182601677956640e+00
3.744511828909999895e+04	1.176017407788341629e+00
3.744531328909999866e+04	1.171941711992330326e+00
3.744550928910000221e+04	1.214140985373530768e+00
3.744570428910000192e+04	1.178860791503232974e+00
3.744589928910000162e+04	1.228581888919407561e+00
3.744609428910000133e+04	1.175820171946664772e+00
3.744629028909999761e+04	1.201115898703456253e+00
3.744648528909999732e+04	1.152621676886063540e+00
3.744668028909999703e+04	1.187334921058674553e+00
3.744687628910000058e+04	1.187254869315410133e+00
3.744707128910000029e+04	1.197808313427422888e+00
3.744726628909999999e+04	1.178356660740732309e+00
3.744746228910000355e+04	1.172575646487182155e+00
3.744765728910000325e+04	1.160453102749928078e+00
3.744785228910000296e+04	1.217767346686571273e+00
3.744804828909999924e+04	1.163831271207268259e+00
3.744824328909999895e+04	1.215903676029972402e+00
3.744843828909999866e+04	1.202792051456718525e+00
3.744863428910000221e+04	1.168835858136386463e+00
3.744882928910000192e+04	1.227112693350353112e+00
3.744902428910000162e+04	1.215576256787533893e+00
3.744921928910000133e+04	1.198516500017088759e+00
3.744941528909999761e+04	1.194662763525066396e+00
3.744961028909999732e+04	1.161742783249513522e+00
3.744980528909999703e+04	1.191333269425850716e+00
3.745000128910000058e+04	1.153824182854767955e+00
3.745019628910000029e+04	1.155854338732339670e+00
3.745039128909999999e+04	1.202966981338374097e+00
3.745058728910000355e+04	1.222239519753481218e+00
3.745078228910000325e+04	1.158810847814812917e+00
3.745097728910000296e+04	1.200884028028605499e+00
3.745117328909999924e+04	1.186488477879453995e+00
3.745136828909999895e+04	1.213230101748807854e+00
3.745156328909999866e+04	1.190804143046984009e+00
3.745175928910000221e+04	1.189490782811187586e+00
3.745195428910000192e+04	1.224705661806087420e+00
3.745214928910000162e+04	1.148965357401612764e+00
3.745234428910000133e+04	1.229320700966491486e+00
3.745254028909999761e+04	1.237064585839984687e+00
3.745273528909999732e+04	1.250930990250331831e+00
3.745293028909999703e+04	1.225001491118966612e+00
3.745312628910000058e+04	1.209987631680318643e+00
3.745332128910000029e+04	1.234549125693380489e+00
3.745351628909999999e+04	1.204739917158921259e+00
3.745371228910000355e+04	1.171833970436370720e+00
3.745390728910000325e+04	1.249038507674580245e+00
3.745410228910000296e+04	1.223108915104536010e+00
3.745429828909999924e+04	1.228526113229783334e+00
3.745449328909999895e+04	1.204634587205299923e+00
3.745468828909999866e+04	1.228215683399998426e+00
3.745488428910000221e+04	1.218455943270042141e+00
3.745507928910000192e+04	1.239588180722911659e+00
3.745527428910000162e+04	1.224596261884727255e+00
3.745546928910000133e+04	1.246293984325099302e+00
3.745566528909999761e+04	1.226670705402794326e+00
3.745586028909999732e+04	1.211465130787740208e+00
3.745605528909999703e+04	1.228474495739872552e+00
3.745625128910000058e+04	1.187293808545643259e+00
3.745644628910000029e+04	1.237407520727597188e+00
3.745664128909999999e+04	1.192665539809043551e+00
3.745683728910000355e+04	1.188217283402055457e+00
3.745703228910000325e+04	1.205723878933522286e+00
3.745722728910000296e+04	1.220075069943744595e+00
3.745742328909999924e+04	1.255867853132471623e+00
3.745761828909999895e+04	1.201058881535386647e+00
3.745781328909999866e+04	1.185891684171973992e+00
3.745800928910000221e+04	1.172271820367015494e+00
3.745820428910000192e+04	1.173427933597510631e+00
3.745839928910000162e+04	1.209750691278417278e+00
3.745859428910000133e+04	1.235489732253615358e+00
3.745879028909999761e+04	1.218490580576414573e+00
3.745898528909999732e+04	1.211872666165522361e+00
3.745918028909999703e+04	1.171365574404763521e+00
3.745937628910000058e+04	1.197696616416607185e+00
3.745957128910000029e+04	1.199991639562473011e+00
3.745976628909999999e+04	1.236807946191637697e+00
3.745996228910000355e+04	1.190089477684605157e+00
3.746015728910000325e+04	1.154258103846125039e+00
3.746035228910000296e+04	1.208181251660253253e+00
3.746054828909999924e+04	1.194275933997237971e+00
3.746074328909999895e+04	1.196059026939252590e+00
3.746093828909999866e+04	1.214823446647244509e+00
3.746113428910000221e+04	1.178677258348860946e+00
3.746132928910000192e+04	1.175304379312002823e+00
3.746152428910000162e+04	1.226990738411350534e+00
3.746171928910000133e+04	1.181116429934952805e+00
3.746191528909999761e+04	1.205227650254075300e+00
3.746211028909999732e+04	1.200196004927187587e+00
3.746230528909999703e+04	1.218832790813802802e+00
3.746250128910000058e+04	1.220365712402315950e+00
3.746269628910000029e+04	1.186968165938996123e+00
3.746289128909999999e+04	1.221778361011512715e+00
3.746308728910000355e+04	1.210376194317806409e+00
3.746328228910000325e+04	1.208904869742209343e+00
3.746347728910000296e+04	1.248660968383729752e+00
3.746367328909999924e+04	1.204206928290371792e+00
3.746386828909999895e+04	1.219797084355239036e+00
3.746406328909999866e+04	1.193776386756448815e+00
3.746425928910000221e+04	1.176610102017537685e+00
3.746445428910000192e+04	1.229559614433902937e+00
3.746464928910000162e+04	1.226351843338820302e+00
3.746484428910000133e+04	1.207409205070357316e+00
3.746504028909999761e+04	1.173970133874105315e+00
3.746523528909999732e+04	1.176746178602988024e+00
3.746543028909999703e+04	1.163790027188776222e+00
3.746562628910000058e+04	1.168161583985332541e+00
3.746582128910000029e+04	1.212500464947188661e+00
3.746601628909999999e+04	1.195195967731145004e+00
3.746621228910000355e+04	1.158601953962250519e+00
3.746640728910000325e+04	1.144003019886653760e+00
3.746660228910000296e+04	1.145726675465139621e+00
3.746679828909999924e+04	1.192759334609139188e+00
3.746699328909999895e+04	1.197046518473008803e+00
3.746718828909999866e+04	1.193908200174497836e+00
3.746738428910000221e+04	1.185871760601745706e+00
3.746757928910000192e+04	1.139614389931155713e+00
3.746777428910000162e+04	1.158583820728420477e+00
3.746796928910000133e+04	1.213745157840182998e+00
3.746816528909999761e+04	1.216878671074359985e+00
3.746836028909999732e+04	1.220706719883130731e+00
3.746855528909999703e+04	1.188143573358406258e+00
3.746875128910000058e+04	1.221069877032608275e+00
3.746894628910000029e+04	1.178953554016842986e+00
3.746914128909999999e+04	1.197712547302941744e+00
3.746933728910000355e+04	1.176405623280032842e+00
3.746953228910000325e+04	1.151108754251728428e+00
3.746972728910000296e+04	1.196679732961332121e+00
3.746992328909999924e+04	1.195169624647924422e+00
3.747011828909999895e+04	1.224125746027130646e+00
3.747031328909999866e+04	1.193560287206596016e+00
3.747050928910000221e+04	1.155717053883108747e+00
3.747070428910000192e+04	1.236189378938208350e+00
3.747089928910000162e+04	1.184100397559074480e+00
3.747109428910000133e+04	1.150224009795252300e+00
3.747129028909999761e+04	1.163633933791402342e+00
3.747148528909999732e+04	1.152057947193734222e+00
3.747168028909999703e+04	1.203397830013015479e+00
3.747187628910000058e+04	1.207577676782605636e+00
3.747207128910000029e+04	1.178077187396620928e+00
3.747226628909999999e+04	1.182636946380490883e+00
3.747246228910000355e+04	1.162656740357817853e+00
3.747265728910000325e+04	1.182417574870546773e+00
3.747285228910000296e+04	1.156298650161192043e+00
3.747304828909999924e+04	1.147531389963260651e+00
3.747324328909999895e+04	1.230111917423455381e+00
3.747343828909999866e+04	1.180065045297313375e+00
3.747363428910000221e+04	1.228870257074870409e+00
3.747382928910000192e+04	1.139131654557321127e+00
3.747402428910000162e+04	1.185947651202162945e+00
3.747421928910000133e+04	1.235865313706003832e+00
3.747441528909999761e+04	1.189303166899641440e+00
3.747461028909999732e+04	1.192659292844851393e+00
3.747480528909999703e+04	1.210320375584823083e+00
3.747500128910000058e+04	1.217523158675707151e+00
3.747519628910000029e+04	1.199365770950464594e+00
3.747539128909999999e+04	1.189531891504149286e+00
3.747558728910000355e+04	1.229308045626417822e+00
3.747578228910000325e+04	1.220174000914870049e+00
3.747597728910000296e+04	1.194104108319502089e+00
3.747617328909999924e+04	1.253927365934416116e+00
3.747636828909999895e+04	1.212181320909095916e+00
3.747656328909999866e+04	1.215748921257894466e+00
3.747675928910000221e+04	1.186904866146401005e+00
3.747695428910000192e+04	1.261652698313422860e+00
3.747714928910000162e+04	1.206778285021382402e+00
3.747734428910000133e+04	1.262716160664352216e+00
3.747754028909999761e+04	1.219177076074451804e+00
3.747773528909999732e+04	1.177464418078359998e+00
3.747793028909999703e+04	1.214376886743476547e+00
3.747812628910000058e+04	1.214873918148789755e+00
3.747832128910000029e+04	1.227102206516033078e+00
3.747851628909999999e+04	1.257287856148728622e+00
3.747871228910000355e+04	1.198739795247341533e+00
3.747890728910000325e+04	1.213353394210582081e+00
3.747910228910000296e+04	1.214613780723963643e+00
3.747929828909999924e+04	1.212610916003127315e+00
3.747949328909999895e+04	1.214158895146116635e+00
3.747968828909999866e+04	1.253766358812871573e+00
3.747988428910000221e+04	1.262397785963273122e+00
3.748007928910000192e+04	1.190266584151364881e+00
3.748027428910000162e+04	1.200667088416304651e+00
3.748046928910000133e+04	1.248063847838229989e+00
3.748066528909999761e+04	1.219566663109599602e+00
3.748086028909999732e+04	1.271240086762166044e+00
3.748105528909999703e+04	1.213504998732144458e+00
3.748125128910000058e+04	1.247844993181388418e+00
3.748144628910000029e+04	1.182801428390931164e+00
3.748164128909999999e+04	1.209069169033583080e+00
