# time(sec)	crack length FEA(mm)
1.355332028910000008e+04	6.444636187576939790e-01
1.355351528909999979e+04	6.296464343787597784e-01
1.355371128909999970e+04	6.464001759171260630e-01
1.355390628909999941e+04	6.181883594909916013e-01
1.355410128910000094e+04	6.133389157399768976e-01
1.355429728910000085e+04	6.126770475109406533e-01
1.355449228910000056e+04	6.005229732838728296e-01
1.355468728910000027e+04	6.240265367817254827e-01
1.355488328910000018e+04	6.136682201336114417e-01
1.355507828909999989e+04	6.689300368303463529e-01
1.355527328909999960e+04	6.350913454632376443e-01
1.355546828910000113e+04	6.115973228204154566e-01
1.355566428910000104e+04	6.096601560159609079e-01
1.355585928910000075e+04	6.441401480393782464e-01
1.355605428910000046e+04	6.748949909549928350e-01
1.355625028910000037e+04	6.824498335943083305e-01
1.355644528910000008e+04	6.339629606558396802e-01
1.355664028909999979e+04	6.525021676714857222e-01
1.355683628909999970e+04	6.520073693415611160e-01
1.355703128909999941e+04	6.344419365946958322e-01
1.355722628910000094e+04	6.284077509461649669e-01
1.355742228910000085e+04	6.701041798284119722e-01
1.355761728910000056e+04	5.957326534413898145e-01
1.355781228910000027e+04	6.356986605120535927e-01
1.355800828910000018e+04	6.394187771053605474e-01
1.355820328909999989e+04	6.260003017546651449e-01
1.355839828909999960e+04	6.150836025743267044e-01
1.355859328910000113e+04	6.256744264625382357e-01
1.355878928910000104e+04	5.992795465483506945e-01
1.355898428910000075e+04	6.295450119746384132e-01
1.355917928910000046e+04	6.385688633474124742e-01
1.355937528910000037e+04	6.701860860630564076e-01
1.355957028910000008e+04	5.898347548338183088e-01
1.355976528909999979e+04	6.179055443536611847e-01
1.355996128909999970e+04	5.845094896251659122e-01
1.356015628909999941e+04	6.126910893496457788e-01
1.356035128910000094e+04	5.666747643224780973e-01
1.356054728910000085e+04	6.118024773348640366e-01
1.356074228910000056e+04	6.257068056186749772e-01
1.356093728910000027e+04	6.135062534159114733e-01
1.356113328910000018e+04	6.327460884048452527e-01
1.356132828909999989e+04	5.860454796956187096e-01
1.356152328909999960e+04	6.152045412730764440e-01
1.356171828910000113e+04	5.762344550887590344e-01
1.356191428910000104e+04	6.110606796635984495e-01
1.356210928910000075e+04	6.129286307777768172e-01
1.356230428910000046e+04	6.130657270796380232e-01
1.356250028910000037e+04	6.199424727700062476e-01
1.356269528910000008e+04	5.895959400041803633e-01
1.356289028909999979e+04	6.231005494817978274e-01
1.356308628909999970e+04	6.024543319189383794e-01
1.356328128909999941e+04	6.258459808099310351e-01
1.356347628910000094e+04	5.949298350085374665e-01
1.356367228910000085e+04	5.796782263132289614e-01
1.356386728910000056e+04	6.021119419976361797e-01
1.356406228910000027e+04	6.082131147299847385e-01
1.356425828910000018e+04	6.000497998703195890e-01
1.356445328909999989e+04	6.129307824778056357e-01
1.356464828909999960e+04	6.397218268269249108e-01
1.356484328910000113e+04	6.071169956339268481e-01
1.356503928910000104e+04	6.136444501196418599e-01
1.356523428910000075e+04	5.976720280193266177e-01
1.356542928910000046e+04	5.484438417824843981e-01
1.356562528910000037e+04	6.081461578821958369e-01
1.356582028910000008e+04	6.167515504888108069e-01
1.356601528909999979e+04	6.234976756501726669e-01
1.356621128909999970e+04	6.102497471905330428e-01
1.356640628909999941e+04	6.183524464060106141e-01
1.356660128910000094e+04	5.883325359749100869e-01
1.356679728910000085e+04	6.122257195986549050e-01
1.356699228910000056e+04	5.898737076555615744e-01
1.356718728910000027e+04	5.608001723911826275e-01
1.356738328910000018e+04	6.455279240486877512e-01
1.356757828909999989e+04	6.003047237408427605e-01
1.356777328909999960e+04	6.292223908364213969e-01
1.356796828910000113e+04	5.808199101085786964e-01
1.356816428910000104e+04	6.324644982219531641e-01
1.356835928910000075e+04	5.807679878406837304e-01
1.356855428910000046e+04	5.863751517027875337e-01
1.356875028910000037e+04	6.202900277769103354e-01
1.356894528910000008e+04	5.607028418749315790e-01
1.356914028909999979e+04	6.016020735941545183e-01
1.356933628909999970e+04	5.926877271950008463e-01
1.356953128909999941e+04	6.216240701643176436e-01
1.356972628910000094e+04	5.724797885132453246e-01
1.356992228910000085e+04	5.810447598396137892e-01
1.357011728910000056e+04	6.224972320499873035e-01
1.357031228910000027e+04	5.908225369151143269e-01
1.357050828910000018e+04	6.253204776805532106e-01
1.357070328909999989e+04	5.921409224250950842e-01
1.357089828909999960e+04	5.921690296836938927e-01
1.357109328910000113e+04	5.610642045654579135e-01
1.357128928910000104e+04	5.975283119831615863e-01
1.357148428910000075e+04	5.739797752938038400e-01
1.357167928910000046e+04	5.640340732189699224e-01
1.357187528910000037e+04	5.899558277244167925e-01
1.357207028910000008e+04	5.827009709950807803e-01
1.357226528909999979e+04	5.964100803222844860e-01
1.357246128909999970e+04	5.539263516717660707e-01
1.357265628909999941e+04	6.025947529895567811e-01
1.357285128910000094e+04	6.111049598016915496e-01
1.357304728910000085e+04	6.145848365630115495e-01
1.357324228910000056e+04	6.155413877737725414e-01
1.357343728910000027e+04	5.923786635162642256e-01
1.357363328910000018e+04	6.195743474259067796e-01
1.357382828909999989e+04	5.984228623706027150e-01
1.357402328909999960e+04	6.170257458058294731e-01
1.357421828910000113e+04	5.845602897204464909e-01
1.357441428910000104e+04	5.846294746194491410e-01
1.357460928910000075e+04	6.577469164661629009e-01
1.357480428910000046e+04	6.319488033382807401e-01
1.357500028910000037e+04	6.393432897072575116e-01
1.357519528910000008e+04	6.025169898413178515e-01
1.357539028909999979e+04	6.407097533525334399e-01
1.357558628909999970e+04	6.510576536237095979e-01
1.357578128909999941e+04	6.355389895075820306e-01
1.357597628910000094e+04	6.486633099031777761e-01
1.357617228910000085e+04	6.145448751181419311e-01
1.357636728910000056e+04	6.204810812526808661e-01
1.357656228910000027e+04	5.966899330516959310e-01
1.357675828910000018e+04	6.308181138959607637e-01
1.357695328909999989e+04	5.828890960658466014e-01
1.357714828909999960e+04	6.183092828266936181e-01
1.357734328910000113e+04	6.334645892313535143e-01
1.357753928910000104e+04	5.737321108784776413e-01
1.357773428910000075e+04	6.069031743256623201e-01
1.357792928910000046e+04	5.813183062744524676e-01
1.357812528910000037e+04	5.948466364198381484e-01
1.357832028910000008e+04	5.849645882383001094e-01
1.357851528909999979e+04	6.074388048206476043e-01
1.357871128909999970e+04	6.400000815423254608e-01
1.357890628909999941e+04	6.059743764648128916e-01
1.357910128910000094e+04	6.513002392140592178e-01
1.357929728910000085e+04	5.852693629933227726e-01
1.357949228910000056e+04	5.948693759104841661e-01
1.357968728910000027e+04	6.082638749113566945e-01
1.357988328910000018e+04	5.970799247747642369e-01
1.358007828909999989e+04	6.124762038163318323e-01
1.358027328909999960e+04	6.343200367243362336e-01
1.358046828910000113e+04	6.171283329548220564e-01
1.358066428910000104e+04	5.851699662083991171e-01
1.358085928910000075e+04	5.898682861988628900e-01
1.358105428910000046e+04	6.265496033614326166e-01
1.358125028910000037e+04	5.876959306907139080e-01
1.358144528910000008e+04	6.427749232097212939e-01
1.358164028909999979e+04	6.314989434000235491e-01
1.358183628909999970e+04	6.316866378139263105e-01
1.358203128909999941e+04	6.022998715215699406e-01
1.358222628910000094e+04	6.062368087135148187e-01
1.358242228910000085e+04	5.945149251781689514e-01
1.358261728910000056e+04	6.097476267437418329e-01
1.358281228910000027e+04	6.274355195590040069e-01
1.358300828910000018e+04	6.135105659884381168e-01
1.358320328909999989e+04	6.115022902212565725e-01
1.358339828909999960e+04	6.208739480000389221e-01
1.358359328910000113e+04	6.112205014600906594e-01
1.358378928910000104e+04	5.946521804268520839e-01
1.358398428910000075e+04	6.231383461364554677e-01
1.358417928910000046e+04	6.259668755203087187e-01
1.358437528910000037e+04	6.162776338751143612e-01
1.358457028910000008e+04	6.293195047981452461e-01
1.358476528909999979e+04	5.838608900754760356e-01
1.358496128909999970e+04	6.090867558477057742e-01
1.358515628909999941e+04	5.868874914626953654e-01
1.358535128910000094e+04	5.951556596492384443e-01
1.358554728910000085e+04	6.307134896921837708e-01
1.358574228910000056e+04	6.374126396182369092e-01
1.358593728910000027e+04	6.224626977787206528e-01
1.358613328910000018e+04	6.023798343816455514e-01
1.358632828909999989e+04	5.675650161447940434e-01
1.358652328909999960e+04	6.276351280523932985e-01
1.358671828910000113e+04	5.948801609186560313e-01
1.358691428910000104e+04	6.173269222023218816e-01
1.358710928910000075e+04	6.496443642498412885e-01
1.358730428910000046e+04	6.048446369330040540e-01
1.358750028910000037e+04	5.796079222461081315e-01
1.358769528910000008e+04	6.292655351379412565e-01
1.358789028909999979e+04	6.247798252219567416e-01
1.358808628909999970e+04	6.354300768270793043e-01
1.358828128909999941e+04	6.001243601808514683e-01
1.358847628910000094e+04	6.313230637226681097e-01
1.358867228910000085e+04	6.059246598571750297e-01
1.358886728910000056e+04	5.998953150089754160e-01
1.358906228910000027e+04	5.991682542824072755e-01
1.358925828910000018e+04	5.775330905685081007e-01
1.358945328909999989e+04	5.825053041590528835e-01
1.358964828909999960e+04	5.976287629550647296e-01
1.358984328910000113e+04	6.247873432496415802e-01
1.359003928910000104e+04	6.350449590264837241e-01
1.359023428910000075e+04	5.651516189854017824e-01
1.359042928910000046e+04	5.685936776541993254e-01
1.359062528910000037e+04	5.489926732952348232e-01
1.359082028910000008e+04	5.875489530101667413e-01
1.359101528909999979e+04	5.972895722229125681e-01
1.359121128909999970e+04	5.613455116951406865e-01
1.359140628909999941e+04	6.083103122218247449e-01
1.359160128910000094e+04	5.786986226477885964e-01
1.359179728910000085e+04	6.044882339306401065e-01
1.359199228910000056e+04	6.074506882093864135e-01
1.359218728910000027e+04	5.793549373810726877e-01
1.359238328910000018e+04	6.137362098508702957e-01
1.359257828909999989e+04	5.816836832460747786e-01
1.359277328909999960e+04	6.276491612976826673e-01
1.359296828910000113e+04	5.442485821676257274e-01
1.359316428910000104e+04	5.895159817720418971e-01
1.359335928910000075e+04	5.690533924798089060e-01
1.359355428910000046e+04	5.826382530309146546e-01
1.359375028910000037e+04	5.934052437237617994e-01
1.359394528910000008e+04	5.778304253555290870e-01
1.359414028909999979e+04	6.076180569164684186e-01
1.359433628909999970e+04	5.799841720322120864e-01
1.359453128909999941e+04	5.803096072290117036e-01
1.359472628910000094e+04	6.010284844535433990e-01
1.359492228910000085e+04	5.945203456056198377e-01
1.359511728910000056e+04	6.175212536088796611e-01
1.359531228910000027e+04	5.801495741152091767e-01
1.359550828910000018e+04	6.242380576339989773e-01
1.359570328909999989e+04	5.638880593849222578e-01
1.359589828909999960e+04	5.696093443366514464e-01
1.359609328910000113e+04	5.958785239451440674e-01
1.359628928910000104e+04	5.900649989018997843e-01
1.359648428910000075e+04	6.076342631039004516e-01
1.359667928910000046e+04	5.707991301670762851e-01
1.359687528910000037e+04	5.890296447974563421e-01
1.359707028910000008e+04	5.675163271963903355e-01
1.359726528909999979e+04	5.733406416063111521e-01
1.359746128909999970e+04	6.136142066154643970e-01
1.359765628909999941e+04	5.830944914458502382e-01
1.359785128910000094e+04	6.180275261692198541e-01
1.359804728910000085e+04	5.841095013507580092e-01
1.359824228910000056e+04	5.982273304605918440e-01
1.359843728910000027e+04	6.163294251940616419e-01
1.359863328910000018e+04	5.779180099308653951e-01
1.359882828909999989e+04	5.711268427872990827e-01
1.359902328909999960e+04	5.877467334586388148e-01
1.359921828910000113e+04	6.027632590658420497e-01
1.359941428910000104e+04	5.959508880887973703e-01
1.359960928910000075e+04	6.112237106851594604e-01
1.359980428910000046e+04	5.797052334230059500e-01
1.360000028910000037e+04	5.753801779809997186e-01
1.360019528910000008e+04	6.101978873348592458e-01
1.360039028909999979e+04	5.899266689117119711e-01
1.360058628909999970e+04	5.530961761996504578e-01
1.360078128909999941e+04	5.728150684103781032e-01
1.360097628910000094e+04	5.529966488309518979e-01
1.360117228910000085e+04	5.927028294077274495e-01
1.360136728910000056e+04	5.868193713743696804e-01
1.360156228910000027e+04	6.468487147263211057e-01
1.360175828910000018e+04	6.113414128974170580e-01
1.360195328909999989e+04	6.053263456301056777e-01
1.360214828909999960e+04	5.767761815653411617e-01
1.360234328910000113e+04	5.726895909733169532e-01
1.360253928910000104e+04	6.365421604872363304e-01
1.360273428910000075e+04	5.978286799500249771e-01
1.360292928910000046e+04	6.028108202316282416e-01
1.360312528910000037e+04	6.123660845665774843e-01
1.360332028910000008e+04	6.064797749737298460e-01
1.360351528909999979e+04	6.168303625999662643e-01
1.360371128909999970e+04	6.079679486204003780e-01
1.360390628909999941e+04	6.241473848751439846e-01
1.360410128910000094e+04	6.408370314818956359e-01
1.360429728910000085e+04	6.321796890511226508e-01
1.360449228910000056e+04	6.568071450609931361e-01
1.360468728910000027e+04	5.975985089178674770e-01
1.360488328910000018e+04	6.183438322412744270e-01
1.360507828909999989e+04	6.338841945357049923e-01
1.360527328909999960e+04	6.239282893256525853e-01
1.360546828910000113e+04	6.356306670330127417e-01
1.360566428910000104e+04	6.063826258675408809e-01
1.360585928910000075e+04	6.412856725619402454e-01
1.360605428910000046e+04	5.895905184859557835e-01
1.360625028910000037e+04	6.093750901743639758e-01
1.360644528910000008e+04	6.257035426767458830e-01
1.360664028909999979e+04	6.129178444510703372e-01
1.360683628909999970e+04	5.982186442417223304e-01
1.360703128909999941e+04	6.109019513122309064e-01
1.360722628910000094e+04	5.680452939871969420e-01
1.360742228910000085e+04	5.884071227119349601e-01
1.360761728910000056e+04	6.202220006594068025e-01
1.360781228910000027e+04	6.113392517823150740e-01
1.360800828910000018e+04	5.741214652269892582e-01
1.360820328909999989e+04	5.748989942361539818e-01
1.360839828909999960e+04	5.934084552871752294e-01
1.360859328910000113e+04	5.931858818068853623e-01
1.360878928910000104e+04	6.351452559176316015e-01
1.360898428910000075e+04	6.379584232526873677e-01
1.360917928910000046e+04	5.919637104287929219e-01
1.360937528910000037e+04	5.695520280923318523e-01
1.360957028910000008e+04	6.146820179986161037e-01
1.360976528909999979e+04	5.751346827488390545e-01
1.360996128909999970e+04	5.892284623250709785e-01
1.361015628909999941e+04	5.981527643680664141e-01
1.361035128910000094e+04	6.522919935012421178e-01
1.361054728910000085e+04	5.820577467252121551e-01
1.361074228910000056e+04	6.025461893247285872e-01
1.361093728910000027e+04	5.844911139113015963e-01
1.361113328910000018e+04	6.436937084262837061e-01
1.361132828909999989e+04	6.304739616913952460e-01
1.361152328909999960e+04	6.717985427955888156e-01
1.361171828910000113e+04	6.516937122263204429e-01
1.361191428910000104e+04	6.259517845708941763e-01
1.361210928910000075e+04	5.586512269310066614e-01
1.361230428910000046e+04	6.260230030175293336e-01
1.361250028910000037e+04	5.644322241398072038e-01
1.361269528910000008e+04	6.471474211240924035e-01
1.361289028909999979e+04	6.365195153295992725e-01
1.361308628909999970e+04	6.263294262885548136e-01
1.361328128909999941e+04	6.244841081174890007e-01
1.361347628910000094e+04	5.992579154471648906e-01
1.361367228910000085e+04	6.397531404841885205e-01
1.361386728910000056e+04	6.271808784852197505e-01
1.361406228910000027e+04	6.219349153305824274e-01
1.361425828910000018e+04	6.262334035099179630e-01
1.361445328909999989e+04	6.525463727228633104e-01
1.361464828909999960e+04	6.342412810226587538e-01
1.361484328910000113e+04	6.364472804719767396e-01
1.361503928910000104e+04	6.359488948984033385e-01
1.361523428910000075e+04	6.172027855658512863e-01
1.361542928910000046e+04	6.454837062772167400e-01
1.361562528910000037e+04	6.506792923303379439e-01
1.361582028910000008e+04	5.696785714777981013e-01
1.361601528909999979e+04	5.917940717413756602e-01
1.361621128909999970e+04	6.125259071036470715e-01
1.361640628909999941e+04	5.943615191581930191e-01
1.361660128910000094e+04	5.993130649736659876e-01
1.361679728910000085e+04	6.414732917436456461e-01
1.361699228910000056e+04	5.951686627636849636e-01
1.361718728910000027e+04	6.349564761443247107e-01
1.361738328910000018e+04	6.075284263945057717e-01
1.361757828909999989e+04	6.240006261162083234e-01
1.361777328909999960e+04	6.174672578780366905e-01
1.361796828910000113e+04	5.988647011949161936e-01
1.361816428910000104e+04	6.230519709140924789e-01
1.361835928910000075e+04	6.084981941194467225e-01
1.361855428910000046e+04	6.246330146417200524e-01
1.361875028910000037e+04	6.097292699753822376e-01
1.361894528910000008e+04	6.355853842716374658e-01
1.361914028909999979e+04	6.178774666591291265e-01
1.361933628909999970e+04	5.456572312268104241e-01
1.361953128909999941e+04	5.712338868229096533e-01
1.361972628910000094e+04	5.711257372267741772e-01
1.361992228910000085e+04	6.354041689918261682e-01
1.362011728910000056e+04	6.359143796436157459e-01
1.362031228910000027e+04	5.925515655212816313e-01
1.362050828910000018e+04	5.883692723386850787e-01
1.362070328909999989e+04	5.732098067423976318e-01
1.362089828909999960e+04	5.755142708983989053e-01
1.362109328910000113e+04	6.706740016820518235e-01
1.362128928910000104e+04	6.113845887835704929e-01
1.362148428910000075e+04	6.416857638849613465e-01
1.362167928910000046e+04	5.954355267262840812e-01
1.362187528910000037e+04	6.135375914256151475e-01
1.362207028910000008e+04	6.058090931704267490e-01
1.362226528909999979e+04	5.561157775016916105e-01
1.362246128909999970e+04	6.141076319913452153e-01
1.362265628909999941e+04	5.976946999218490930e-01
1.362285128910000094e+04	5.829355351286196196e-01
1.362304728910000085e+04	5.843797543760320679e-01
1.362324228910000056e+04	5.886319027759192579e-01
1.362343728910000027e+04	5.704356905006608969e-01
1.362363328910000018e+04	5.815420927712615651e-01
1.362382828909999989e+04	6.162700668621212685e-01
1.362402328909999960e+04	6.023636339904054893e-01
1.362421828910000113e+04	5.653939432596626347e-01
1.362441428910000104e+04	5.709299779043508494e-01
1.362460928910000075e+04	6.161804680570988069e-01
1.362480428910000046e+04	6.108857565659580047e-01
1.362500028910000037e+04	6.313770288358444560e-01
1.362519528910000008e+04	6.233174831282077832e-01
1.362539028909999979e+04	6.227670612323539245e-01
1.362558628909999970e+04	5.835117584761988496e-01
1.362578128909999941e+04	6.221604814208081535e-01
1.362597628910000094e+04	6.464562657161252446e-01
1.362617228910000085e+04	6.065154450748426740e-01
1.362636728910000056e+04	6.322454772713310689e-01
1.362656228910000027e+04	6.048284381743425087e-01
1.362675828910000018e+04	5.725046483034557099e-01
1.362695328909999989e+04	5.797960710795457828e-01
1.362714828909999960e+04	5.618583751638439594e-01
1.362734328910000113e+04	6.408596726342921102e-01
1.362753928910000104e+04	5.900476763649127321e-01
1.362773428910000075e+04	5.928044047733784794e-01
1.362792928910000046e+04	5.981862286562460440e-01
1.362812528910000037e+04	6.099733053416009909e-01
1.362832028910000008e+04	5.917605430145798096e-01
1.362851528909999979e+04	6.187032879064009450e-01
1.362871128909999970e+04	6.004721970333886105e-01
1.362890628909999941e+04	5.572801719579167923e-01
1.362910128910000094e+04	5.543246109758079854e-01
1.362929728910000085e+04	5.708726647489967831e-01
1.362949228910000056e+04	6.209851322314889899e-01
1.362968728910000027e+04	6.296852774816521503e-01
1.362988328910000018e+04	6.340158172132746017e-01
1.363007828909999989e+04	6.064301243328458213e-01
1.363027328909999960e+04	6.272693339320092321e-01
1.363046828910000113e+04	5.703611047566354841e-01
1.363066428910000104e+04	6.169458864706633960e-01
1.363085928910000075e+04	6.377221720659385085e-01
1.363105428910000046e+04	6.367589840284431091e-01
1.363125028910000037e+04	6.190907682556012759e-01
1.363144528910000008e+04	6.108242238525729562e-01
1.363164028909999979e+04	5.764593376316788920e-01
1.363183628909999970e+04	6.406288597383316130e-01
1.363203128909999941e+04	5.661923038090126425e-01
1.363222628910000094e+04	6.267697135643768291e-01
1.363242228910000085e+04	6.219165677136135884e-01
1.363261728910000056e+04	5.932182947354078806e-01
1.363281228910000027e+04	6.098491313540108649e-01
1.363300828910000018e+04	5.924943029481894996e-01
1.363320328909999989e+04	5.906377311418697929e-01
1.363339828909999960e+04	6.091072744110714865e-01
1.363359328910000113e+04	5.802133943170630914e-01
1.363378928910000104e+04	6.258503468231513267e-01
1.363398428910000075e+04	6.193865599185510717e-01
1.363417928910000046e+04	6.207692162932545443e-01
1.363437528910000037e+04	6.411227772188929919e-01
1.363457028910000008e+04	6.072206726449618230e-01
1.363476528909999979e+04	6.402837433720147686e-01
1.363496128909999970e+04	6.073491736416229969e-01
1.363515628909999941e+04	5.584034633460497332e-01
1.363535128910000094e+04	6.274074528148609886e-01
1.363554728910000085e+04	6.062151837644265129e-01
1.363574228910000056e+04	6.497457031670919037e-01
1.363593728910000027e+04	6.296151170241355288e-01
1.363613328910000018e+04	5.974483796651242073e-01
1.363632828909999989e+04	6.014540752247459210e-01
1.363652328909999960e+04	6.283678121034501629e-01
1.363671828910000113e+04	5.810101577066362211e-01
1.363691428910000104e+04	6.312022511289949733e-01
1.363710928910000075e+04	6.147316518836518640e-01
1.363730428910000046e+04	6.448054712014794632e-01
1.363750028910000037e+04	5.815550474004460568e-01
1.363769528910000008e+04	6.541427751053667805e-01
1.363789028909999979e+04	6.319466440452004008e-01
1.363808628909999970e+04	6.679120401869056423e-01
1.363828128909999941e+04	6.529721686384544199e-01
1.363847628910000094e+04	6.546623064870882303e-01
1.363867228910000085e+04	6.088286675831398043e-01
1.363886728910000056e+04	6.146722896711445117e-01
1.363906228910000027e+04	5.857547162012046726e-01
1.363925828910000018e+04	5.995960859703153290e-01
1.363945328909999989e+04	6.353103408862814661e-01
1.363964828909999960e+04	6.433238475329261519e-01
1.363984328910000113e+04	6.401554154984374634e-01
1.364003928910000104e+04	6.247323067838159716e-01
1.364023428910000075e+04	5.994091935583227837e-01
1.364042928910000046e+04	6.171196534477285667e-01
1.364062528910000037e+04	6.589464351219316285e-01
1.364082028910000008e+04	6.340751417054342198e-01
1.364101528909999979e+04	6.272067301626016445e-01
1.364121128909999970e+04	6.020644351449924159e-01
1.364140628909999941e+04	6.367244606534594453e-01
1.364160128910000094e+04	6.402675680938969549e-01
1.364179728910000085e+04	6.608290443111890511e-01
1.364199228910000056e+04	6.302581944880252252e-01
1.364218728910000027e+04	6.310306787956889707e-01
1.364238328910000018e+04	6.485414903083697169e-01
1.364257828909999989e+04	6.408273135667563736e-01
1.364277328909999960e+04	6.494858864899377693e-01
1.364296828910000113e+04	6.527274514811782780e-01
1.364316428910000104e+04	6.826640389363980432e-01
1.364335928910000075e+04	6.435114603083125218e-01
1.364355428910000046e+04	6.653846407132313345e-01
1.364375028910000037e+04	6.021799638558853474e-01
1.364394528910000008e+04	6.102875637249294272e-01
1.364414028909999979e+04	6.638805457083041262e-01
1.364433628909999970e+04	6.153837457102468989e-01
1.364453128909999941e+04	6.432925477199695763e-01
1.364472628910000094e+04	6.168735287915065868e-01
1.364492228910000085e+04	6.255654141584443551e-01
1.364511728910000056e+04	6.527209976336294517e-01
1.364531228910000027e+04	6.097875960315128907e-01
1.364550828910000018e+04	6.802027834879158519e-01
1.364570328909999989e+04	6.531694202319684450e-01
1.364589828909999960e+04	6.594399818410643377e-01
1.364609328910000113e+04	6.431706920432649355e-01
1.364628928910000104e+04	6.189785276369832445e-01
1.364648428910000075e+04	6.275639143062239356e-01
1.364667928910000046e+04	6.171541952712473744e-01
1.364687528910000037e+04	6.468099081883096346e-01
1.364707028910000008e+04	5.909338671456829672e-01
1.364726528909999979e+04	5.822242398632919702e-01
1.364746128909999970e+04	6.176141115213074073e-01
1.364765628909999941e+04	6.112658386815699174e-01
1.364785128910000094e+04	6.625552718530940410e-01
1.364804728910000085e+04	6.323123681127622575e-01
1.364824228910000056e+04	5.969308410520302033e-01
1.364843728910000027e+04	6.663230450206860667e-01
1.364863328910000018e+04	6.217233745364740827e-01
1.364882828909999989e+04	6.408499547281643061e-01
1.364902328909999960e+04	6.315906360964973487e-01
1.364921828910000113e+04	6.569580671320256471e-01
1.364941428910000104e+04	6.456476098726859902e-01
1.364960928910000075e+04	6.267049580271226716e-01
1.364980428910000046e+04	6.260218999350115610e-01
1.365000028910000037e+04	6.406008081567371448e-01
1.365019528910000008e+04	6.403063850376948807e-01
1.365039028909999979e+04	6.334634864849171265e-01
1.365058628909999970e+04	6.165550523076177569e-01
1.365078128909999941e+04	6.577555815395257355e-01
1.365097628910000094e+04	6.306487446109247941e-01
1.365117228910000085e+04	6.159202939666599264e-01
1.365136728910000056e+04	6.321084885561649713e-01
1.365156228910000027e+04	5.819550681181731022e-01
1.365175828910000018e+04	6.358065156831660403e-01
1.365195328909999989e+04	6.084787881958924061e-01
1.365214828909999960e+04	6.329953151559948310e-01
1.365234328910000113e+04	6.588839218238042861e-01
1.365253928910000104e+04	6.082843848889591953e-01
1.365273428910000075e+04	5.971091307487430555e-01
1.365292928910000046e+04	6.403678991133574527e-01
1.365312528910000037e+04	6.527932398871172381e-01
