# time(sec)	crack length FEA(mm)
6.525136828909999895e+04	1.788284990063333524e+00
6.525156328909999866e+04	1.727881030300665088e+00
6.525175928910000221e+04	1.795743921578697666e+00
6.525195428910000192e+04	1.768292460427453250e+00
6.525214928910000162e+04	1.769396702799204135e+00
6.525234428910000133e+04	1.785141293104723914e+00
6.525254028909999761e+04	1.772333905983209945e+00
6.525273528909999732e+04	1.742186314724714080e+00
6.525293028909999703e+04	1.788769791947295573e+00
6.525312628910000058e+04	1.798989882687408226e+00
6.525332128910000029e+04	1.800740440472948123e+00
6.525351628909999999e+04	1.802910899563922698e+00
6.525371228910000355e+04	1.807975587725206168e+00
6.525390728910000325e+04	1.780679646813641881e+00
6.525410228910000296e+04	1.794223853036447380e+00
6.525429828909999924e+04	1.785204924986521391e+00
6.525449328909999895e+04	1.809051285595536740e+00
6.525468828909999866e+04	1.796161788137968784e+00
6.525488428910000221e+04	1.803741335859163186e+00
6.525507928910000192e+04	1.769530412919809947e+00
6.525527428910000162e+04	1.795212954478106582e+00
6.525546928910000133e+04	1.810107361483302313e+00
6.525566528909999761e+04	1.838533526964301501e+00
6.525586028909999732e+04	1.812028519998534648e+00
6.525605528909999703e+04	1.795313608935460437e+00
6.525625128910000058e+04	1.769176618121747424e+00
6.525644628910000029e+04	1.797897303504193189e+00
6.525664128909999999e+04	1.746040980244252694e+00
6.525683728910000355e+04	1.826440193629894182e+00
6.525703228910000325e+04	1.823567487438413792e+00
6.525722728910000296e+04	1.761623743804436870e+00
6.525742328909999924e+04	1.776226575054645096e+00
6.525761828909999895e+04	1.760240378427404551e+00
6.525781328909999866e+04	1.788012758787234091e+00
6.525800928910000221e+04	1.746304518099686121e+00
6.525820428910000192e+04	1.797219608194504659e+00
6.525839928910000162e+04	1.790151517846293672e+00
6.525859428910000133e+04	1.758631706658711380e+00
6.525879028909999761e+04	1.791045152298035958e+00
6.525898528909999732e+04	1.766904287635554738e+00
6.525918028909999703e+04	1.776540089424464952e+00
6.525937628910000058e+04	1.837166092256987682e+00
6.525957128910000029e+04	1.745300918588821304e+00
6.525976628909999999e+04	1.816784481869387236e+00
6.525996228910000355e+04	1.778967627306474952e+00
6.526015728910000325e+04	1.785282059651041919e+00
6.526035228910000296e+04	1.779406458200771368e+00
6.526054828909999924e+04	1.787712727037082061e+00
6.526074328909999895e+04	1.758449600741567309e+00
6.526093828909999866e+04	1.779559618878129967e+00
6.526113428910000221e+04	1.749201377794767254e+00
6.526132928910000192e+04	1.777212219350378319e+00
6.526152428910000162e+04	1.754508565090889149e+00
6.526171928910000133e+04	1.807531222662250414e+00
6.526191528909999761e+04	1.819510528088098766e+00
6.526211028909999732e+04	1.766628798125211119e+00
6.526230528909999703e+04	1.766612369341501676e+00
6.526250128910000058e+04	1.740932555236881285e+00
6.526269628910000029e+04	1.793328402223551166e+00
6.526289128909999999e+04	1.809802595297348660e+00
6.526308728910000355e+04	1.775218285062003076e+00
6.526328228910000325e+04	1.794575142460981709e+00
6.526347728910000296e+04	1.767460644424595273e+00
6.526367328909999924e+04	1.766983515648343328e+00
6.526386828909999895e+04	1.790241871103965821e+00
6.526406328909999866e+04	1.724339570695223145e+00
6.526425928910000221e+04	1.806795268047507008e+00
6.526445428910000192e+04	1.780555447182232243e+00
6.526464928910000162e+04	1.787188809192507222e+00
6.526484428910000133e+04	1.750417737297347287e+00
6.526504028909999761e+04	1.761234929235534707e+00
6.526523528909999732e+04	1.779199888281720376e+00
6.526543028909999703e+04	1.767206624495274880e+00
6.526562628910000058e+04	1.714134638002626332e+00
6.526582128910000029e+04	1.751973515363774325e+00
6.526601628909999999e+04	1.769015262558415458e+00
6.526621228910000355e+04	1.795524090878155121e+00
6.526640728910000325e+04	1.753641338223161483e+00
6.526660228910000296e+04	1.785997087342277467e+00
6.526679828909999924e+04	1.789443679451734326e+00
6.526699328909999895e+04	1.773537643903406291e+00
6.526718828909999866e+04	1.749292953947787055e+00
6.526738428910000221e+04	1.789709805264541487e+00
6.526757928910000192e+04	1.784012040383132103e+00
6.526777428910000162e+04	1.795794203583945148e+00
6.526796928910000133e+04	1.749073824684689527e+00
6.526816528909999761e+04	1.799394371555290917e+00
6.526836028909999732e+04	1.757777890385135322e+00
6.526855528909999703e+04	1.788239721359975221e+00
6.526875128910000058e+04	1.787554502821890878e+00
6.526894628910000029e+04	1.759522423134544766e+00
6.526914128909999999e+04	1.754972521931597029e+00
6.526933728910000355e+04	1.753780178039409776e+00
6.526953228910000325e+04	1.752052618396513495e+00
6.526972728910000296e+04	1.738346564280687900e+00
6.526992328909999924e+04	1.784235071121763383e+00
6.527011828909999895e+04	1.780816380380931818e+00
6.527031328909999866e+04	1.785331305673453883e+00
6.527050928910000221e+04	1.772506541016504400e+00
6.527070428910000192e+04	1.753778057004639734e+00
6.527089928910000162e+04	1.777639871908744951e+00
6.527109428910000133e+04	1.761514724436072044e+00
6.527129028909999761e+04	1.781458725884208505e+00
6.527148528909999732e+04	1.785522463957585515e+00
6.527168028909999703e+04	1.780305721783646433e+00
6.527187628910000058e+04	1.733719384577184996e+00
6.527207128910000029e+04	1.761066273005734928e+00
6.527226628909999999e+04	1.769737953498196958e+00
6.527246228910000355e+04	1.734908617613521997e+00
6.527265728910000325e+04	1.754599059507313541e+00
6.527285228910000296e+04	1.754958205689902684e+00
6.527304828909999924e+04	1.746586352606559700e+00
6.527324328909999895e+04	1.787199045869996894e+00
6.527343828909999866e+04	1.722718018067791235e+00
6.527363428910000221e+04	1.755392372661814804e+00
6.527382928910000192e+04	1.793252353450775161e+00
6.527402428910000162e+04	1.758500053326832457e+00
6.527421928910000133e+04	1.700427385523680002e+00
6.527441528909999761e+04	1.736948346687551492e+00
6.527461028909999732e+04	1.780021036792408751e+00
6.527480528909999703e+04	1.739696147922554559e+00
6.527500128910000058e+04	1.762173868451192504e+00
6.527519628910000029e+04	1.791682004297022957e+00
6.527539128909999999e+04	1.755222524484542745e+00
6.527558728910000355e+04	1.784883410069022958e+00
6.527578228910000325e+04	1.756758446932153106e+00
6.527597728910000296e+04	1.785227518233341470e+00
6.527617328909999924e+04	1.799979659355601669e+00
6.527636828909999895e+04	1.744732882258253071e+00
6.527656328909999866e+04	1.766869398958599291e+00
6.527675928910000221e+04	1.771245259705276354e+00
6.527695428910000192e+04	1.738106635861074167e+00
6.527714928910000162e+04	1.766393317762888771e+00
6.527734428910000133e+04	1.772258846865945259e+00
6.527754028909999761e+04	1.720609049147018510e+00
6.527773528909999732e+04	1.746522613048693273e+00
6.527793028909999703e+04	1.763483088863440074e+00
6.527812628910000058e+04	1.767534747759002656e+00
6.527832128910000029e+04	1.753639217175507525e+00
6.527851628909999999e+04	1.795631889343669130e+00
6.527871228910000355e+04	1.792029097912637425e+00
6.527890728910000325e+04	1.730100622563384150e+00
6.527910228910000296e+04	1.753805895570344831e+00
6.527929828909999924e+04	1.787264789939209564e+00
6.527949328909999895e+04	1.776039576824517852e+00
6.527968828909999866e+04	1.757618486607361419e+00
6.527988428910000221e+04	1.768225601840834216e+00
6.528007928910000192e+04	1.778064250001094138e+00
6.528027428910000162e+04	1.794813419826372325e+00
6.528046928910000133e+04	1.799836866746911568e+00
6.528066528909999761e+04	1.789806336870844561e+00
6.528086028909999732e+04	1.772065634732545192e+00
6.528105528909999703e+04	1.769894358364323850e+00
6.528125128910000058e+04	1.779994289461894752e+00
6.528144628910000029e+04	1.771541269249667039e+00
6.528164128909999999e+04	1.796244972397103012e+00
6.528183728910000355e+04	1.801794873216621795e+00
6.528203228910000325e+04	1.797708277670091448e+00
6.528222728910000296e+04	1.790885892403050406e+00
6.528242328909999924e+04	1.780340678207533500e+00
6.528261828909999895e+04	1.791665505307820538e+00
6.528281328909999866e+04	1.851035268830429459e+00
6.528300928910000221e+04	1.815712322096175058e+00
6.528320428910000192e+04	1.851403194331084023e+00
6.528339928910000162e+04	1.793945605387017750e+00
6.528359428910000133e+04	1.784498168687635555e+00
6.528379028909999761e+04	1.763888384265239750e+00
6.528398528909999732e+04	1.772448083673136665e+00
6.528418028909999703e+04	1.822969412899041686e+00
6.528437628910000058e+04	1.823438146780825164e+00
6.528457128910000029e+04	1.756739978654440648e+00
6.528476628909999999e+04	1.800702516673599263e+00
6.528496228910000355e+04	1.717364327046359662e+00
6.528515728910000325e+04	1.788046644478050951e+00
6.528535228910000296e+04	1.752474467154526039e+00
6.528554828909999924e+04	1.773843954698211434e+00
6.528574328909999895e+04	1.835333178143873312e+00
6.528593828909999866e+04	1.788886887617479715e+00
6.528613428910000221e+04	1.743048936328882803e+00
6.528632928910000192e+04	1.782645477179109150e+00
6.528652428910000162e+04	1.753974693766508608e+00
6.528671928910000133e+04	1.784284319404141783e+00
6.528691528909999761e+04	1.747117567614630218e+00
6.528711028909999732e+04	1.779780574516907521e+00
6.528730528909999703e+04	1.795812728505289613e+00
6.528750128910000058e+04	1.799544311091489490e+00
6.528769628910000029e+04	1.760832767328196269e+00
6.528789128909999999e+04	1.818470133999259275e+00
6.528808728910000355e+04	1.814114697165598145e+00
6.528828228910000325e+04	1.763807025412038598e+00
6.528847728910000296e+04	1.737796750389739131e+00
6.528867328909999924e+04	1.806855841704400945e+00
6.528886828909999895e+04	1.756495029559410170e+00
6.528906328909999866e+04	1.768027144619194857e+00
6.528925928910000221e+04	1.787284380752719670e+00
6.528945428910000192e+04	1.755452994546386591e+00
6.528964928910000162e+04	1.790391870839012967e+00
6.528984428910000133e+04	1.822372468089007214e+00
6.529004028909999761e+04	1.835916486173134743e+00
6.529023528909999732e+04	1.824133564434383459e+00
6.529043028909999703e+04	1.782116323478897257e+00
6.529062628910000058e+04	1.779429145466821183e+00
6.529082128910000029e+04	1.755858344036091978e+00
6.529101628909999999e+04	1.774488438969077819e+00
6.529121228910000355e+04	1.759611837452734306e+00
6.529140728910000325e+04	1.797851083612995282e+00
6.529160228910000296e+04	1.738802624745328984e+00
6.529179828909999924e+04	1.768191686710178345e+00
6.529199328909999895e+04	1.763274431364935779e+00
6.529218828909999866e+04	1.792400889840086720e+00
6.529238428910000221e+04	1.769642396751294200e+00
6.529257928910000192e+04	1.797588228251441933e+00
6.529277428910000162e+04	1.819816221837287529e+00
6.529296928910000133e+04	1.783225016593263490e+00
6.529316528909999761e+04	1.825432096276378147e+00
6.529336028909999732e+04	1.790069370189069531e+00
6.529355528909999703e+04	1.752471462183571305e+00
6.529375128910000058e+04	1.760340127014892175e+00
6.529394628910000029e+04	1.774457623516616067e+00
6.529414128909999999e+04	1.749010003665368629e+00
6.529433728910000355e+04	1.745641645207179238e+00
6.529453228910000325e+04	1.766141405850330415e+00
6.529472728910000296e+04	1.796590055923449114e+00
6.529492328909999924e+04	1.805678461990714467e+00
6.529511828909999895e+04	1.785202895123408240e+00
6.529531328909999866e+04	1.765093539073365747e+00
6.529550928910000221e+04	1.784247427331631997e+00
6.529570428910000192e+04	1.772545659668738338e+00
6.529589928910000162e+04	1.809629184426778892e+00
6.529609428910000133e+04	1.797531775697901679e+00
6.529629028909999761e+04	1.802978538440244805e+00
6.529648528909999732e+04	1.786636110035807690e+00
6.529668028909999703e+04	1.784579277322047020e+00
6.529687628910000058e+04	1.762300465037615282e+00
6.529707128910000029e+04	1.798793721524255318e+00
6.529726628909999999e+04	1.811691956510969703e+00
6.529746228910000355e+04	1.819532029886987701e+00
6.529765728910000325e+04	1.751294367001882790e+00
6.529785228910000296e+04	1.797560443027716559e+00
6.529804828909999924e+04	1.800812319128809236e+00
6.529824328909999895e+04	1.801523773304054998e+00
6.529843828909999866e+04	1.837565941137004444e+00
6.529863428910000221e+04	1.743933098553089422e+00
6.529882928910000192e+04	1.790540810776304781e+00
6.529902428910000162e+04	1.811807876660205707e+00
6.529921928910000133e+04	1.781474084755569010e+00
6.529941528909999761e+04	1.798701373485805277e+00
6.529961028909999732e+04	1.793885085632599186e+00
6.529980528909999703e+04	1.776341704458975101e+00
6.530000128910000058e+04	1.762402236523076482e+00
6.530019628910000029e+04	1.770303425766927674e+00
6.530039128909999999e+04	1.805021543550285656e+00
6.530058728910000355e+04	1.843266523053696204e+00
6.530078228910000325e+04	1.786741920794217009e+00
6.530097728910000296e+04	1.774409325288237582e+00
6.530117328909999924e+04	1.809637383343629224e+00
6.530136828909999895e+04	1.802551537108698199e+00
6.530156328909999866e+04	1.796736926545223767e+00
6.530175928910000221e+04	1.762605866476249616e+00
6.530195428910000192e+04	1.809035857126817248e+00
6.530214928910000162e+04	1.750987753719510209e+00
6.530234428910000133e+04	1.783282563718293190e+00
6.530254028909999761e+04	1.802519701290350440e+00
6.530273528909999732e+04	1.794952009477416510e+00
6.530293028909999703e+04	1.742881118479530755e+00
6.530312628910000058e+04	1.799440588317482437e+00
6.530332128910000029e+04	1.771758240395495676e+00
6.530351628909999999e+04	1.822559174723863862e+00
6.530371228910000355e+04	1.781012696219946179e+00
6.530390728910000325e+04	1.780295393739068643e+00
6.530410228910000296e+04	1.785787488236438847e+00
6.530429828909999924e+04	1.733542210543372875e+00
6.530449328909999895e+04	1.799572005697914534e+00
6.530468828909999866e+04	1.789367705962606081e+00
6.530488428910000221e+04	1.790040516967501105e+00
6.530507928910000192e+04	1.761043655836772359e+00
6.530527428910000162e+04	1.782029027385721776e+00
6.530546928910000133e+04	1.764111523346137744e+00
6.530566528909999761e+04	1.795766416173700364e+00
6.530586028909999732e+04	1.747381004662219794e+00
6.530605528909999703e+04	1.792233522463430262e+00
6.530625128910000058e+04	1.809028715946327637e+00
6.530644628910000029e+04	1.784591545088220599e+00
6.530664128909999999e+04	1.773283779867965038e+00
6.530683728910000355e+04	1.795686405885854597e+00
6.530703228910000325e+04	1.774896541124091343e+00
6.530722728910000296e+04	1.809779938232644270e+00
6.530742328909999924e+04	1.780035337332499523e+00
6.530761828909999895e+04	1.782873640584625718e+00
6.530781328909999866e+04	1.764002515848918762e+00
6.530800928910000221e+04	1.749098486776020422e+00
6.530820428910000192e+04	1.800648012125884989e+00
6.530839928910000162e+04	1.765716717766586896e+00
6.530859428910000133e+04	1.793409479464148859e+00
6.530879028909999761e+04	1.799356357316156618e+00
6.530898528909999732e+04	1.758413550489819954e+00
6.530918028909999703e+04	1.797551181278951304e+00
6.530937628910000058e+04	1.806065373680995734e+00
6.530957128910000029e+04	1.835991335909126221e+00
6.530976628909999999e+04	1.810969535898951932e+00
6.530996228910000355e+04	1.777538080025983902e+00
6.531015728910000325e+04	1.759926728570061272e+00
6.531035228910000296e+04	1.837720736503513308e+00
6.531054828909999924e+04	1.768729376913642071e+00
6.531074328909999895e+04	1.787011078559714861e+00
6.531093828909999866e+04	1.780927426148410930e+00
6.531113428910000221e+04	1.728704997649863628e+00
6.531132928910000192e+04	1.808072130179144921e+00
6.531152428910000162e+04	1.762870185166136139e+00
6.531171928910000133e+04	1.802504268398417153e+00
6.531191528909999761e+04	1.804802860458529778e+00
6.531211028909999732e+04	1.749754011323807035e+00
6.531230528909999703e+04	1.758431045472034882e+00
6.531250128910000058e+04	1.800816464271374429e+00
6.531269628910000029e+04	1.773135698568831131e+00
6.531289128909999999e+04	1.757716125971260368e+00
6.531308728910000355e+04	1.748687890428328728e+00
6.531328228910000325e+04	1.797773991448570641e+00
6.531347728910000296e+04	1.751327334976785721e+00
6.531367328909999924e+04	1.773217907208293198e+00
6.531386828909999895e+04	1.805448498602522989e+00
6.531406328909999866e+04	1.772612505607838784e+00
6.531425928910000221e+04	1.751302586903559444e+00
6.531445428910000192e+04	1.759381497683623508e+00
6.531464928910000162e+04	1.732077884963420189e+00
6.531484428910000133e+04	1.765863787225121939e+00
6.531504028909999761e+04	1.755511672135757095e+00
6.531523528909999732e+04	1.745007663306401113e+00
6.531543028909999703e+04	1.711357913550168419e+00
6.531562628910000058e+04	1.743140537122346956e+00
6.531582128910000029e+04	1.745104384035213840e+00
6.531601628909999999e+04	1.800628609181003981e+00
6.531621228910000355e+04	1.756940566326088415e+00
6.531640728910000325e+04	1.732480552876896951e+00
6.531660228910000296e+04	1.758478405558708602e+00
6.531679828909999924e+04	1.731677333051081291e+00
6.531699328909999895e+04	1.773407136066625256e+00
6.531718828909999866e+04	1.749008942926700172e+00
6.531738428910000221e+04	1.790131929495172969e+00
6.531757928910000192e+04	1.799837925126546168e+00
6.531777428910000162e+04	1.765931624349928342e+00
6.531796928910000133e+04	1.735790087322691022e+00
6.531816528909999761e+04	1.822367357645189756e+00
6.531836028909999732e+04	1.796677384515296794e+00
6.531855528909999703e+04	1.792704918316058382e+00
6.531875128910000058e+04	1.743460606512577726e+00
6.531894628910000029e+04	1.729847160399920369e+00
6.531914128909999999e+04	1.743488457642715872e+00
6.531933728910000355e+04	1.737477486139679783e+00
6.531953228910000325e+04	1.736258580933620621e+00
6.531972728910000296e+04	1.765212876238489770e+00
6.531992328909999924e+04	1.757684227546221223e+00
6.532011828909999895e+04	1.746339438184760340e+00
6.532031328909999866e+04	1.765564524170757821e+00
6.532050928910000221e+04	1.742687569388854385e+00
6.532070428910000192e+04	1.787506232304627574e+00
6.532089928910000162e+04	1.730327099469612051e+00
6.532109428910000133e+04	1.789604008272476676e+00
6.532129028909999761e+04	1.708915927652949307e+00
6.532148528909999732e+04	1.742154483046839175e+00
6.532168028909999703e+04	1.799051447308748664e+00
6.532187628910000058e+04	1.789701510939272211e+00
6.532207128910000029e+04	1.711943335223642393e+00
6.532226628909999999e+04	1.757272813397968036e+00
6.532246228910000355e+04	1.723958440045972651e+00
6.532265728910000325e+04	1.800534063685969244e+00
6.532285228910000296e+04	1.749285794049429299e+00
6.532304828909999924e+04	1.747717457095623317e+00
6.532324328909999895e+04	1.781651858525856724e+00
6.532343828909999866e+04	1.707485094703590889e+00
6.532363428910000221e+04	1.781268504522820706e+00
6.532382928910000192e+04	1.801854401880799372e+00
6.532402428910000162e+04	1.772186878186495562e+00
6.532421928910000133e+04	1.833774974920531875e+00
6.532441528909999761e+04	1.760850260458241223e+00
6.532461028909999732e+04	1.763519131117231353e+00
6.532480528909999703e+04	1.727709031227373515e+00
6.532500128910000058e+04	1.719417922475546590e+00
6.532519628910000029e+04	1.787431223071465070e+00
6.532539128909999999e+04	1.779412549336674587e+00
6.532558728910000355e+04	1.750452651101303658e+00
6.532578228910000325e+04	1.792380332922199671e+00
6.532597728910000296e+04	1.751536189970547497e+00
6.532617328909999924e+04	1.752276933664392189e+00
6.532636828909999895e+04	1.731804983195798897e+00
6.532656328909999866e+04	1.768410721041268729e+00
6.532675928910000221e+04	1.763798810006846907e+00
6.532695428910000192e+04	1.721031477988706371e+00
6.532714928910000162e+04	1.768335649027306999e+00
6.532734428910000133e+04	1.747304802714113592e+00
6.532754028909999761e+04	1.744096753232069474e+00
6.532773528909999732e+04	1.758683130774297609e+00
6.532793028909999703e+04	1.732534070376869906e+00
6.532812628910000058e+04	1.726794335435348771e+00
6.532832128910000029e+04	1.727812991727075698e+00
6.532851628909999999e+04	1.726077364637069067e+00
6.532871228910000355e+04	1.773433802816517968e+00
6.532890728910000325e+04	1.735914618937176357e+00
6.532910228910000296e+04	1.724783521941795073e+00
6.532929828909999924e+04	1.745921631340126012e+00
6.532949328909999895e+04	1.731853371526115737e+00
6.532968828909999866e+04	1.777207098771615534e+00
6.532988428910000221e+04	1.746210808240748591e+00
6.533007928910000192e+04	1.729817346341418371e+00
6.533027428910000162e+04	1.722846780127051503e+00
6.533046928910000133e+04	1.683200278104955316e+00
6.533066528909999761e+04	1.719336493810120103e+00
6.533086028909999732e+04	1.735727290583916727e+00
6.533105528909999703e+04	1.746831407892939225e+00
6.533125128910000058e+04	1.754598087401229023e+00
6.533144628910000029e+04	1.740519778420422270e+00
6.533164128909999999e+04	1.675265781984219160e+00
6.533183728910000355e+04	1.735673692104368726e+00
6.533203228910000325e+04	1.737622703284408487e+00
6.533222728910000296e+04	1.738084968777089401e+00
6.533242328909999924e+04	1.780983919813202476e+00
6.533261828909999895e+04	1.690220927452397603e+00
6.533281328909999866e+04	1.700370603987110485e+00
6.533300928910000221e+04	1.789227935258857372e+00
6.533320428910000192e+04	1.762784847313781711e+00
6.533339928910000162e+04	1.752828520673357815e+00
6.533359428910000133e+04	1.766218516629148638e+00
6.533379028909999761e+04	1.725960920018662748e+00
6.533398528909999732e+04	1.736247260075936438e+00
6.533418028909999703e+04	1.728212638035422799e+00
6.533437628910000058e+04	1.788758585321870598e+00
6.533457128910000029e+04	1.776456921571391234e+00
6.533476628909999999e+04	1.694663032319185803e+00
6.533496228910000355e+04	1.742195598955746050e+00
6.533515728910000325e+04	1.748287540840463450e+00
6.533535228910000296e+04	1.762484572150047057e+00
6.533554828909999924e+04	1.748488202693588178e+00
6.533574328909999895e+04	1.793438240200577738e+00
6.533593828909999866e+04	1.812729486970162895e+00
6.533613428910000221e+04	1.745129050407905780e+00
6.533632928910000192e+04	1.746415554944903192e+00
6.533652428910000162e+04	1.783279562798181672e+00
6.533671928910000133e+04	1.779557500236002454e+00
6.533691528909999761e+04	1.777474338477109228e+00
6.533711028909999732e+04	1.761123876006822186e+00
6.533730528909999703e+04	1.764622544264542015e+00
6.533750128910000058e+04	1.772297965942556175e+00
6.533769628910000029e+04	1.738670857191237928e+00
6.533789128909999999e+04	1.809336578139848939e+00
6.533808728910000355e+04	1.795315637898919903e+00
6.533828228910000325e+04	1.743717985030164286e+00
6.533847728910000296e+04	1.725978439839524370e+00
6.533867328909999924e+04	1.729079944733438623e+00
6.533886828909999895e+04	1.782557123928437903e+00
6.533906328909999866e+04	1.752730772047147667e+00
6.533925928910000221e+04	1.755361443066918881e+00
6.533945428910000192e+04	1.823711012416806554e+00
6.533964928910000162e+04	1.754058031892725467e+00
6.533984428910000133e+04	1.740213020644979736e+00
6.534004028909999761e+04	1.763617805329909416e+00
6.534023528909999732e+04	1.762870185166136139e+00
6.534043028909999703e+04	1.722840585405382541e+00
6.534062628910000058e+04	1.749442162183651561e+00
6.534082128910000029e+04	1.715468121703253246e+00
6.534101628909999999e+04	1.722068975470421037e+00
6.534121228910000355e+04	1.726664445315879703e+00
6.534140728910000325e+04	1.780504072296986706e+00
6.534160228910000296e+04	1.742668117128365779e+00
6.534179828909999924e+04	1.742440612871877903e+00
6.534199328909999895e+04	1.748602411208658225e+00
6.534218828909999866e+04	1.755345978253775030e+00
6.534238428910000221e+04	1.755396437691171485e+00
6.534257928910000192e+04	1.767154159665505375e+00
6.534277428910000162e+04	1.765387685068377621e+00
6.534296928910000133e+04	1.798368670478552644e+00
6.534316528909999761e+04	1.724189225278456306e+00
6.534336028909999732e+04	1.783859968708608079e+00
6.534355528909999703e+04	1.791097474004210710e+00
6.534375128910000058e+04	1.768308888002668056e+00
6.534394628910000029e+04	1.797777166874677590e+00
6.534414128909999999e+04	1.734849975588456772e+00
6.534433728910000355e+04	1.754312109670506103e+00
6.534453228910000325e+04	1.758889886359671806e+00
6.534472728910000296e+04	1.757514484762733531e+00
6.534492328909999924e+04	1.768673912741045129e+00
6.534511828909999895e+04	1.816702430159701009e+00
6.534531328909999866e+04	1.728197243332282085e+00
6.534550928910000221e+04	1.750662574747870792e+00
6.534570428910000192e+04	1.768854877354716137e+00
6.534589928910000162e+04	1.796887853868120999e+00
6.534609428910000133e+04	1.794503332355724012e+00
6.534629028909999761e+04	1.775554327813175348e+00
6.534648528909999732e+04	1.802500123562802870e+00
6.534668028909999703e+04	1.743830183827839164e+00
6.534687628910000058e+04	1.771469386616438157e+00
6.534707128910000029e+04	1.791840023423247885e+00
6.534726628909999999e+04	1.789487886905597236e+00
6.534746228910000355e+04	1.763132468971509326e+00
6.534765728910000325e+04	1.789223876248350109e+00
6.534785228910000296e+04	1.756482746689346897e+00
6.534804828909999924e+04	1.735123813983550534e+00
6.534824328909999895e+04	1.716483209925725006e+00
6.534843828909999866e+04	1.785144293779977076e+00
6.534863428910000221e+04	1.785701176971198123e+00
6.534882928910000192e+04	1.717264390913278760e+00
6.534902428910000162e+04	1.764342875459892213e+00
6.534921928910000133e+04	1.778610977193928022e+00
6.534941528909999761e+04	1.745960707123986211e+00
6.534961028909999732e+04	1.777272871635586782e+00
6.534980528909999703e+04	1.752102024509376577e+00
6.535000128910000058e+04	1.775609951858649893e+00
6.535019628910000029e+04	1.716606872871963674e+00
6.535039128909999999e+04	1.762312833124283884e+00
6.535058728910000355e+04	1.772140694484974688e+00
6.535078228910000325e+04	1.736544784506289574e+00
6.535097728910000296e+04	1.713450204857615233e+00
6.535117328909999924e+04	1.703441477180092534e+00
