# time(sec)	crack length FEA(mm)
3.334081798439999693e+04	2.758844046740412281e+00
3.334101398440000048e+04	2.720796622289910260e+00
3.334120898440000019e+04	2.744556492434142569e+00
3.334140398439999990e+04	2.760242754937396015e+00
3.334159998440000345e+04	2.741294298643222049e+00
3.334179498440000316e+04	2.717211679576227112e+00
3.334198998440000287e+04	2.730811942652596969e+00
3.334218598439999914e+04	2.749746919536280032e+00
3.334238098439999885e+04	2.770451946451512271e+00
3.334257598439999856e+04	2.744991304092025075e+00
3.334277198440000211e+04	2.803476429807677306e+00
3.334296698440000182e+04	2.749841267894677088e+00
3.334316198440000153e+04	2.749244350297432860e+00
3.334335698440000124e+04	2.777081472764688641e+00
3.334355298439999751e+04	2.765392858674040610e+00
3.334374798439999722e+04	2.738747543161000664e+00
3.334394298439999693e+04	2.768991689399946665e+00
3.334413898440000048e+04	2.768990746759742549e+00
3.334433398440000019e+04	2.747446578339694412e+00
3.334452898439999990e+04	2.755176622063761016e+00
3.334472498440000345e+04	2.785368285615948736e+00
3.334491998440000316e+04	2.740602912335754482e+00
3.334511498440000287e+04	2.791714476974039627e+00
3.334531098439999914e+04	2.756129201945205054e+00
3.334550598439999885e+04	2.784305458973379999e+00
3.334570098439999856e+04	2.743846965351380618e+00
3.334589698440000211e+04	2.760013205809350723e+00
3.334609198440000182e+04	2.746740763896124093e+00
3.334628698440000153e+04	2.746276734881853088e+00
3.334648198440000124e+04	2.778681883586163082e+00
3.334667798439999751e+04	2.743347089375600234e+00
3.334687298439999722e+04	2.740999341334799055e+00
3.334706798439999693e+04	2.747558314440432525e+00
3.334726398440000048e+04	2.763804970434319941e+00
3.334745898440000019e+04	2.745492085490738532e+00
3.334765398439999990e+04	2.763008232118114194e+00
3.334784998440000345e+04	2.740995723166683717e+00
3.334804498440000316e+04	2.751978304447714407e+00
3.334823998440000287e+04	2.778438005715436532e+00
3.334843598439999914e+04	2.772153621407451141e+00
3.334863098439999885e+04	2.750530312839785552e+00
3.334882598439999856e+04	2.740948136333681617e+00
3.334902198440000211e+04	2.763763719916230599e+00
3.334921698440000182e+04	2.739272304720030249e+00
3.334941198440000153e+04	2.749144652749112794e+00
3.334960698440000124e+04	2.766322123421600665e+00
3.334980298439999751e+04	2.788060125304950176e+00
3.334999798439999722e+04	2.762582978614089413e+00
3.335019298439999693e+04	2.765207048035493997e+00
3.335038898440000048e+04	2.779204021019470616e+00
3.335058398440000019e+04	2.774479588351329795e+00
3.335077898439999990e+04	2.754687071214966920e+00
3.335097498440000345e+04	2.752600538198084479e+00
3.335116998440000316e+04	2.771794211254633211e+00
3.335136498440000287e+04	2.748871897391458319e+00
3.335156098439999914e+04	2.756737639341855228e+00
3.335175598439999885e+04	2.771123128625143650e+00
3.335195098439999856e+04	2.796700673231297785e+00
3.335214698440000211e+04	2.787971438749913489e+00
3.335234198440000182e+04	2.773836077222583185e+00
3.335253698440000153e+04	2.735609011255156986e+00
3.335273198440000124e+04	2.750123917371203319e+00
3.335292798439999751e+04	2.773704451137284366e+00
3.335312298439999722e+04	2.818121666224165267e+00
3.335331798439999693e+04	2.785322602423399019e+00
3.335351398440000048e+04	2.808829660480858692e+00
3.335370898440000019e+04	2.766330372547988858e+00
3.335390398439999990e+04	2.784872123253274268e+00
3.335409998440000345e+04	2.782488719723900772e+00
3.335429498440000316e+04	2.769257669389846299e+00
3.335448998440000287e+04	2.805143488441705912e+00
3.335468598439999914e+04	2.814628593260666278e+00
3.335488098439999885e+04	2.771612383238554855e+00
3.335507598439999856e+04	2.767802751522498994e+00
3.335527198440000211e+04	2.794734422388058803e+00
3.335546698440000182e+04	2.819363299517629429e+00
3.335566198440000153e+04	2.762131078599425749e+00
3.335585698440000124e+04	2.781857146373711842e+00
3.335605298439999751e+04	2.798857912336291776e+00
3.335624798439999722e+04	2.763195711862419301e+00
3.335644298439999693e+04	2.761481539150331344e+00
3.335663898440000048e+04	2.789043265736152577e+00
3.335683398440000019e+04	2.773552561798611649e+00
3.335702898439999990e+04	2.791504332938899324e+00
3.335722498440000345e+04	2.771402120582850515e+00
3.335741998440000316e+04	2.809005762829681174e+00
3.335761498440000287e+04	2.752742434842240016e+00
3.335781098439999914e+04	2.754035498509264102e+00
3.335800598439999885e+04	2.756939085619576346e+00
3.335820098439999856e+04	2.790909593744233419e+00
3.335839698440000211e+04	2.827037364516677087e+00
3.335859198440000182e+04	2.799685166351792986e+00
3.335878698440000153e+04	2.782670612537396337e+00
3.335898198440000124e+04	2.769836514030121322e+00
3.335917798439999751e+04	2.741116538190029317e+00
3.335937298439999722e+04	2.739846530690403625e+00
3.335956798439999693e+04	2.759644476087160569e+00
3.335976398440000048e+04	2.762864674643436658e+00
3.335995898440000019e+04	2.731620735156084834e+00
3.336015398439999990e+04	2.763848028033390136e+00
3.336034998440000345e+04	2.737374811428454180e+00
3.336054498440000316e+04	2.756437627862444728e+00
3.336073998440000287e+04	2.769090430732051189e+00
3.336093598439999914e+04	2.753460865565372728e+00
3.336113098439999885e+04	2.750363871671034133e+00
3.336132598439999856e+04	2.765793387085579980e+00
3.336152198440000211e+04	2.761755077334191455e+00
3.336171698440000182e+04	2.782529855739104718e+00
3.336191198440000153e+04	2.760062636486285470e+00
3.336210698440000124e+04	2.765412028897831220e+00
3.336230298439999751e+04	2.778772493009036282e+00
3.336249798439999722e+04	2.760017685223555617e+00
3.336269298439999693e+04	2.773794845988009072e+00
3.336288898440000048e+04	2.778492811737445223e+00
3.336308398440000019e+04	2.807628346622944804e+00
3.336327898439999990e+04	2.768205984418358412e+00
3.336347498440000345e+04	2.759250277205076429e+00
3.336366998440000316e+04	2.787764083442771934e+00
3.336386498440000287e+04	2.742473615493510763e+00
3.336406098439999914e+04	2.782065657917826229e+00
3.336425598439999885e+04	2.776370271597421890e+00
3.336445098439999856e+04	2.760724085005005435e+00
3.336464698440000211e+04	2.780080476666043410e+00
3.336484198440000182e+04	2.765804386191096143e+00
3.336503698440000153e+04	2.791946433418342366e+00
3.336523198440000124e+04	2.788762776689626577e+00
3.336542798439999751e+04	2.775813434168309612e+00
3.336562298439999722e+04	2.818648015316130184e+00
3.336581798439999693e+04	2.798986638486862688e+00
3.336601398440000048e+04	2.777551196539329581e+00
3.336620898440000019e+04	2.777403103527870343e+00
3.336640398439999990e+04	2.787536555382342129e+00
3.336659998440000345e+04	2.811869770753038011e+00
3.336679498440000316e+04	2.789165615571814527e+00
3.336698998440000287e+04	2.790015295893049085e+00
3.336718598439999914e+04	2.783027014351713291e+00
3.336738098439999885e+04	2.750760120609520243e+00
3.336757598439999856e+04	2.776387625909112700e+00
3.336777198440000211e+04	2.800763623518587764e+00
3.336796698440000182e+04	2.756166851523683903e+00
3.336816198440000153e+04	2.736280339231903724e+00
3.336835698440000124e+04	2.780423182042298436e+00
3.336855298439999751e+04	2.788809394317762980e+00
3.336874798439999722e+04	2.773390775694245747e+00
3.336894298439999693e+04	2.758097345388158317e+00
3.336913898440000048e+04	2.794160643554130630e+00
3.336933398440000019e+04	2.794628345468401776e+00
3.336952898439999990e+04	2.772129823237801105e+00
3.336972498440000345e+04	2.746698694232563298e+00
3.336991998440000316e+04	2.837973981514725352e+00
3.337011498440000287e+04	2.794392808891165814e+00
3.337031098439999914e+04	2.755953607840815778e+00
3.337050598439999885e+04	2.752833939992513024e+00
3.337070098439999856e+04	2.763895642723008805e+00
3.337089698440000211e+04	2.785315302522784364e+00
3.337109198440000182e+04	2.769415873289315044e+00
3.337128698440000153e+04	2.783248231704071429e+00
3.337148198440000124e+04	2.783671348668800505e+00
3.337167798439999751e+04	2.789386769563467539e+00
3.337187298439999722e+04	2.776379380649654394e+00
3.337206798439999693e+04	2.823164711497510027e+00
3.337226398440000048e+04	2.766715328252091766e+00
3.337245898440000019e+04	2.787660797461594342e+00
3.337265398439999990e+04	2.795842314200145395e+00
3.337284998440000345e+04	2.773213437872943388e+00
3.337304498440000316e+04	2.772699479765945441e+00
3.337323998440000287e+04	2.784590637647529121e+00
3.337343598439999914e+04	2.805133372139307468e+00
3.337363098439999885e+04	2.769366621257006500e+00
3.337382598439999856e+04	2.734687622158924469e+00
3.337402198440000211e+04	2.795481496582635117e+00
3.337421698440000182e+04	2.788477575052468183e+00
3.337441198440000153e+04	2.746888989998183206e+00
3.337460698440000124e+04	2.789638056743621419e+00
3.337480298439999751e+04	2.822426752411001161e+00
3.337499798439999722e+04	2.789597797627898501e+00
3.337519298439999693e+04	2.813685978752570094e+00
3.337538898440000048e+04	2.774530870504140267e+00
3.337558398440000019e+04	2.777960841922199720e+00
3.337577898439999990e+04	2.780360137226232098e+00
3.337597498440000345e+04	2.788653138534765930e+00
3.337616998440000316e+04	2.806650607235077644e+00
3.337636498440000287e+04	2.774021577529762084e+00
3.337656098439999914e+04	2.773196002454390907e+00
3.337675598439999885e+04	2.811145141632271915e+00
3.337695098439999856e+04	2.742980826106844461e+00
3.337714698440000211e+04	2.770357688642414828e+00
3.337734198440000182e+04	2.835924834726215593e+00
3.337753698440000153e+04	2.806550235277331495e+00
3.337773198440000124e+04	2.780155534715282428e+00
3.337792798439999751e+04	2.772388617097279351e+00
3.337812298439999722e+04	2.769129707189676992e+00
3.337831798439999693e+04	2.815430703936627310e+00
3.337851398440000048e+04	2.784760581295701698e+00
3.337870898440000019e+04	2.738934526825644866e+00
3.337890398439999990e+04	2.810440637168047928e+00
3.337909998440000345e+04	2.738029564266364346e+00
3.337929498440000316e+04	2.760027822841726319e+00
3.337948998440000287e+04	2.791379171490326883e+00
3.337968598439999914e+04	2.762766690418851923e+00
3.337988098439999885e+04	2.806971088608328557e+00
3.338007598439999856e+04	2.777282571080046836e+00
3.338027198440000211e+04	2.786836689352496066e+00
3.338046698440000182e+04	2.760995746859272515e+00
3.338066198440000153e+04	2.781424965197116350e+00
3.338085698440000124e+04	2.755071449749548762e+00
3.338105298439999751e+04	2.798635051887590208e+00
3.338124798439999722e+04	2.778468156896742869e+00
3.338144298439999693e+04	2.765325055654956898e+00
3.338163898440000048e+04	2.775327966300618954e+00
3.338183398440000019e+04	2.748409644240146221e+00
3.338202898439999990e+04	2.751895050327071601e+00
3.338222498440000345e+04	2.792055113093940832e+00
3.338241998440000316e+04	2.750600757083914161e+00
3.338261498440000287e+04	2.761013113612403203e+00
3.338281098439999914e+04	2.735356146554060786e+00
3.338300598439999885e+04	2.756688358205039435e+00
3.338320098439999856e+04	2.773181394390089594e+00
3.338339698440000211e+04	2.742665836275691049e+00
3.338359198440000182e+04	2.773817699882105359e+00
3.338378698440000153e+04	2.763518729491112325e+00
3.338398198440000124e+04	2.770727176883651666e+00
3.338417798439999751e+04	2.744093124042928267e+00
3.338437298439999722e+04	2.761923316123169769e+00
3.338456798439999693e+04	2.758525517069845279e+00
3.338476398440000048e+04	2.742772878281801496e+00
3.338495898440000019e+04	2.779429753190633789e+00
3.338515398439999990e+04	2.790116687101019011e+00
3.338534998440000345e+04	2.697331429005640047e+00
3.338554498440000316e+04	2.756106329204540017e+00
3.338573998440000287e+04	2.763753819780090382e+00
3.338593598439999914e+04	2.789316452573050498e+00
3.338613098439999885e+04	2.779914264548468239e+00
3.338632598439999856e+04	2.742461660625385989e+00
3.338652198440000211e+04	2.766109923375577040e+00
3.338671698440000182e+04	2.747294738977164030e+00
3.338691198440000153e+04	2.789047739090751321e+00
3.338710698440000124e+04	2.777662776017045587e+00
3.338730298439999751e+04	2.786102029117593304e+00
3.338749798439999722e+04	2.771935038546510910e+00
3.338769298439999693e+04	2.775718336103505379e+00
3.338788898440000048e+04	2.803219893428025244e+00
3.338808398440000019e+04	2.757917994873634981e+00
3.338827898439999990e+04	2.754027401872811254e+00
3.338847498440000345e+04	2.748851611613922330e+00
3.338866998440000316e+04	2.811550381909690088e+00
3.338886498440000287e+04	2.759341676035489854e+00
3.338906098439999914e+04	2.788697872853251880e+00
3.338925598439999885e+04	2.788068366072398163e+00
3.338945098439999856e+04	2.756002104655085105e+00
3.338964698440000211e+04	2.747172857821666980e+00
3.338984198440000182e+04	2.777949770528273632e+00
3.339003698440000153e+04	2.799303469390288512e+00
3.339023198440000124e+04	2.765600430431831569e+00
3.339042798439999751e+04	2.809675738261699252e+00
3.339062298439999722e+04	2.787869095578860978e+00
3.339081798439999693e+04	2.774580110679412570e+00
3.339101398440000048e+04	2.750876320796933783e+00
3.339120898440000019e+04	2.793881163051219474e+00
3.339140398439999990e+04	2.820803826679387782e+00
3.339159998440000345e+04	2.765314213437367385e+00
3.339179498440000316e+04	2.745048082971697667e+00
3.339198998440000287e+04	2.773067042747287658e+00
3.339218598439999914e+04	2.797053232999708428e+00
3.339238098439999885e+04	2.754289951441046824e+00
3.339257598439999856e+04	2.804440511678317094e+00
3.339277198440000211e+04	2.788277602020201584e+00
3.339296698440000182e+04	2.770588226801509180e+00
3.339316198440000153e+04	2.792173914650028621e+00
3.339335698440000124e+04	2.824707855349560148e+00
3.339355298439999751e+04	2.814552950469265014e+00
3.339374798439999722e+04	2.754307402226716661e+00
3.339394298439999693e+04	2.811139732104805944e+00
3.339413898440000048e+04	2.811320440941553755e+00
3.339433398440000019e+04	2.773771992069555381e+00
3.339452898439999990e+04	2.798384733144324343e+00
3.339472498440000345e+04	2.775362755127106951e+00
3.339491998440000316e+04	2.746580584194738606e+00
3.339511498440000287e+04	2.769469838304946308e+00
3.339531098439999914e+04	2.795772724495719785e+00
3.339550598439999885e+04	2.790434590943212001e+00
3.339570098439999856e+04	2.791156390149748034e+00
3.339589698440000211e+04	2.763667782690363950e+00
3.339609198440000182e+04	2.789671723665351877e+00
3.339628698440000153e+04	2.763585359620631010e+00
3.339648198440000124e+04	2.799670576334079897e+00
3.339667798439999751e+04	2.804599397111742221e+00
3.339687298439999722e+04	2.793945188103839072e+00
3.339706798439999693e+04	2.781992490694339182e+00
3.339726398440000048e+04	2.770906420374700474e+00
3.339745898440000019e+04	2.775976144329979078e+00
3.339765398439999990e+04	2.790879460061471917e+00
3.339784998440000345e+04	2.726094324624641629e+00
3.339804498440000316e+04	2.795088662140576830e+00
3.339823998440000287e+04	2.776510990317293093e+00
3.339843598439999914e+04	2.770219678753090164e+00
3.339863098439999885e+04	2.781381942870144286e+00
3.339882598439999856e+04	2.743557626977317199e+00
3.339902198440000211e+04	2.753911926210950156e+00
3.339921698440000182e+04	2.779530330829116380e+00
3.339941198440000153e+04	2.768859090937516143e+00
3.339960698440000124e+04	2.777362114719363007e+00
3.339980298439999751e+04	2.749029150831050927e+00
3.339999798439999722e+04	2.783688775570620777e+00
3.340019298439999693e+04	2.755196823263943884e+00
3.340038898440000048e+04	2.754725509378060266e+00
3.340058398440000019e+04	2.783722451840747070e+00
3.340077898439999990e+04	2.758785339554627569e+00
3.340097498440000345e+04	2.752113758762595452e+00
3.340116998440000316e+04	2.735705231236099877e+00
3.340136498440000287e+04	2.732511174383539299e+00
3.340156098439999914e+04	2.743146616652701653e+00
3.340175598439999885e+04	2.722775324792149121e+00
3.340195098439999856e+04	2.738815430140235208e+00
3.340214698440000211e+04	2.755066812094536743e+00
3.340234198440000182e+04	2.750801317500267018e+00
3.340253698440000153e+04	2.737515864638336183e+00
3.340273198440000124e+04	2.734976135825180066e+00
3.340292798439999751e+04	2.736157687531406424e+00
3.340312298439999722e+04	2.746080771813659283e+00
3.340331798439999693e+04	2.744122615709773783e+00
3.340351398440000048e+04	2.752312261075914535e+00
3.340370898440000019e+04	2.764770052784072618e+00
3.340390398439999990e+04	2.695964329442590568e+00
3.340409998440000345e+04	2.740107444462953623e+00
3.340429498440000316e+04	2.757611476502967562e+00
3.340448998440000287e+04	2.766917387951465912e+00
3.340468598439999914e+04	2.715005112719250491e+00
3.340488098439999885e+04	2.763802141829899028e+00
3.340507598439999856e+04	2.741414168136490304e+00
3.340527198440000211e+04	2.733572948996149776e+00
3.340546698440000182e+04	2.720790953747327379e+00
3.340566198440000153e+04	2.734399104621026311e+00
3.340585698440000124e+04	2.731266390520749709e+00
3.340605298439999751e+04	2.752036008247538135e+00
3.340624798439999722e+04	2.731538425108507084e+00
3.340644298439999693e+04	2.771605078668342159e+00
3.340663898440000048e+04	2.692127554018073354e+00
3.340683398440000019e+04	2.710339953178241501e+00
3.340702898439999990e+04	2.763238849258314644e+00
3.340722498440000345e+04	2.748385819730954083e+00
3.340741998440000316e+04	2.732194299962539930e+00
3.340761498440000287e+04	2.739829068154193692e+00
3.340781098439999914e+04	2.752850369999686464e+00
3.340800598439999885e+04	2.713432714126691181e+00
3.340820098439999856e+04	2.736029370603134225e+00
3.340839698440000211e+04	2.740949080205774990e+00
3.340859198440000182e+04	2.710515132498464652e+00
3.340878698440000153e+04	2.737958292126471349e+00
3.340898198440000124e+04	2.766350406127440209e+00
3.340917798439999751e+04	2.747908852214999698e+00
3.340937298439999722e+04	2.728446297875660065e+00
3.340956798439999693e+04	2.754537955644742908e+00
3.340976398440000048e+04	2.755031204303200809e+00
3.340995898440000019e+04	2.737726459370284360e+00
3.341015398439999990e+04	2.725503359087500854e+00
3.341034998440000345e+04	2.772225879714543595e+00
3.341054498440000316e+04	2.732935292511600167e+00
3.341073998440000287e+04	2.733247671015003988e+00
3.341093598439999914e+04	2.690670089355716499e+00
3.341113098439999885e+04	2.758593341572899149e+00
3.341132598439999856e+04	2.728467547340137855e+00
3.341152198440000211e+04	2.761261040162224845e+00
3.341171698440000182e+04	2.746556836292484149e+00
3.341191198440000153e+04	2.736730187266044112e+00
3.341210698440000124e+04	2.754231310408721711e+00
3.341230298439999751e+04	2.706480132821301510e+00
3.341249798439999722e+04	2.747343098082739132e+00
3.341269298439999693e+04	2.765058869772680339e+00
3.341288898440000048e+04	2.726585392986514478e+00
3.341308398440000019e+04	2.752321458960409473e+00
3.341327898439999990e+04	2.725425512257240612e+00
3.341347498440000345e+04	2.733510710653305864e+00
3.341366998440000316e+04	2.696382626189679499e+00
3.341386498440000287e+04	2.745027085813456225e+00
3.341406098439999914e+04	2.730545328766982749e+00
3.341425598439999885e+04	2.740346488096523814e+00
3.341445098439999856e+04	2.739723899336535595e+00
3.341464698440000211e+04	2.737845562089397333e+00
3.341484198440000182e+04	2.753977013998694545e+00
3.341503698440000153e+04	2.743829506065518231e+00
3.341523198440000124e+04	2.721931245501060914e+00
3.341542798439999751e+04	2.711932740771278105e+00
3.341562298439999722e+04	2.710562865465455218e+00
3.341581798439999693e+04	2.754935070832109645e+00
3.341601398440000048e+04	2.748842490870488930e+00
3.341620898440000019e+04	2.729138153913069686e+00
3.341640398439999990e+04	2.722053978356164805e+00
3.341659998440000345e+04	2.741722805408315367e+00
3.341679498440000316e+04	2.720386830051248594e+00
3.341698998440000287e+04	2.693823377407280617e+00
3.341718598439999914e+04	2.714530239342954232e+00
3.341738098439999885e+04	2.718418065170935094e+00
3.341757598439999856e+04	2.714463220714529612e+00
3.341777198440000211e+04	2.709331226540406590e+00
3.341796698440000182e+04	2.710556485322527465e+00
3.341816198440000153e+04	2.742060696788385599e+00
3.341835698440000124e+04	2.680181433275098613e+00
3.341855298439999751e+04	2.746379276641768286e+00
3.341874798439999722e+04	2.740249344985992153e+00
3.341894298439999693e+04	2.697700282755615575e+00
3.341913898440000048e+04	2.710750803148647137e+00
3.341933398440000019e+04	2.728505088009411494e+00
3.341952898439999990e+04	2.738967329429565112e+00
3.341972498440000345e+04	2.688670931224557137e+00
3.341991998440000316e+04	2.714931637971393030e+00
3.342011498440000287e+04	2.690717787465164434e+00
3.342031098439999914e+04	2.708459285051219467e+00
3.342050598439999885e+04	2.758832022390132366e+00
3.342070098439999856e+04	2.743642800923435487e+00
3.342089698440000211e+04	2.716434237250226147e+00
3.342109198440000182e+04	2.716394785614827612e+00
3.342128698440000153e+04	2.729446023088055284e+00
3.342148198440000124e+04	2.717844132959676529e+00
3.342167798439999751e+04	2.726447101587705646e+00
3.342187298439999722e+04	2.695525688464073255e+00
3.342206798439999693e+04	2.739199148802917705e+00
3.342226398440000048e+04	2.722506721916854389e+00
3.342245898440000019e+04	2.735182270842923202e+00
3.342265398439999990e+04	2.721259312043049050e+00
3.342284998440000345e+04	2.734334036182023198e+00
3.342304498440000316e+04	2.753582475215324621e+00
3.342323998440000287e+04	2.709099321436109875e+00
3.342343598439999914e+04	2.735494616702766280e+00
3.342363098439999885e+04	2.728411590371866424e+00
3.342382598439999856e+04	2.710145552875896868e+00
3.342402198440000211e+04	2.714463220714529612e+00
3.342421698440000182e+04	2.724094909734983361e+00
3.342441198440000153e+04	2.736035035131148874e+00
3.342460698440000124e+04	2.724607040868587404e+00
3.342480298439999751e+04	2.704166886830773109e+00
3.342499798439999722e+04	2.708366488043289166e+00
3.342519298439999693e+04	2.721770802137008616e+00
3.342538898440000048e+04	2.730221893671879840e+00
3.342558398440000019e+04	2.767170824059959955e+00
3.342577898439999990e+04	2.734825860578116163e+00
3.342597498440000345e+04	2.727884753493869496e+00
3.342616998440000316e+04	2.707548549413758110e+00
3.342636498440000287e+04	2.712005044325671577e+00
3.342656098439999914e+04	2.716499359851471951e+00
3.342675598439999885e+04	2.714975817351453102e+00
3.342695098439999856e+04	2.730330886333696583e+00
3.342714698440000211e+04	2.718387829585056537e+00
3.342734198440000182e+04	2.689523568501899220e+00
3.342753698440000153e+04	2.704535623586330928e+00
3.342773198440000124e+04	2.726126438429570698e+00
3.342792798439999751e+04	2.713181478828870397e+00
3.342812298439999722e+04	2.744375141365246407e+00
3.342831798439999693e+04	2.717020018594450192e+00
3.342851398440000048e+04	2.728061678939802448e+00
3.342870898440000019e+04	2.750882688989303659e+00
3.342890398439999990e+04	2.720780089036537674e+00
3.342909998440000345e+04	2.740918876278264804e+00
3.342929498440000316e+04	2.735976344254627435e+00
3.342948998440000287e+04	2.767744147396637544e+00
3.342968598439999914e+04	2.719850742313543179e+00
3.342988098439999885e+04	2.737632136471248145e+00
3.343007598439999856e+04	2.740228343138380041e+00
3.343027198440000211e+04	2.692420186097340462e+00
3.343046698440000182e+04	2.727312018215414469e+00
3.343066198440000153e+04	2.737089162076372872e+00
3.343085698440000124e+04	2.750308915139822119e+00
3.343105298439999751e+04	2.746512957649063225e+00
3.343124798439999722e+04	2.737867510272760541e+00
3.343144298439999693e+04	2.763845199434642907e+00
3.343163898440000048e+04	2.780676458600318313e+00
3.343183398440000019e+04	2.781413974099894659e+00
3.343202898439999990e+04	2.764598850672033592e+00
3.343222498440000345e+04	2.745907769224587014e+00
3.343241998440000316e+04	2.750609955701413867e+00
3.343261498440000287e+04	2.752940145223581325e+00
3.343281098439999914e+04	2.802763202438917745e+00
3.343300598439999885e+04	2.745261434955374114e+00
3.343320098439999856e+04	2.754882012517786194e+00
3.343339698440000211e+04	2.759206188722123088e+00
3.343359198440000182e+04	2.777909725013138598e+00
3.343378698440000153e+04	2.741394976477792511e+00
3.343398198440000124e+04	2.753124018175252985e+00
3.343417798439999751e+04	2.784671174620612533e+00
3.343437298439999722e+04	2.766628360291834454e+00
3.343456798439999693e+04	2.778590567116578924e+00
3.343476398440000048e+04	2.775953292736041078e+00
3.343495898440000019e+04	2.794877688163037277e+00
3.343515398439999990e+04	2.757601494933732411e+00
3.343534998440000345e+04	2.763529572615905039e+00
3.343554498440000316e+04	2.770448333243130890e+00
3.343573998440000287e+04	2.738736687517555168e+00
3.343593598439999914e+04	2.731022681749891490e+00
3.343613098439999885e+04	2.726077795441652185e+00
3.343632598439999856e+04	2.756402808338805244e+00
3.343652198440000211e+04	2.744740437162850100e+00
3.343671698440000182e+04	2.738577234789731918e+00
3.343691198440000153e+04	2.760905219484204309e+00
3.343710698440000124e+04	2.684211264059371160e+00
3.343730298439999751e+04	2.756125586324591481e+00
3.343749798439999722e+04	2.749452078245177233e+00
3.343769298439999693e+04	2.740514029433629872e+00
3.343788898440000048e+04	2.764930961096247586e+00
3.343808398440000019e+04	2.789212232323452056e+00
3.343827898439999990e+04	2.753835125512013704e+00
3.343847498440000345e+04	2.781539193766715101e+00
3.343866998440000316e+04	2.744013692952222527e+00
3.343886498440000287e+04	2.746689572575014893e+00
3.343906098439999914e+04	2.758327072188855311e+00
3.343925598439999885e+04	2.764640963846915156e+00
3.343945098439999856e+04	2.751811638651197711e+00
3.343964698440000211e+04	2.742759193293846209e+00
3.343984198440000182e+04	2.711552158582763994e+00
3.344003698440000153e+04	2.736316214131980118e+00
3.344023198440000124e+04	2.773164979940382580e+00
3.344042798439999751e+04	2.772773621182162529e+00
3.344062298439999722e+04	2.768853513614562445e+00
