# time(sec)	crack length FEA(mm)
2.079941398440000194e+04	1.637194095102419311e+00
2.079960898440000165e+04	1.699811994835471296e+00
2.079980498440000156e+04	1.675163045176857324e+00
2.079999998440000127e+04	1.679335815137022792e+00
2.080019498440000098e+04	1.723672460169280996e+00
2.080039098440000089e+04	1.720117462164340694e+00
2.080058598440000060e+04	1.724724985504067831e+00
2.080078098440000031e+04	1.664736429994821520e+00
2.080097698440000022e+04	1.662423945073099318e+00
2.080117198439999993e+04	1.701833880581125058e+00
2.080136698439999964e+04	1.683483739643921950e+00
2.080156298439999955e+04	1.708398154274672009e+00
2.080175798439999926e+04	1.723836410928178964e+00
2.080195298439999897e+04	1.683338803029851505e+00
2.080214798439999868e+04	1.675360928714482611e+00
2.080234398439999859e+04	1.703106236093248071e+00
2.080253898440000194e+04	1.758183257144846579e+00
2.080273398440000165e+04	1.722977447433509113e+00
2.080292998440000156e+04	1.695126575165746274e+00
2.080312498440000127e+04	1.673737375107201331e+00
2.080331998440000098e+04	1.717296574600135628e+00
2.080351598440000089e+04	1.731095839867327513e+00
2.080371098440000060e+04	1.701726398459575407e+00
2.080390598440000031e+04	1.692998553957302477e+00
2.080410198440000022e+04	1.692768169328767058e+00
2.080429698439999993e+04	1.660138064222413945e+00
2.080449198439999964e+04	1.715932088880427031e+00
2.080468798439999955e+04	1.695855081684367605e+00
2.080488298439999926e+04	1.696133418491911016e+00
2.080507798439999897e+04	1.724083611209337619e+00
2.080527298439999868e+04	1.721198975203353854e+00
2.080546898439999859e+04	1.716936041962943804e+00
2.080566398440000194e+04	1.713429922465099509e+00
2.080585898440000165e+04	1.707995209112638690e+00
2.080605498440000156e+04	1.729173351031384698e+00
2.080624998440000127e+04	1.718025365308548658e+00
2.080644498440000098e+04	1.713225611567176898e+00
2.080664098440000089e+04	1.726965084511519422e+00
2.080683598440000060e+04	1.735761400196047077e+00
2.080703098440000031e+04	1.714741917505131497e+00
2.080722698440000022e+04	1.692627991436330248e+00
2.080742198439999993e+04	1.728888746727543335e+00
2.080761698439999964e+04	1.732630965399160061e+00
2.080781298439999955e+04	1.684785983355357786e+00
2.080800798439999926e+04	1.693102201548537522e+00
2.080820298439999897e+04	1.701550832254133283e+00
2.080839798439999868e+04	1.758681928715564169e+00
2.080859398439999859e+04	1.730143383028909909e+00
2.080878898440000194e+04	1.707691223913199607e+00
2.080898398440000165e+04	1.741079433085289452e+00
2.080917998440000156e+04	1.705533546533432698e+00
2.080937498440000127e+04	1.690567854839674311e+00
2.080956998440000098e+04	1.728835892429083643e+00
2.080976598440000089e+04	1.717393440523979464e+00
2.080996098440000060e+04	1.700688147979615650e+00
2.081015598440000031e+04	1.696122865499198440e+00
2.081035198440000022e+04	1.682163355558524032e+00
2.081054698439999993e+04	1.716928381509504220e+00
2.081074198439999964e+04	1.706467001993139831e+00
2.081093798439999955e+04	1.706331852324298737e+00
2.081113298439999926e+04	1.710977494711398705e+00
2.081132798439999897e+04	1.683919781332580357e+00
2.081152298439999868e+04	1.694677389403430823e+00
2.081171898439999859e+04	1.706783529288182777e+00
2.081191398440000194e+04	1.740766094886627258e+00
2.081210898440000165e+04	1.706199421357599277e+00
2.081230498440000156e+04	1.689937152017883193e+00
2.081249998440000127e+04	1.697082590862200036e+00
2.081269498440000098e+04	1.729656355212956242e+00
2.081289098440000089e+04	1.681282617317114259e+00
2.081308598440000060e+04	1.705032726697314871e+00
2.081328098440000031e+04	1.704321819000217175e+00
2.081347698440000022e+04	1.691650762814219888e+00
2.081367198439999993e+04	1.699216086060976849e+00
2.081386698439999964e+04	1.716740411301035607e+00
2.081406298439999955e+04	1.735877364484554874e+00
2.081425798439999926e+04	1.670957823261360886e+00
2.081445298439999897e+04	1.717197813768001069e+00
2.081464798439999868e+04	1.715345083787413571e+00
2.081484398439999859e+04	1.664713396285701918e+00
2.081503898440000194e+04	1.699486715799672254e+00
2.081523398440000165e+04	1.701045062187859003e+00
2.081542998440000156e+04	1.639631272293406994e+00
2.081562498440000127e+04	1.703702043782389097e+00
2.081581998440000098e+04	1.702223334201741878e+00
2.081601598440000089e+04	1.704140421099536340e+00
2.081621098440000060e+04	1.662758418975762709e+00
2.081640598440000031e+04	1.641967288424730498e+00
2.081660198440000022e+04	1.646259531681110388e+00
2.081679698439999993e+04	1.693247158969493071e+00
2.081699198439999964e+04	1.639667802779214867e+00
2.081718798439999955e+04	1.684024377312587362e+00
2.081738298439999926e+04	1.673705602683511984e+00
2.081757798439999897e+04	1.676090062847395146e+00
2.081777298439999868e+04	1.603414297253536347e+00
2.081796898439999859e+04	1.661036870890606920e+00
2.081816398440000194e+04	1.670061302938933068e+00
2.081835898440000165e+04	1.627009247419568538e+00
2.081855498440000156e+04	1.675033322433009175e+00
2.081874998440000127e+04	1.644271254327019705e+00
2.081894498440000098e+04	1.684575643044656346e+00
2.081914098440000089e+04	1.653485967747773344e+00
2.081933598440000060e+04	1.663315892185096345e+00
2.081953098440000031e+04	1.668462303220294984e+00
2.081972698440000022e+04	1.636936121238390385e+00
2.081992198439999993e+04	1.663617741111727000e+00
2.082011698439999964e+04	1.642615671436800540e+00
2.082031298439999955e+04	1.663625419383375714e+00
2.082050798439999926e+04	1.656662815759826657e+00
2.082070298439999897e+04	1.666205998958139034e+00
2.082089798439999868e+04	1.635735235928489573e+00
2.082109398439999859e+04	1.640755012755166220e+00
2.082128898440000194e+04	1.644379997204918453e+00
2.082148398440000165e+04	1.646111385616979561e+00
2.082167998440000156e+04	1.633921224860701571e+00
2.082187498440000127e+04	1.655921419794630367e+00
2.082206998440000098e+04	1.662088475492309314e+00
2.082226598440000089e+04	1.635776566997941828e+00
2.082246098440000060e+04	1.638859655544830929e+00
2.082265598440000031e+04	1.625185865338099944e+00
2.082285198440000022e+04	1.685965090702676861e+00
2.082304698439999993e+04	1.700864627500680015e+00
2.082324198439999964e+04	1.623564473049189161e+00
2.082343798439999955e+04	1.641833494142774796e+00
2.082363298439999926e+04	1.687050112886581132e+00
2.082382798439999897e+04	1.670582117659257904e+00
2.082402298439999868e+04	1.680864840566851370e+00
2.082421898439999859e+04	1.674778826066354753e+00
2.082441398440000194e+04	1.685407177154225167e+00
2.082460898440000165e+04	1.638077267936449033e+00
2.082480498440000156e+04	1.665302523611394747e+00
2.082499998440000127e+04	1.685367914838462156e+00
2.082519498440000098e+04	1.662230738971766542e+00
2.082539098440000089e+04	1.681089569763576819e+00
2.082558598440000060e+04	1.693405473195142008e+00
2.082578098440000031e+04	1.700412833917553712e+00
2.082597698440000022e+04	1.642444445885795190e+00
2.082617198439999993e+04	1.707859986050582535e+00
2.082636698439999964e+04	1.684332635721290217e+00
2.082656298439999955e+04	1.707291068098182762e+00
2.082675798439999926e+04	1.662683532252335894e+00
2.082695298439999897e+04	1.644682012152605566e+00
2.082714798439999868e+04	1.670205415451924580e+00
2.082734398439999859e+04	1.695475001382757085e+00
2.082753898440000194e+04	1.667406284980653908e+00
2.082773398440000165e+04	1.692974559102131238e+00
2.082792998440000156e+04	1.662024980944794450e+00
2.082812498440000127e+04	1.669601969223355908e+00
2.082831998440000098e+04	1.657775071342877382e+00
2.082851598440000089e+04	1.642382880402827539e+00
2.082871098440000060e+04	1.675391626091331077e+00
2.082890598440000031e+04	1.655080145515492873e+00
2.082910198440000022e+04	1.647780183896754735e+00
2.082929698439999993e+04	1.680648689264108597e+00
2.082949198439999964e+04	1.635371353990667131e+00
2.082968798439999955e+04	1.661359805154699387e+00
2.082988298439999926e+04	1.671828310851106281e+00
2.083007798439999897e+04	1.644970554604947566e+00
2.083027298439999868e+04	1.625181978433618113e+00
2.083046898439999859e+04	1.637191119451131271e+00
2.083066398440000194e+04	1.675839374026342199e+00
2.083085898440000165e+04	1.671565938288210873e+00
2.083105498440000156e+04	1.678165855879301560e+00
2.083124998440000127e+04	1.689805615968031915e+00
2.083144498440000098e+04	1.655562895024271342e+00
2.083164098440000089e+04	1.679578710347849224e+00
2.083183598440000060e+04	1.663870462232402758e+00
2.083203098440000031e+04	1.670062293406022746e+00
2.083222698440000022e+04	1.661275253129193885e+00
2.083242198439999993e+04	1.650890494843535450e+00
2.083261698439999964e+04	1.658340428034634328e+00
2.083281298439999955e+04	1.687091434268232604e+00
2.083300798439999926e+04	1.677136110399597868e+00
2.083320298439999897e+04	1.666495179514804192e+00
2.083339798439999868e+04	1.652849372546320694e+00
2.083359398439999859e+04	1.641208229021366094e+00
2.083378898440000194e+04	1.671489099452244886e+00
2.083398398440000165e+04	1.658179889949206398e+00
2.083417998440000156e+04	1.691502002060410348e+00
2.083437498440000127e+04	1.653709065126934163e+00
2.083456998440000098e+04	1.662908439384512604e+00
2.083476598440000089e+04	1.694335629659891040e+00
2.083496098440000060e+04	1.682003891313723187e+00
2.083515598440000031e+04	1.715220530674411492e+00
2.083535198440000022e+04	1.648378502624904485e+00
2.083554698439999993e+04	1.653611847468061669e+00
2.083574198439999964e+04	1.671605389277070586e+00
2.083593798439999955e+04	1.671985865001659022e+00
2.083613298439999926e+04	1.705217990929664751e+00
2.083632798439999897e+04	1.669016831626461084e+00
2.083652298439999868e+04	1.707326584681387871e+00
2.083671898439999859e+04	1.685238167254276220e+00
2.083691398440000194e+04	1.722628368505905172e+00
2.083710898440000165e+04	1.711077271056485216e+00
2.083730498440000156e+04	1.705868381798861577e+00
2.083749998440000127e+04	1.682393764174083373e+00
2.083769498440000098e+04	1.703851796856072909e+00
2.083789098440000089e+04	1.698285055800765164e+00
2.083808598440000060e+04	1.673955407021271213e+00
2.083828098440000031e+04	1.697002045057729447e+00
2.083847698440000022e+04	1.676469474100429125e+00
2.083867198439999993e+04	1.687728895816897889e+00
2.083886698439999964e+04	1.706245405563420192e+00
2.083906298439999955e+04	1.701209092489644803e+00
2.083925798439999926e+04	1.709807253014163919e+00
2.083945298439999897e+04	1.685345726651325649e+00
2.083964798439999868e+04	1.701830913290054426e+00
2.083984398439999859e+04	1.735504696462136565e+00
2.084003898440000194e+04	1.704766118290661936e+00
2.084023398440000165e+04	1.697900234308720613e+00
2.084042998440000156e+04	1.712710624684806504e+00
2.084062498440000127e+04	1.720018713493551843e+00
2.084081998440000098e+04	1.690573709870955454e+00
2.084101598440000089e+04	1.712331894743240213e+00
2.084121098440000060e+04	1.703891109966487960e+00
2.084140598440000031e+04	1.735562226661208740e+00
2.084160198440000022e+04	1.725976885830872831e+00
2.084179698439999993e+04	1.757618466588601436e+00
2.084199198439999964e+04	1.745436594398203312e+00
2.084218798439999955e+04	1.708900878173562177e+00
2.084238298439999926e+04	1.753015589774493677e+00
2.084257798439999897e+04	1.721293848111153935e+00
2.084277298439999868e+04	1.673980412063077239e+00
2.084296898439999859e+04	1.724159368256287905e+00
2.084316398440000194e+04	1.705734135118799344e+00
2.084335898440000165e+04	1.732421146015086677e+00
2.084355498440000156e+04	1.718143396251397448e+00
2.084374998440000127e+04	1.723136462279356351e+00
2.084394498440000098e+04	1.691116984300593984e+00
2.084414098440000089e+04	1.683486709308859020e+00
2.084433598440000060e+04	1.716223526461764237e+00
2.084453098440000031e+04	1.720016901587356983e+00
2.084472698440000022e+04	1.700941450483027140e+00
2.084492198439999993e+04	1.691920492297642298e+00
2.084511698439999964e+04	1.711292147127183583e+00
2.084531298439999955e+04	1.743674346931429753e+00
2.084550798439999926e+04	1.711466650061005623e+00
2.084570298439999897e+04	1.666321324897584333e+00
2.084589798439999868e+04	1.720731110958098498e+00
2.084609398439999859e+04	1.724879294728101087e+00
2.084628898440000194e+04	1.718382009635661234e+00
2.084648398440000165e+04	1.694457657848754906e+00
2.084667998440000156e+04	1.699023106888899903e+00
2.084687498440000127e+04	1.726654517084076801e+00
2.084706998440000098e+04	1.720702450771124603e+00
2.084726598440000089e+04	1.716795023312842616e+00
2.084746098440000060e+04	1.697261159160085242e+00
2.084765598440000031e+04	1.694504572567536727e+00
2.084785198440000022e+04	1.678060243083439929e+00
2.084804698439999993e+04	1.721219234555206867e+00
2.084824198439999964e+04	1.713048238572497439e+00
2.084843798439999955e+04	1.698857989289825454e+00
2.084863298439999926e+04	1.709960674008222270e+00
2.084882798439999897e+04	1.684090615687519943e+00
2.084902298439999868e+04	1.688287742611393583e+00
2.084921898439999859e+04	1.692627001942280884e+00
2.084941398440000194e+04	1.696858018231459653e+00
2.084960898440000165e+04	1.691988686929287056e+00
2.084980498440000156e+04	1.697332223349906855e+00
2.084999998440000127e+04	1.731164905853191271e+00
2.085019498440000098e+04	1.760165381464897649e+00
2.085039098440000089e+04	1.703305692044329689e+00
2.085058598440000060e+04	1.705902005153633993e+00
2.085078098440000031e+04	1.682668387104373053e+00
2.085097698440000022e+04	1.739506445187629424e+00
2.085117198439999993e+04	1.730804591498742440e+00
2.085136698439999964e+04	1.725163948876613063e+00
2.085156298439999955e+04	1.733654434967942137e+00
2.085175798439999926e+04	1.667313995611966249e+00
2.085195298439999897e+04	1.707822657423115231e+00
2.085214798439999868e+04	1.709274885735506899e+00
2.085234398439999859e+04	1.727289150379158755e+00
2.085253898440000194e+04	1.718593110809550240e+00
2.085273398440000165e+04	1.685182490221169616e+00
2.085292998440000156e+04	1.750057036287444134e+00
2.085312498440000127e+04	1.692303517558446657e+00
2.085331998440000098e+04	1.694688932466316800e+00
2.085351598440000089e+04	1.703980285367489245e+00
2.085371098440000060e+04	1.700754338262752796e+00
2.085390598440000031e+04	1.756896609567885292e+00
2.085410198440000022e+04	1.742194513623749330e+00
2.085429698439999993e+04	1.750998301159068404e+00
2.085449198439999964e+04	1.740711622314385920e+00
2.085468798439999955e+04	1.738353954719986660e+00
2.085488298439999926e+04	1.779436411811206042e+00
2.085507798439999897e+04	1.787300581051681547e+00
2.085527298439999868e+04	1.737943059931359002e+00
2.085546898439999859e+04	1.767221048833649277e+00
2.085566398440000194e+04	1.754546531164763223e+00
2.085585898440000165e+04	1.757869166579908438e+00
2.085605498440000156e+04	1.734703703043019019e+00
2.085624998440000127e+04	1.749156119694081468e+00
2.085644498440000098e+04	1.771732892974762663e+00
2.085664098440000089e+04	1.753672436716966487e+00
2.085683598440000060e+04	1.783700110072922840e+00
2.085703098440000031e+04	1.768717589773578069e+00
2.085722698440000022e+04	1.717459582581899014e+00
2.085742198439999993e+04	1.733033477389378518e+00
2.085761698439999964e+04	1.713463452345704852e+00
2.085781298439999955e+04	1.746229561458999768e+00
2.085800798439999926e+04	1.688551738555803539e+00
2.085820298439999897e+04	1.674725021674417391e+00
2.085839798439999868e+04	1.715576230164476357e+00
2.085859398439999859e+04	1.740024779523452025e+00
2.085878898440000194e+04	1.704036905797892132e+00
2.085898398440000165e+04	1.686315553115139920e+00
2.085917998440000156e+04	1.727721395730767995e+00
2.085937498440000127e+04	1.734518677149168298e+00
2.085956998440000098e+04	1.709698819511707768e+00
2.085976598440000089e+04	1.726410143994066004e+00
2.085996098440000060e+04	1.738697856381861584e+00
2.086015598440000031e+04	1.747274304382349541e+00
2.086035198440000022e+04	1.717602573974714275e+00
2.086054698439999993e+04	1.709508070882074904e+00
2.086074198439999964e+04	1.707744868653097825e+00
2.086093798439999955e+04	1.699799465165854784e+00
2.086113298439999926e+04	1.693047533068320121e+00
2.086132798439999897e+04	1.726634509547039897e+00
2.086152298439999868e+04	1.734561806094434999e+00
2.086171898439999859e+04	1.711632583157458143e+00
2.086191398440000194e+04	1.721564217271541963e+00
2.086210898440000165e+04	1.687497551034457643e+00
2.086230498440000156e+04	1.708965067171119401e+00
2.086249998440000127e+04	1.713176675541367544e+00
2.086269498440000098e+04	1.744152191034553212e+00
2.086289098440000089e+04	1.728478505255512943e+00
2.086308598440000060e+04	1.709111819518476238e+00
2.086328098440000031e+04	1.724759486962987864e+00
2.086347698440000022e+04	1.718499050362927605e+00
2.086367198439999993e+04	1.693601385536908310e+00
2.086386698439999964e+04	1.728496782274667964e+00
2.086406298439999955e+04	1.710511316733530407e+00
2.086425798439999926e+04	1.740288262327670310e+00
2.086445298439999897e+04	1.726584614131603246e+00
2.086464798439999868e+04	1.758785197181126136e+00
2.086484398439999859e+04	1.665957018435245018e+00
2.086503898440000194e+04	1.687028008803576284e+00
2.086523398440000165e+04	1.749533418309500377e+00
2.086542998440000156e+04	1.710510328010879988e+00
2.086562498440000127e+04	1.708793429179699785e+00
2.086581998440000098e+04	1.742135025383804603e+00
2.086601598440000089e+04	1.692411043844908036e+00
2.086621098440000060e+04	1.647034783563192661e+00
2.086640598440000031e+04	1.658754815915319369e+00
2.086660198440000022e+04	1.715310650520983415e+00
2.086679698439999993e+04	1.700699770446650660e+00
2.086699198439999964e+04	1.703913115388804300e+00
2.086718798439999955e+04	1.687251770421966057e+00
2.086738298439999926e+04	1.715164926387490851e+00
2.086757798439999897e+04	1.692600203128872494e+00
2.086777298439999868e+04	1.682706829102846413e+00
2.086796898439999859e+04	1.712276118671606895e+00
2.086816398440000194e+04	1.674112038814532966e+00
2.086835898440000165e+04	1.679495215408945086e+00
2.086855498440000156e+04	1.681576475476962429e+00
2.086874998440000127e+04	1.682717388267125358e+00
2.086894498440000098e+04	1.697694053727790475e+00
2.086914098440000089e+04	1.661237766096498092e+00
2.086933598440000060e+04	1.696692060612448927e+00
2.086953098440000031e+04	1.678254306222077830e+00
2.086972698440000022e+04	1.700049974826342236e+00
2.086992198439999993e+04	1.667551404723043973e+00
2.087011698439999964e+04	1.686237773851368971e+00
2.087031298439999955e+04	1.707998093203382695e+00
2.087050798439999926e+04	1.687063556777395945e+00
2.087070298439999897e+04	1.732369369966908934e+00
2.087089798439999868e+04	1.731531964610091734e+00
2.087109398439999859e+04	1.716649308620572967e+00
2.087128898440000194e+04	1.682708808946520307e+00
2.087148398440000165e+04	1.706766471042387323e+00
2.087167998440000156e+04	1.696069111117202155e+00
2.087187498440000127e+04	1.694104351480449466e+00
2.087206998440000098e+04	1.712753794722324585e+00
2.087226598440000089e+04	1.696985721513243561e+00
2.087246098440000060e+04	1.706660742598097968e+00
2.087265598440000031e+04	1.690381647572660739e+00
2.087285198440000022e+04	1.709262526032555130e+00
2.087304698439999993e+04	1.694089922283247063e+00
2.087324198439999964e+04	1.673791181812793738e+00
2.087343798439999955e+04	1.711580760090022579e+00
2.087363298439999926e+04	1.673317480412304548e+00
2.087382798439999897e+04	1.689945811104431428e+00
2.087402298439999868e+04	1.691555767144816258e+00
2.087421898439999859e+04	1.671209555782908751e+00
2.087441398440000194e+04	1.699545325718345268e+00
2.087460898440000165e+04	1.690220343687670379e+00
2.087480498440000156e+04	1.670783919872347312e+00
2.087499998440000127e+04	1.682529137437940747e+00
2.087519498440000098e+04	1.685856544421998393e+00
2.087539098440000089e+04	1.705779131331194520e+00
2.087558598440000060e+04	1.674432891334149076e+00
2.087578098440000031e+04	1.669384803940641149e+00
2.087597698440000022e+04	1.649642257273299606e+00
2.087617198439999993e+04	1.710175642943001506e+00
2.087636698439999964e+04	1.737904628176799804e+00
2.087656298439999955e+04	1.700230415923535077e+00
2.087675798439999926e+04	1.675900849977969287e+00
2.087695298439999897e+04	1.648719872756315041e+00
2.087714798439999868e+04	1.683472190943287927e+00
2.087734398439999859e+04	1.666978597405668339e+00
2.087753898440000194e+04	1.700866605778131202e+00
2.087773398440000165e+04	1.704930121974275181e+00
2.087792998440000156e+04	1.718759815941213631e+00
2.087812498440000127e+04	1.672085811050349591e+00
2.087831998440000098e+04	1.650122146959168035e+00
2.087851598440000089e+04	1.663399528512844228e+00
2.087871098440000060e+04	1.693811560679760575e+00
2.087890598440000031e+04	1.699101914470158903e+00
2.087910198440000022e+04	1.672922584234822097e+00
2.087929698439999993e+04	1.675010299045041506e+00
2.087949198439999964e+04	1.685705849000445511e+00
2.087968798439999955e+04	1.705709247065946954e+00
2.087988298439999926e+04	1.688841792454082835e+00
2.088007798439999897e+04	1.673019720245997988e+00
2.088027298439999868e+04	1.718019682016818095e+00
2.088046898439999859e+04	1.687171025142992775e+00
2.088066398440000194e+04	1.699770778791215520e+00
2.088085898440000165e+04	1.689809409494761994e+00
2.088105498440000156e+04	1.693286490261920463e+00
2.088124998440000127e+04	1.682814400361626994e+00
2.088144498440000098e+04	1.686765892345544415e+00
2.088164098440000089e+04	1.691022893520869985e+00
2.088183598440000060e+04	1.704179980963989038e+00
2.088203098440000031e+04	1.723943789392789583e+00
2.088222698440000022e+04	1.695744685907317972e+00
2.088242198439999993e+04	1.659822792336282049e+00
2.088261698439999964e+04	1.695022854271094559e+00
2.088281298439999955e+04	1.625208938651198309e+00
2.088300798439999926e+04	1.690925998581089829e+00
2.088320298439999897e+04	1.675946977463143028e+00
2.088339798439999868e+04	1.691164070777313455e+00
2.088359398439999859e+04	1.686013095049112565e+00
2.088378898440000194e+04	1.671464174232202282e+00
2.088398398440000165e+04	1.676742352568227901e+00
2.088417998440000156e+04	1.645818065163361155e+00
2.088437498440000127e+04	1.677014155112351190e+00
2.088456998440000098e+04	1.671474738567180651e+00
2.088476598440000089e+04	1.665338105229420052e+00
2.088496098440000060e+04	1.687444766158419540e+00
2.088515598440000031e+04	1.677547271524383987e+00
2.088535198440000022e+04	1.727910263804332658e+00
2.088554698439999993e+04	1.703743335178856455e+00
2.088574198439999964e+04	1.669616413819676737e+00
2.088593798439999955e+04	1.724191976647166058e+00
2.088613298439999926e+04	1.666163649344747810e+00
2.088632798439999897e+04	1.691050766202234712e+00
2.088652298439999868e+04	1.695515318225265133e+00
2.088671898439999859e+04	1.683543297850672360e+00
2.088691398440000194e+04	1.683839106820546050e+00
2.088710898440000165e+04	1.676731708140842159e+00
2.088730498440000156e+04	1.704076218590898861e+00
2.088749998440000127e+04	1.653447476829605023e+00
2.088769498440000098e+04	1.677806605369347892e+00
2.088789098440000089e+04	1.681103924637524116e+00
2.088808598440000060e+04	1.697046151546597770e+00
2.088828098440000031e+04	1.701105563953333899e+00
2.088847698440000022e+04	1.708631348341038247e+00
2.088867198439999993e+04	1.689482091804928032e+00
2.088886698439999964e+04	1.682540769107101042e+00
2.088906298439999955e+04	1.670364961641283230e+00
2.088925798439999926e+04	1.682965197259239432e+00
2.088945298439999897e+04	1.689517635977571430e+00
2.088964798439999868e+04	1.656423394634494173e+00
2.088984398439999859e+04	1.708147818215957514e+00
2.089003898440000194e+04	1.702362464388906815e+00
2.089023398440000165e+04	1.670341933573734394e+00
2.089042998440000156e+04	1.702868287819136128e+00
2.089062498440000127e+04	1.662826700262856505e+00
2.089081998440000098e+04	1.681721505714790510e+00
2.089101598440000089e+04	1.666632710298209474e+00
2.089121098440000060e+04	1.711005425540468750e+00
2.089140598440000031e+04	1.690873221590695863e+00
2.089160198440000022e+04	1.700731340664242808e+00
2.089179698439999993e+04	1.711985619536481096e+00
2.089199198439999964e+04	1.686396301403858544e+00
2.089218798439999955e+04	1.663396638812615791e+00
2.089238298439999926e+04	1.692632773990299100e+00
2.089257798439999897e+04	1.689605960121774331e+00
2.089277298439999868e+04	1.714741917505131497e+00
2.089296898439999859e+04	1.699882968690072715e+00
2.089316398440000194e+04	1.658070221312231141e+00
2.089335898440000165e+04	1.736023944479601511e+00
2.089355498440000156e+04	1.699949161297276135e+00
2.089374998440000127e+04	1.692899688396153124e+00
2.089394498440000098e+04	1.704014900494390972e+00
2.089414098440000089e+04	1.707006191796073935e+00
2.089433598440000060e+04	1.671910925812841953e+00
2.089453098440000031e+04	1.677268709222596854e+00
2.089472698440000022e+04	1.672608478059846249e+00
2.089492198439999993e+04	1.670292905998191912e+00
2.089511698439999964e+04	1.686266559632944251e+00
2.089531298439999955e+04	1.705359904956189609e+00
2.089550798439999926e+04	1.674023655041425584e+00
2.089570298439999897e+04	1.662667184291294120e+00
2.089589798439999868e+04	1.652046479201302986e+00
2.089609398439999859e+04	1.676459819737825541e+00
2.089628898440000194e+04	1.661325290791229037e+00
2.089648398440000165e+04	1.678462724245971316e+00
2.089667998440000156e+04	1.683371387038194555e+00
2.089687498440000127e+04	1.707695014482659701e+00
2.089706998440000098e+04	1.669535771585760386e+00
2.089726598440000089e+04	1.652747442989817017e+00
2.089746098440000060e+04	1.679649829315250642e+00
2.089765598440000031e+04	1.657601150756317310e+00
2.089785198440000022e+04	1.667511946772322062e+00
2.089804698439999993e+04	1.694997047648135080e+00
2.089824198439999964e+04	1.694955740501120189e+00
2.089843798439999955e+04	1.687237336914913399e+00
2.089863298439999926e+04	1.695077600493327452e+00
2.089882798439999897e+04	1.714604839533638625e+00
2.089902298439999868e+04	1.676746148254322222e+00
2.089921898439999859e+04	1.670351507970211813e+00
