# time(sec)	crack length FEA(mm)
7.143359384400000636e+03	7.008210780810806284e-01
7.143554684400000042e+03	7.175425467666940449e-01
7.143749984400000358e+03	7.178466912235865749e-01
7.143945284399999764e+03	7.360549986615119167e-01
7.144140584400000080e+03	7.188660582658723541e-01
7.144335984400000598e+03	7.094429533831725365e-01
7.144531284400000004e+03	7.311842684052098917e-01
7.144726584400000320e+03	7.376723306833259386e-01
7.144921884400000636e+03	6.775425246238349075e-01
7.145117184400000042e+03	7.236862516822561986e-01
7.145312484400000358e+03	6.970806980645516404e-01
7.145507784399999764e+03	6.822467397305675973e-01
7.145703084400000080e+03	7.115093827450618136e-01
7.145898484400000598e+03	7.543365425354018328e-01
7.146093784400000004e+03	7.266125495314135208e-01
7.146289084400000320e+03	7.025949321454589835e-01
7.146484384400000636e+03	7.600045733398843595e-01
7.146679684400000042e+03	6.979597535598252023e-01
7.146874984400000358e+03	7.011304107532971841e-01
7.147070284399999764e+03	7.140678990468103393e-01
7.147265584400000080e+03	7.300373825554036245e-01
7.147460984400000598e+03	7.178676932318737158e-01
7.147656284400000004e+03	7.382371298828651618e-01
7.147851584400000320e+03	7.155487006306167075e-01
7.148046884400000636e+03	7.031214930262645879e-01
7.148242184400000042e+03	7.055567683273054058e-01
7.148437484400000358e+03	7.389497558343158801e-01
7.148632784399999764e+03	7.323230529626822971e-01
7.148828084400000080e+03	7.291414661780777351e-01
7.149023484400000598e+03	7.059771378408257192e-01
7.149218784400000004e+03	7.489569177854136228e-01
7.149414084400000320e+03	7.662144234958478961e-01
7.149609384400000636e+03	6.844096549977596311e-01
7.149804684400000042e+03	7.052975136240675624e-01
7.149999984400000358e+03	7.299194297376523366e-01
7.150195284399999764e+03	7.084782265884967956e-01
7.150390584400000080e+03	7.507562572094848008e-01
7.150585984400000598e+03	7.262545418655559359e-01
7.150781284400000004e+03	7.214458129310834522e-01
7.150976584400000320e+03	7.457046034184351413e-01
7.151171884400000636e+03	7.663891454707378870e-01
7.151367184400000042e+03	7.098332294433280509e-01
7.151562484400000358e+03	7.528401453375384023e-01
7.151757784399999764e+03	7.392396117993200733e-01
7.151953084400000080e+03	7.296484616100862297e-01
7.152148484400000598e+03	7.675352828387804749e-01
7.152343784400000004e+03	7.561614623245596079e-01
7.152539084400000320e+03	7.421480165649576577e-01
7.152734384400000636e+03	7.344345275052344135e-01
7.152929684400000042e+03	7.407688280306317097e-01
7.153124984400000358e+03	7.180327783530700003e-01
7.153320284399999764e+03	7.469836056152061587e-01
7.153515584400000080e+03	7.454837933586659915e-01
7.153710984400000598e+03	7.047140127752911098e-01
7.153906284400000004e+03	7.680923292776640210e-01
7.154101584400000320e+03	7.261935161337422784e-01
7.154296884400000636e+03	7.233582190668421674e-01
7.154492184400000042e+03	7.718687024020240983e-01
7.154687484400000358e+03	7.378722872449134940e-01
7.154882784399999764e+03	7.358670574098624684e-01
7.155078084400000080e+03	7.575487755279031177e-01
7.155273484400000598e+03	7.446833497008142899e-01
7.155468784400000004e+03	6.878384415303138155e-01
7.155664084400000320e+03	7.070200516984677108e-01
7.155859384400000636e+03	7.144021076537914183e-01
7.156054684400000042e+03	7.264575131710770961e-01
7.156249984400000358e+03	7.546581762467940990e-01
7.156445284399999764e+03	7.063724903958519263e-01
7.156640584400000080e+03	6.874387867732867363e-01
7.156835984400000598e+03	7.393396095868975948e-01
7.157031284400000004e+03	7.084471756141184073e-01
7.157226584400000320e+03	7.101134444950076841e-01
7.157421884400000636e+03	7.323540219073763069e-01
7.157617184400000042e+03	7.284685365837759718e-01
7.157812484400000358e+03	7.113102405066484835e-01
7.158007784399999764e+03	7.326229674097817224e-01
7.158203084400000080e+03	7.069600007034022582e-01
7.158398484400000598e+03	7.090876670036738716e-01
7.158593784400000004e+03	7.227881077389000097e-01
7.158789084400000320e+03	6.917765268815223578e-01
7.158984384400000636e+03	7.304213415058633529e-01
7.159179684400000042e+03	7.226090763780490533e-01
7.159374984400000358e+03	7.445524806766101733e-01
7.159570284399999764e+03	7.767791965509207586e-01
7.159765584400000080e+03	7.106728334081893195e-01
7.159960984400000598e+03	7.297564266410248024e-01
7.160156284400000004e+03	7.398343637635278469e-01
7.160351584400000320e+03	7.403260858122440169e-01
7.160546884400000636e+03	7.262795311025342926e-01
7.160742184400000042e+03	7.369466672030142718e-01
7.160937484400000358e+03	7.078056959063765419e-01
7.161132784399999764e+03	7.499360430891073293e-01
7.161328084400000080e+03	7.078477172611030710e-01
7.161523484400000598e+03	6.801066636850698899e-01
7.161718784400000004e+03	7.395185176253331605e-01
7.161914084400000320e+03	7.465939261641896252e-01
7.162109384400000636e+03	7.530918909893422608e-01
7.162304684400000042e+03	7.421210520050269821e-01
7.162499984400000358e+03	7.216008812834022734e-01
7.162695284399999764e+03	7.145481538078115591e-01
7.162890584400000080e+03	7.728708150396919052e-01
7.163085984400000598e+03	7.243253707574748290e-01
7.163281284400000004e+03	7.289915136820255270e-01
7.163476584400000320e+03	7.611260593466102620e-01
7.163671884400000636e+03	7.364558469778703653e-01
7.163867184400000042e+03	7.167522500768797045e-01
7.164062484400000358e+03	7.420930658334476959e-01
7.164257784399999764e+03	7.301033716376323923e-01
7.164453084400000080e+03	7.536872730428605394e-01
7.164648484400000598e+03	7.618760038418344038e-01
7.164843784400000004e+03	7.446493835657896909e-01
7.165039084400000320e+03	6.948167839681378410e-01
7.165234384400000636e+03	7.180917794053556236e-01
7.165429684400000042e+03	7.311562610318667055e-01
7.165624984400000358e+03	7.243753445846472516e-01
7.165820284399999764e+03	7.591357392216941946e-01
7.166015584400000080e+03	7.618670058120198263e-01
7.166210984400000598e+03	7.257315058226829763e-01
7.166406284400000004e+03	7.346024712843011173e-01
7.166601584400000320e+03	7.380861602924042586e-01
7.166796884400000636e+03	7.487540916398476298e-01
7.166992184400000042e+03	7.259624863055353927e-01
7.167187484400000358e+03	7.651480801453800495e-01
7.167382784399999764e+03	7.307063350274756175e-01
7.167578084400000080e+03	7.423049529712457684e-01
7.167773484400000598e+03	7.118145825941120108e-01
7.167968784400000004e+03	6.815994912417355778e-01
7.168164084400000320e+03	7.371615701964646661e-01
7.168359384400000636e+03	7.066597606978071155e-01
7.168554684400000042e+03	7.025739169378919513e-01
7.168749984400000358e+03	6.989569842515521714e-01
7.168945284399999764e+03	7.271285571500882838e-01
7.169140584400000080e+03	7.118746301939182786e-01
7.169335984400000598e+03	6.472487938664972518e-01
7.169531284400000004e+03	7.274925390826698646e-01
7.169726584400000320e+03	7.160799482956150541e-01
7.169921884400000636e+03	6.914921002724376820e-01
7.170117184400000042e+03	6.681264510171036619e-01
7.170312484400000358e+03	7.507462853244124545e-01
7.170507784399999764e+03	6.731722363535030951e-01
7.170703084400000080e+03	6.490998031183501382e-01
7.170898484400000598e+03	6.415654647002249078e-01
7.171093784400000004e+03	6.954386171273778672e-01
7.171289084400000320e+03	6.743969175809478855e-01
7.171484384400000636e+03	7.030103829053793163e-01
7.171679684400000042e+03	7.274075420200212250e-01
7.171874984400000358e+03	6.340388193406560902e-01
7.172070284399999764e+03	7.210417438710088334e-01
7.172265584400000080e+03	6.723854732937546430e-01
7.172460984400000598e+03	6.959643008228937333e-01
7.172656284400000004e+03	6.895922159366829618e-01
7.172851584400000320e+03	7.237782721883512238e-01
7.173046884400000636e+03	6.815624505066946170e-01
7.173242184400000042e+03	6.660894378633930302e-01
7.173437484400000358e+03	6.729847812931684103e-01
7.173632784399999764e+03	7.127321446181760223e-01
7.173828084400000080e+03	6.737314506340101872e-01
7.174023484400000598e+03	7.107538833894615493e-01
7.174218784400000004e+03	7.200504367701565656e-01
7.174414084400000320e+03	7.710302356782037236e-01
7.174609384400000636e+03	7.143030298832862002e-01
7.174804684400000042e+03	7.078547322756030269e-01
7.174999984400000358e+03	7.194652449172860287e-01
7.175195284399999764e+03	7.448392482427497185e-01
7.175390584400000080e+03	6.947296770291906398e-01
7.175585984400000598e+03	7.189651088404893642e-01
7.175781284400000004e+03	7.159388786629357071e-01
7.175976584400000320e+03	7.157918095836617312e-01
7.176171884400000636e+03	6.975052133327039883e-01
7.176367184400000042e+03	7.353182266216595764e-01
7.176562484400000358e+03	7.601813388386240433e-01
7.176757784399999764e+03	7.184419158219270685e-01
7.176953084400000080e+03	7.477989587794731108e-01
7.177148484400000598e+03	7.489479664536169423e-01
7.177343784400000004e+03	7.230341684601917507e-01
7.177539084400000320e+03	6.978125842872060502e-01
7.177734384400000636e+03	7.151564709026132505e-01
7.177929684400000042e+03	7.076926041132374223e-01
7.178124984400000358e+03	7.288485176794559095e-01
7.178320284399999764e+03	7.313612354373297819e-01
7.178515584400000080e+03	7.380391769011733771e-01
7.178710984400000598e+03	6.590406819427734320e-01
7.178906284400000004e+03	7.157397727156009637e-01
7.179101584400000320e+03	7.427896200289545448e-01
7.179296884400000636e+03	6.821305083916939793e-01
7.179492184400000042e+03	6.845779361215456049e-01
7.179687484400000358e+03	7.062704137931152815e-01
7.179882784399999764e+03	7.162250132593861451e-01
7.180078084400000080e+03	7.008240534446574799e-01
7.180273484400000598e+03	7.035909496094383542e-01
7.180468784400000004e+03	7.166531904812423193e-01
7.180664084400000320e+03	6.820823926202717047e-01
7.180859384400000636e+03	6.796718007182889210e-01
7.181054684400000042e+03	6.749020253406285974e-01
7.181249984400000358e+03	6.985534614170401113e-01
7.181445284399999764e+03	6.406712689851961073e-01
7.181640584400000080e+03	6.936561897914081953e-01
7.181835984400000598e+03	7.016499779416633942e-01
7.182031284400000004e+03	7.028371990309487671e-01
7.182226584400000320e+03	6.618513903365155215e-01
7.182421884400000636e+03	6.968093635719299073e-01
7.182617184400000042e+03	7.267615460317422560e-01
7.182812484400000358e+03	6.525004831807823535e-01
7.183007784399999764e+03	6.919227605912503520e-01
7.183203084400000080e+03	6.882190581882241531e-01
7.183398484400000598e+03	6.752597566792832851e-01
7.183593784400000004e+03	6.752908586383359335e-01
7.183789084400000320e+03	6.935941015566413625e-01
7.183984384400000636e+03	6.997198245864204580e-01
7.184179684400000042e+03	7.061703313647207381e-01
7.184374984400000358e+03	6.759913265612365052e-01
7.184570284399999764e+03	6.949589567547338476e-01
7.184765584400000080e+03	7.213188053018821932e-01
7.184960984400000598e+03	6.753479663113886033e-01
7.185156284400000004e+03	6.836312579177921123e-01
7.185351584400000320e+03	7.214728520152302593e-01
7.185546884400000636e+03	6.822036500341646104e-01
7.185742184400000042e+03	7.095670488006646792e-01
7.185937484400000358e+03	7.171053791677000078e-01
7.186132784399999764e+03	7.106808275322595847e-01
7.186328084400000080e+03	7.146622364461592269e-01
7.186523484400000598e+03	7.153375510374111457e-01
7.186718784400000004e+03	7.100723984096806163e-01
7.186914084400000320e+03	7.013846880004752649e-01
7.187109384400000636e+03	6.787179513587577873e-01
7.187304684400000042e+03	7.208947142677324393e-01
7.187499984400000358e+03	6.861727025728967533e-01
7.187695284399999764e+03	6.950741032868616998e-01
7.187890584400000080e+03	6.873456563775945938e-01
7.188085984400000598e+03	6.960784190787538961e-01
7.188281284400000004e+03	7.047430222102164521e-01
7.188476584400000320e+03	6.885135205162313810e-01
7.188671884400000636e+03	6.977334864555579941e-01
7.188867184400000042e+03	7.008180597205431184e-01
7.189062484400000358e+03	7.021434451347694505e-01
7.189257784399999764e+03	6.700450503687740422e-01
7.189453084400000080e+03	7.144591235992088230e-01
7.189648484400000598e+03	6.900419314011170258e-01
7.189843784400000004e+03	6.823158362704866420e-01
7.190039084400000320e+03	6.987887509335966030e-01
7.190234384400000636e+03	6.841972625263377239e-01
7.190429684400000042e+03	7.095229845125672341e-01
7.190624984400000358e+03	6.919597769618430760e-01
7.190820284399999764e+03	7.176166132059602631e-01
7.191015584400000080e+03	6.759371901959134732e-01
7.191210984400000598e+03	6.818940852859700641e-01
7.191406284400000004e+03	7.258865038653539159e-01
7.191601584400000320e+03	7.232211866876259165e-01
7.191796884400000636e+03	6.865022181106930077e-01
7.191992184400000042e+03	6.813860931487312200e-01
7.192187484400000358e+03	6.746614774159418459e-01
7.192382784399999764e+03	6.767098335958472433e-01
7.192578084400000080e+03	6.637674607863992549e-01
7.192773484400000598e+03	7.135396327733101174e-01
7.192968784400000004e+03	7.053515847160589658e-01
7.193164084400000320e+03	7.012335322353315803e-01
7.193359384400000636e+03	7.139918793976480771e-01
7.193554684400000042e+03	7.330888915224083036e-01
7.193749984400000358e+03	7.273095480691473824e-01
7.193945284399999764e+03	6.889301840007107103e-01
7.194140584400000080e+03	7.631881021331050619e-01
7.194335984400000598e+03	7.822553750943423978e-01
7.194531284400000004e+03	7.259745214899115950e-01
7.194726584400000320e+03	7.282045098692258023e-01
7.194921884400000636e+03	7.392806086239183117e-01
7.195117184400000042e+03	7.457506020424666815e-01
7.195312484400000358e+03	6.891465357814183790e-01
7.195507784399999764e+03	7.379832380409929726e-01
7.195703084400000080e+03	7.308963088098998639e-01
7.195898484400000598e+03	7.421770328360306479e-01
7.196093784400000004e+03	7.616682763094964059e-01
7.196289084400000320e+03	7.323690254279391354e-01
7.196484384400000636e+03	7.256204990236092556e-01
7.196679684400000042e+03	7.242743659046908533e-01
7.196874984400000358e+03	7.414524741442001243e-01
7.197070284399999764e+03	7.943289691396735464e-01
7.197265584400000080e+03	7.451090253757328696e-01
7.197460984400000598e+03	7.248233948273874461e-01
7.197656284400000004e+03	7.204475624938346812e-01
7.197851584400000320e+03	7.135005950696520216e-01
7.198046884400000636e+03	6.773010387211719774e-01
7.198242184400000042e+03	7.468047526138565928e-01
7.198437484400000358e+03	7.211027395865805545e-01
7.198632784399999764e+03	7.281765505965829277e-01
7.198828084400000080e+03	7.150454157737087257e-01
7.199023484400000598e+03	6.759793182667053202e-01
7.199218784400000004e+03	7.022395972818671339e-01
7.199414084400000320e+03	6.554553743332487414e-01
7.199609384400000636e+03	7.277075257774576755e-01
7.199804684400000042e+03	7.183468503223764401e-01
7.199999984400000358e+03	6.709040400154755446e-01
7.200195284399999764e+03	6.430797125334226649e-01
7.200390584400000080e+03	6.853512777389809685e-01
7.200585984400000598e+03	6.890323333910508552e-01
7.200781284400000004e+03	6.813891225265855667e-01
7.200976584400000320e+03	6.838265737630031538e-01
7.201171884400000636e+03	7.003235336959594548e-01
7.201367184400000042e+03	7.000512034226424873e-01
7.201562484400000358e+03	7.240483436166371689e-01
7.201757784399999764e+03	6.871643591095004666e-01
7.201953084400000080e+03	6.597536851074963238e-01
7.202148484400000598e+03	6.750643721106222017e-01
7.202343784400000004e+03	6.659119953320562502e-01
7.202539084400000320e+03	7.070470638514656514e-01
7.202734384400000636e+03	6.793872326412486728e-01
7.202929684400000042e+03	7.151024731812238855e-01
7.203124984400000358e+03	6.923273138633732060e-01
7.203320284399999764e+03	7.237422750381448111e-01
7.203515584400000080e+03	6.739669801986138964e-01
7.203710984400000598e+03	7.079367716883115946e-01
7.203906284400000004e+03	6.806457173907283220e-01
7.204101584400000320e+03	6.845638840554464366e-01
7.204296884400000636e+03	6.910244059921293314e-01
7.204492184400000042e+03	7.034538057334529526e-01
7.204687484400000358e+03	6.912938177834568876e-01
7.204882784399999764e+03	7.081719704359130674e-01
7.205078084400000080e+03	6.884845003258313056e-01
7.205273484400000598e+03	6.998349485860373420e-01
7.205468784400000004e+03	6.765515004652264963e-01
7.205664084400000320e+03	6.564492640380592547e-01
7.205859384400000636e+03	6.783181468581478413e-01
7.206054684400000042e+03	7.031485009119347040e-01
7.206249984400000358e+03	6.863509698624632449e-01
7.206445284399999764e+03	6.992883304812345102e-01
7.206640584400000080e+03	6.983993209966303795e-01
7.206835984400000598e+03	6.864822129207315271e-01
7.207031284400000004e+03	6.676262316162091537e-01
7.207226584400000320e+03	6.449370886797023417e-01
7.207421884400000636e+03	6.682567676318900141e-01
7.207617184400000042e+03	6.340518744322167777e-01
7.207812484400000358e+03	6.951061432909533266e-01
7.208007784399999764e+03	7.263095370516321481e-01
7.208203084400000080e+03	6.664242543211056358e-01
7.208398484400000598e+03	6.722140773795377555e-01
7.208593784400000004e+03	6.763530962543846670e-01
7.208789084400000320e+03	6.720907642125606429e-01
7.208984384400000636e+03	6.815634316049568042e-01
7.209179684400000042e+03	6.820423319295958464e-01
7.209374984400000358e+03	7.026890360273192471e-01
7.209570284399999764e+03	6.464701828694163765e-01
7.209765584400000080e+03	6.781337611802680243e-01
7.209960984400000598e+03	6.982050939039901039e-01
7.210156284400000004e+03	6.961985918699298281e-01
7.210351584400000320e+03	6.791708457552037004e-01
7.210546884400000636e+03	7.178857219462742023e-01
7.210742184400000042e+03	6.948928721875233805e-01
7.210937484400000358e+03	6.843755959132895583e-01
7.211132784399999764e+03	6.859963786079976700e-01
7.211328084400000080e+03	7.228341412156069623e-01
7.211523484400000598e+03	7.068549003586710455e-01
7.211718784400000004e+03	6.868768585042950292e-01
7.211914084400000320e+03	6.980949331532357860e-01
7.212109384400000636e+03	7.133515172206053023e-01
7.212304684400000042e+03	6.834779953674150477e-01
7.212499984400000358e+03	6.814402174024962733e-01
7.212695284399999764e+03	7.276645681039521918e-01
7.212890584400000080e+03	7.097001179958759565e-01
7.213085984400000598e+03	7.334967534961904789e-01
7.213281284400000004e+03	6.898255875799641501e-01
7.213476584400000320e+03	6.749110039828760677e-01
7.213671884400000636e+03	6.927489357253531210e-01
7.213867184400000042e+03	7.181778316590694544e-01
7.214062484400000358e+03	7.368626821014814254e-01
7.214257784399999764e+03	7.125910555514920475e-01
7.214453084400000080e+03	7.113813002969813226e-01
7.214648484400000598e+03	7.000582292861849965e-01
7.214843784400000004e+03	7.023066421553707528e-01
7.215039084400000320e+03	6.667600995416673726e-01
7.215234384400000636e+03	6.630385554493223310e-01
7.215429684400000042e+03	7.011524505130513063e-01
7.215624984400000358e+03	6.650808529903340371e-01
7.215820284399999764e+03	6.679720661726733510e-01
7.216015584400000080e+03	6.465575142288848554e-01
7.216210984400000598e+03	6.642357218525027918e-01
7.216406284400000004e+03	6.750774052579195939e-01
7.216601584400000320e+03	6.438343317414290112e-01
7.216796884400000636e+03	6.640181151960167227e-01
7.216992184400000042e+03	6.700671182904844869e-01
7.217187484400000358e+03	7.014597753825579929e-01
7.217382784399999764e+03	6.775685882594384424e-01
7.217578084400000080e+03	7.043056243542409334e-01
7.217773484400000598e+03	6.799844232727885185e-01
7.217968784400000004e+03	6.680703511100780645e-01
7.218164084400000320e+03	6.618263348416810743e-01
7.218359384400000636e+03	6.965810817773565589e-01
7.218554684400000042e+03	7.085202467808109361e-01
7.218749984400000358e+03	7.143650738605789030e-01
7.218945284399999764e+03	7.130173457363895295e-01
7.219140584400000080e+03	6.815443948491584081e-01
7.219335984400000598e+03	6.625753529565088229e-01
7.219531284400000004e+03	6.908070987818692998e-01
7.219726584400000320e+03	6.693955229847663446e-01
7.219921884400000636e+03	7.009812570356288575e-01
7.220117184400000042e+03	7.156236927142636262e-01
7.220312484400000358e+03	7.099753574519045429e-01
7.220507784399999764e+03	6.472397533204237163e-01
7.220703084400000080e+03	7.112282124777902226e-01
7.220898484400000598e+03	7.060722517327544523e-01
7.221093784400000004e+03	7.030063329912117354e-01
7.221289084400000320e+03	6.992783288429968991e-01
7.221484384400000636e+03	6.711947082419627009e-01
7.221679684400000042e+03	6.852390624651523154e-01
7.221874984400000358e+03	6.946255043932207940e-01
7.222070284399999764e+03	6.961855700258716695e-01
7.222265584400000080e+03	6.688351845062161516e-01
7.222460984400000598e+03	7.068939487361092233e-01
7.222656284400000004e+03	7.079117635806255748e-01
7.222851584400000320e+03	6.646407353139327512e-01
7.223046884400000636e+03	7.415264161783046148e-01
7.223242184400000042e+03	6.928230261117462874e-01
7.223437484400000358e+03	6.954856743574584499e-01
7.223632784399999764e+03	7.250224349353970865e-01
7.223828084400000080e+03	7.425637614742477410e-01
7.224023484400000598e+03	7.423509065334492618e-01
7.224218784400000004e+03	7.546781768576931171e-01
7.224414084400000320e+03	7.191571766100928187e-01
7.224609384400000636e+03	7.012565522062708112e-01
7.224804684400000042e+03	6.847251940581600138e-01
7.224999984400000358e+03	7.283905090774407398e-01
7.225195284399999764e+03	6.898045613391641240e-01
7.225390584400000080e+03	7.131624289821747453e-01
7.225585984400000598e+03	7.076385468240147247e-01
7.225781284400000004e+03	7.185669363126567788e-01
7.225976584400000320e+03	7.387149150150236210e-01
7.226171884400000636e+03	7.080869057617071860e-01
7.226367184400000042e+03	7.100474010948545356e-01
7.226562484400000358e+03	7.599226668084195779e-01
7.226757784399999764e+03	7.190591493697908732e-01
7.226953084400000080e+03	6.787138973998825264e-01
7.227148484400000598e+03	7.247164301765032235e-01
7.227343784400000004e+03	7.012385025558938167e-01
7.227539084400000320e+03	6.697162850464302153e-01
7.227734384400000636e+03	6.903133499725591093e-01
7.227929684400000042e+03	7.067148002479051172e-01
7.228124984400000358e+03	7.052895177296925056e-01
7.228320284399999764e+03	7.215188450244021112e-01
7.228515584400000080e+03	6.938995263180949280e-01
7.228710984400000598e+03	6.873386268423171686e-01
7.228906284400000004e+03	7.352482586919037999e-01
7.229101584400000320e+03	7.457645672726975761e-01
7.229296884400000636e+03	7.305653503133502369e-01
7.229492184400000042e+03	7.330688731062373620e-01
7.229687484400000358e+03	6.691529230447343934e-01
7.229882784399999764e+03	7.075504627584159323e-01
7.230078084400000080e+03	6.902432523665176234e-01
7.230273484400000598e+03	6.771617926694020184e-01
7.230468784400000004e+03	7.388198260874219159e-01
7.230664084400000320e+03	6.961785430437181788e-01
7.230859384400000636e+03	6.973259956711057583e-01
7.231054684400000042e+03	6.943050703192135131e-01
7.231249984400000358e+03	7.220229752798665857e-01
7.231445284399999764e+03	7.101784561947326324e-01
7.231640584400000080e+03	7.244983929905561837e-01
7.231835984400000598e+03	7.445134927985641582e-01
7.232031284400000004e+03	7.203525563961132860e-01
7.232226584400000320e+03	6.974301137419498531e-01
7.232421884400000636e+03	7.321970726748094904e-01
7.232617184400000042e+03	6.923193137043721634e-01
7.232812484400000358e+03	7.171674073971257002e-01
7.233007784399999764e+03	7.090736806661528391e-01
7.233203084400000080e+03	7.475351422713121252e-01
7.233398484400000598e+03	7.557359291153336045e-01
7.233593784400000004e+03	7.014607470798654987e-01
7.233789084400000320e+03	7.020433543184783076e-01
7.233984384400000636e+03	6.906448569514367364e-01
7.234179684400000042e+03	7.450021500756758286e-01
7.234374984400000358e+03	7.131404001067238596e-01
7.234570284399999764e+03	7.434752007519378481e-01
7.234765584400000080e+03	7.476910139046424320e-01
7.234960984400000598e+03	7.012084742369637524e-01
7.235156284400000004e+03	6.821254825312657033e-01
7.235351584400000320e+03	7.291244679436132969e-01
7.235546884400000636e+03	7.173454992058392321e-01
7.235742184400000042e+03	7.052154739033191788e-01
7.235937484400000358e+03	7.326949439211318804e-01
7.236132784399999764e+03	6.990450478493510644e-01
7.236328084400000080e+03	6.990340313171152786e-01
7.236523484400000598e+03	7.351762897505977890e-01
7.236718784400000004e+03	7.349343451100480706e-01
7.236914084400000320e+03	7.247703979437485344e-01
7.237109384400000636e+03	7.380241768848563311e-01
7.237304684400000042e+03	7.379642540025077579e-01
7.237499984400000358e+03	7.286215158085518340e-01
7.237695284399999764e+03	6.932836494043552733e-01
7.237890584400000080e+03	7.051774459657007554e-01
7.238085984400000598e+03	7.063514784526851997e-01
7.238281284400000004e+03	7.334317955827795998e-01
7.238476584400000320e+03	7.109990431100179364e-01
7.238671884400000636e+03	7.271945541374336131e-01
7.238867184400000042e+03	7.309662892833816983e-01
7.239062484400000358e+03	7.182418507633627769e-01
7.239257784399999764e+03	7.637802171559116005e-01
7.239453084400000080e+03	7.082570262158007779e-01
7.239648484400000598e+03	7.317421503431802421e-01
7.239843784400000004e+03	6.855215572550559244e-01
7.240039084400000320e+03	7.353032249237081430e-01
7.240234384400000636e+03	7.135226236186387183e-01
7.240429684400000042e+03	7.060292042097522369e-01
7.240624984400000358e+03	7.458674994407559211e-01
7.240820284399999764e+03	6.963087096027855694e-01
7.241015584400000080e+03	7.428715844455666684e-01
7.241210984400000598e+03	7.524086243172707356e-01
7.241406284400000004e+03	7.094359302306756376e-01
7.241601584400000320e+03	7.520949326850789873e-01
7.241796884400000636e+03	6.874277563810160530e-01
7.241992184400000042e+03	6.833537667999767251e-01
7.242187484400000358e+03	6.931544989036790838e-01
7.242382784399999764e+03	7.152605556195901215e-01
7.242578084400000080e+03	6.645495157220349114e-01
7.242773484400000598e+03	6.783812466871239621e-01
7.242968784400000004e+03	7.086703772510549726e-01
7.243164084400000320e+03	7.193232239538218664e-01
