# time(sec)	crack length FEA(mm)
5.243144745310000144e+04	1.705823426402313103e+00
5.243164245310000115e+04	1.645300744232070400e+00
5.243183745310000086e+04	1.685747120720748171e+00
5.243203345309999713e+04	1.699489325323355615e+00
5.243222845309999684e+04	1.717602936977289829e+00
5.243242345309999655e+04	1.674367726725236594e+00
5.243261945310000010e+04	1.677472505640748679e+00
5.243281445309999981e+04	1.689294195645059560e+00
5.243300945309999952e+04	1.683890334417570855e+00
5.243320545310000307e+04	1.695084104297151839e+00
5.243340045310000278e+04	1.714647073103744646e+00
5.243359545310000249e+04	1.663534767895772148e+00
5.243379145309999876e+04	1.649567322903562783e+00
5.243398645309999847e+04	1.720330687862038133e+00
5.243418145309999818e+04	1.698808328598559569e+00
5.243437745310000173e+04	1.727512457831878123e+00
5.243457245310000144e+04	1.693051357290809023e+00
5.243476745310000115e+04	1.677838800882934578e+00
5.243496245310000086e+04	1.660055214791301026e+00
5.243515845309999713e+04	1.701416132146311710e+00
5.243535345309999684e+04	1.711565591183569879e+00
5.243554845309999655e+04	1.744029015470500710e+00
5.243574445310000010e+04	1.775488794264175496e+00
5.243593945309999981e+04	1.747038182686706520e+00
5.243613445309999952e+04	1.701433130243364289e+00
5.243633045310000307e+04	1.720095831529214081e+00
5.243652545310000278e+04	1.680711966650850542e+00
5.243672045310000249e+04	1.718482087906972211e+00
5.243691645309999876e+04	1.704757569560646502e+00
5.243711145309999847e+04	1.669926749929246057e+00
5.243730645309999818e+04	1.691055733199073430e+00
5.243750245310000173e+04	1.709665125250230844e+00
5.243769745310000144e+04	1.703450239675470712e+00
5.243789245310000115e+04	1.716754529363239357e+00
5.243808745310000086e+04	1.709134439220413526e+00
5.243828345309999713e+04	1.664400065767111414e+00
5.243847845309999684e+04	1.688841674626509359e+00
5.243867345309999655e+04	1.676888744828978872e+00
5.243886945310000010e+04	1.678914507804435630e+00
5.243906445309999981e+04	1.685499015282122315e+00
5.243925945309999952e+04	1.685227586872313665e+00
5.243945545310000307e+04	1.691776273353919890e+00
5.243965045310000278e+04	1.691458017004322301e+00
5.243984545310000249e+04	1.713953830603731632e+00
5.244004145309999876e+04	1.674440190988528698e+00
5.244023645309999847e+04	1.658088675946054025e+00
5.244043145309999818e+04	1.704198077679933476e+00
5.244062745310000173e+04	1.695060611173245135e+00
5.244082245310000144e+04	1.693996356570012907e+00
5.244101745310000115e+04	1.666090016731143209e+00
5.244121245310000086e+04	1.724818336977662625e+00
5.244140845309999713e+04	1.718813758395052460e+00
5.244160345309999684e+04	1.678695052681488775e+00
5.244179845309999655e+04	1.731927421036566273e+00
5.244199445310000010e+04	1.703519413887111256e+00
5.244218945309999981e+04	1.695554418777733829e+00
5.244238445309999952e+04	1.733551898570201644e+00
5.244258045310000307e+04	1.678815346182867430e+00
5.244277545310000278e+04	1.709373793022253452e+00
5.244297045310000249e+04	1.664210404195538118e+00
5.244316645309999876e+04	1.695079807891076484e+00
5.244336145309999847e+04	1.742354287263554014e+00
5.244355645309999818e+04	1.719858689934849139e+00
5.244375245310000173e+04	1.669723223856534489e+00
5.244394745310000144e+04	1.693436693514787095e+00
5.244414245310000115e+04	1.741595013636857203e+00
5.244433745310000086e+04	1.689527264718730493e+00
5.244453345309999713e+04	1.695142608470021628e+00
5.244472845309999684e+04	1.685888776475032103e+00
5.244492345309999655e+04	1.733306500340725975e+00
5.244511945310000010e+04	1.690032894860816981e+00
5.244531445309999981e+04	1.688803453610487892e+00
5.244550945309999952e+04	1.688918299342493157e+00
5.244570545310000307e+04	1.688708723736557005e+00
5.244590045310000278e+04	1.698828618955641190e+00
5.244609545310000249e+04	1.698509363643765369e+00
5.244629145309999876e+04	1.715225581158502877e+00
5.244648645309999847e+04	1.692790623154408536e+00
5.244668145309999818e+04	1.714982178460127571e+00
5.244687745310000173e+04	1.709630044989914666e+00
5.244707245310000144e+04	1.684286341930071984e+00
5.244726745310000115e+04	1.710621224378831684e+00
5.244746245310000086e+04	1.701984282142776195e+00
5.244765845309999713e+04	1.682097331777566041e+00
5.244785345309999684e+04	1.689716808751953181e+00
5.244804845309999655e+04	1.695984320740935303e+00
5.244824445310000010e+04	1.702262914498202662e+00
5.244843945309999981e+04	1.700858660690290236e+00
5.244863445309999952e+04	1.712535403877845752e+00
5.244883045310000307e+04	1.701777841621741061e+00
5.244902545310000278e+04	1.702866225561955105e+00
5.244922045310000249e+04	1.669994927099917703e+00
5.244941645309999876e+04	1.707849651269137681e+00
5.244961145309999847e+04	1.666741140535359378e+00
5.244980645309999818e+04	1.683016258551951694e+00
5.245000245310000173e+04	1.704634213876390803e+00
5.245019745310000144e+04	1.653043151738200933e+00
5.245039245310000115e+04	1.731088032044647562e+00
5.245058745310000086e+04	1.677597105227494723e+00
5.245078345309999713e+04	1.658285895913360619e+00
5.245097845309999684e+04	1.701124603681943626e+00
5.245117345309999655e+04	1.719258108961508213e+00
5.245136945310000010e+04	1.695675720870573500e+00
5.245156445309999981e+04	1.679923937766458764e+00
5.245175945309999952e+04	1.696869602720934012e+00
5.245195545310000307e+04	1.701002233733127866e+00
5.245215045310000278e+04	1.674751272349709552e+00
5.245234545310000249e+04	1.740280114330017724e+00
5.245254145309999876e+04	1.705901090844680112e+00
5.245273645309999847e+04	1.659086386516774425e+00
5.245293145309999818e+04	1.668989270436744832e+00
5.245312745310000173e+04	1.685374550025009910e+00
5.245332245310000144e+04	1.691538930054068857e+00
5.245351745310000115e+04	1.723153980183438350e+00
5.245371245310000086e+04	1.729224326938659573e+00
5.245390845309999713e+04	1.720357351025986858e+00
5.245410345309999684e+04	1.715318009573321589e+00
5.245429845309999655e+04	1.688351014354370960e+00
5.245449445310000010e+04	1.692122226986649380e+00
5.245468945309999981e+04	1.699480825555962582e+00
5.245488445309999952e+04	1.705427699140123821e+00
5.245508045310000307e+04	1.681070801253722991e+00
5.245527545310000278e+04	1.719825816820804931e+00
5.245547045310000249e+04	1.707706029738005782e+00
5.245566645309999876e+04	1.700870358591199505e+00
5.245586145309999847e+04	1.692185035662268078e+00
5.245605645309999818e+04	1.712507726831049126e+00
5.245625245310000173e+04	1.681907816276108747e+00
5.245644745310000144e+04	1.711446474125997597e+00
5.245664245310000115e+04	1.722096324945660228e+00
5.245683745310000086e+04	1.676141205594682049e+00
5.245703345309999713e+04	1.674841759636962024e+00
5.245722845309999684e+04	1.691728457470581759e+00
5.245742345309999655e+04	1.711701698106462999e+00
5.245761945310000010e+04	1.705476674299831075e+00
5.245781445309999981e+04	1.717702844266755235e+00
5.245800945309999952e+04	1.686897899819783220e+00
5.245820545310000307e+04	1.644343020938190847e+00
5.245840045310000278e+04	1.675754572524974506e+00
5.245859545310000249e+04	1.688403226372965804e+00
5.245879145309999876e+04	1.707183795262416481e+00
5.245898645309999847e+04	1.703742743734979470e+00
5.245918145309999818e+04	1.701445924501649998e+00
5.245937745310000173e+04	1.699190369245876298e+00
5.245957245310000144e+04	1.670441322420906261e+00
5.245976745310000115e+04	1.746750517908663980e+00
5.245996245310000086e+04	1.697614547660581508e+00
5.246015845309999713e+04	1.698475363102492253e+00
5.246035345309999684e+04	1.710815892455638476e+00
5.246054845309999655e+04	1.717448783010391722e+00
5.246074445310000010e+04	1.728278588480762323e+00
5.246093945309999981e+04	1.722791512334332253e+00
5.246113445309999952e+04	1.727656959354860078e+00
5.246133045310000307e+04	1.698723236860519847e+00
5.246152545310000278e+04	1.705163907627875730e+00
5.246172045310000249e+04	1.661143289721376703e+00
5.246191645309999876e+04	1.682137759109680886e+00
5.246211145309999847e+04	1.722472590663636893e+00
5.246230645309999818e+04	1.717666680435325333e+00
5.246250245310000173e+04	1.661426903988207471e+00
5.246269745310000144e+04	1.723131611426859777e+00
5.246289245310000115e+04	1.684286341930071984e+00
5.246308745310000086e+04	1.698073110937750485e+00
5.246328345309999713e+04	1.676955986487339345e+00
5.246347845309999684e+04	1.688040208654067342e+00
5.246367345309999655e+04	1.698952097273203066e+00
5.246386945310000010e+04	1.681558507302408856e+00
5.246406445309999981e+04	1.656665693815819296e+00
5.246425945309999952e+04	1.722313173814978171e+00
5.246445545310000307e+04	1.696480210829442115e+00
5.246465045310000278e+04	1.723086965149427385e+00
5.246484545310000249e+04	1.713951821174692469e+00
5.246504145309999876e+04	1.762818263222861503e+00
5.246523645309999847e+04	1.729133962728486296e+00
5.246543145309999818e+04	1.694532786552645831e+00
5.246562745310000173e+04	1.696331216408760056e+00
5.246582245310000144e+04	1.684883724170202157e+00
5.246601745310000115e+04	1.684943351795183730e+00
5.246621245310000086e+04	1.749047083726448903e+00
5.246640845309999713e+04	1.748737009280940669e+00
5.246660345309999684e+04	1.723366527931268877e+00
5.246679845309999655e+04	1.725566573384503144e+00
5.246699445310000010e+04	1.710510598094828083e+00
5.246718945309999981e+04	1.743957774287281381e+00
5.246738445309999952e+04	1.721990136729381504e+00
5.246758045310000307e+04	1.691185561925220071e+00
5.246777545310000278e+04	1.743435453790054268e+00
5.246797045310000249e+04	1.708655906835495841e+00
5.246816645309999876e+04	1.715341390615215289e+00
5.246836145309999847e+04	1.702480042513823122e+00
5.246855645309999818e+04	1.730942456938786123e+00
5.246875245310000173e+04	1.683693425598695725e+00
5.246894745310000144e+04	1.724938388755587582e+00
5.246914245310000115e+04	1.733515668502557006e+00
5.246933745310000086e+04	1.668136866677018659e+00
5.246953345309999713e+04	1.690042495325357663e+00
5.246972845309999684e+04	1.704675698010206020e+00
5.246992345309999655e+04	1.708785544602280382e+00
5.247011945310000010e+04	1.722390782385069485e+00
5.247031445309999981e+04	1.717163851146638720e+00
5.247050945309999952e+04	1.706028734068386399e+00
5.247070545310000307e+04	1.690592732380428842e+00
5.247090045310000278e+04	1.676982608640525285e+00
5.247109545310000249e+04	1.703550208680375988e+00
5.247129145309999876e+04	1.706873336028698063e+00
5.247148645309999847e+04	1.700087317179983515e+00
5.247168145309999818e+04	1.649975829407095418e+00
5.247187745310000173e+04	1.745459356471773305e+00
5.247207245310000144e+04	1.712700186659191104e+00
5.247226745310000115e+04	1.745542176870051421e+00
5.247246245310000086e+04	1.734441023035678597e+00
5.247265845309999713e+04	1.695768319549646463e+00
5.247285345309999684e+04	1.699881956305864250e+00
5.247304845309999655e+04	1.753062988624765950e+00
5.247324445310000010e+04	1.753552355728942302e+00
5.247343945309999981e+04	1.714678035619360941e+00
5.247363445309999952e+04	1.656187073702398038e+00
5.247383045310000307e+04	1.701046923058239457e+00
5.247402545310000278e+04	1.689967885895271138e+00
5.247422045310000249e+04	1.671431999869854579e+00
5.247441645309999876e+04	1.698629644723910204e+00
5.247461145309999847e+04	1.677829195313069732e+00
5.247480645309999818e+04	1.664031359306632041e+00
5.247500245310000173e+04	1.662568283287924942e+00
5.247519745310000144e+04	1.708522888040619137e+00
5.247539245310000115e+04	1.649416924735877643e+00
5.247558745310000086e+04	1.678080585475122177e+00
5.247578345309999713e+04	1.656966302808871916e+00
5.247597845309999684e+04	1.698877516814494726e+00
5.247617345309999655e+04	1.701057615583238203e+00
5.247636945310000010e+04	1.679156098117530860e+00
5.247656445309999981e+04	1.658216585282003663e+00
5.247675945309999952e+04	1.671217872209567190e+00
5.247695545310000307e+04	1.653208453692013080e+00
5.247715045310000278e+04	1.642114836225292862e+00
5.247734545310000249e+04	1.686608381521201849e+00
5.247754145309999876e+04	1.693816629608972946e+00
5.247773645309999847e+04	1.710732854984565066e+00
5.247793145309999818e+04	1.646678535249270325e+00
5.247812745310000173e+04	1.689479352713281202e+00
5.247832245310000144e+04	1.694044350560979240e+00
5.247851745310000115e+04	1.657245481993669500e+00
5.247871245310000086e+04	1.690494809801863951e+00
5.247890845309999713e+04	1.688353117467745079e+00
5.247910345309999684e+04	1.688900286156604480e+00
5.247929845309999655e+04	1.658371137631856840e+00
5.247949445310000010e+04	1.700501232106930161e+00
5.247968945309999981e+04	1.673865045352558312e+00
5.247988445309999952e+04	1.690853491494605620e+00
5.248008045310000307e+04	1.719438823670277117e+00
5.248027545310000278e+04	1.709493925763112543e+00
5.248047045310000249e+04	1.733511470556498679e+00
5.248066645309999876e+04	1.678850565073513934e+00
5.248086145309999847e+04	1.709299337813565245e+00
5.248105645309999818e+04	1.735567185603413165e+00
5.248125245310000173e+04	1.700840565488071832e+00
5.248144745310000144e+04	1.685540534034810634e+00
5.248164245310000115e+04	1.735039107034664241e+00
5.248183745310000086e+04	1.671490564352424713e+00
5.248203345309999713e+04	1.695226616544797338e+00
5.248222845309999684e+04	1.671549220192344976e+00
5.248242345309999655e+04	1.658117517411792363e+00
5.248261945310000010e+04	1.710351097987325986e+00
5.248281445309999981e+04	1.726581437206712977e+00
5.248300945309999952e+04	1.647664924306260659e+00
5.248320545310000307e+04	1.687262032936640566e+00
5.248340045310000278e+04	1.676157124564042533e+00
5.248359545310000249e+04	1.678015542651252190e+00
5.248379145309999876e+04	1.685362752768709171e+00
5.248398645309999847e+04	1.667566779992275983e+00
5.248418145309999818e+04	1.658465992706474879e+00
5.248437745310000173e+04	1.662337045957912096e+00
5.248457245310000144e+04	1.681203979327545284e+00
5.248476745310000115e+04	1.708500596353868417e+00
5.248496245310000086e+04	1.654271394712527155e+00
5.248515845309999713e+04	1.679873901821398618e+00
5.248535345309999684e+04	1.680030503903955363e+00
5.248554845309999655e+04	1.702066163304325030e+00
5.248574445310000010e+04	1.722427943101402903e+00
5.248593945309999981e+04	1.664442721098017941e+00
5.248613445309999952e+04	1.677049667054561155e+00
5.248633045310000307e+04	1.688194560466500960e+00
5.248652545310000278e+04	1.684450321793599770e+00
5.248672045310000249e+04	1.697882630514268243e+00
5.248691645309999876e+04	1.706990284085348364e+00
5.248711145309999847e+04	1.709870398509634626e+00
5.248730645309999818e+04	1.737986956389667270e+00
5.248750245310000173e+04	1.679281877755219199e+00
5.248769745310000144e+04	1.765335944710116678e+00
5.248789245310000115e+04	1.705350033093985473e+00
5.248808745310000086e+04	1.704370413233846193e+00
5.248828345309999713e+04	1.724376194089566994e+00
5.248847845309999684e+04	1.745819367629199093e+00
5.248867345309999655e+04	1.689220681016966097e+00
5.248886945310000010e+04	1.726212633392961493e+00
5.248906445309999981e+04	1.722722396277076129e+00
5.248925945309999952e+04	1.715826267859576149e+00
5.248945545310000307e+04	1.697399658664702216e+00
5.248965045310000278e+04	1.724377289643099331e+00
5.248984545310000249e+04	1.697220872410705184e+00
5.249004145309999876e+04	1.681239103086408448e+00
5.249023645309999847e+04	1.694595588629148608e+00
5.249043145309999818e+04	1.707715622807251421e+00
5.249062745310000173e+04	1.713652870973325193e+00
5.249082245310000144e+04	1.683787078679985783e+00
5.249101745310000115e+04	1.703151335233574315e+00
5.249121245310000086e+04	1.706266932514299839e+00
5.249140845309999713e+04	1.703027879525713217e+00
5.249160345309999684e+04	1.695252211979774160e+00
5.249179845309999655e+04	1.722643693194337189e+00
5.249199445310000010e+04	1.671179621844757435e+00
5.249218945309999981e+04	1.686543362854049377e+00
5.249238445309999952e+04	1.720015019209297336e+00
5.249258045310000307e+04	1.711419891937392634e+00
5.249277545310000278e+04	1.652410963831499657e+00
5.249297045310000249e+04	1.705559639443571029e+00
5.249316645309999876e+04	1.694266767116829442e+00
5.249336145309999847e+04	1.731625602313119572e+00
5.249355645309999818e+04	1.707111525698550736e+00
5.249375245310000173e+04	1.699544619432176162e+00
5.249394745310000144e+04	1.693002355589467101e+00
5.249414245310000115e+04	1.659060750740518841e+00
5.249433745310000086e+04	1.664490685366965650e+00
5.249453345309999713e+04	1.671870955333789155e+00
5.249472845309999684e+04	1.696874995660815344e+00
5.249492345309999655e+04	1.698858323274851756e+00
5.249511945310000010e+04	1.673052350813444278e+00
5.249531445309999981e+04	1.712902235769405479e+00
5.249550945309999952e+04	1.694323079392244580e+00
5.249570545310000307e+04	1.707316821828520403e+00
5.249590045310000278e+04	1.689459054085382661e+00
5.249609545310000249e+04	1.729708819065072234e+00
5.249629145309999876e+04	1.678383109943485607e+00
5.249648645309999847e+04	1.701693857540160337e+00
5.249668145309999818e+04	1.697059086102420622e+00
5.249687745310000173e+04	1.702271596002933762e+00
5.249707245310000144e+04	1.733713336134162120e+00
5.249726745310000115e+04	1.703241710604208592e+00
5.249746245310000086e+04	1.729449505696312173e+00
5.249765845309999713e+04	1.706619063312295737e+00
5.249785345309999684e+04	1.700444843606350176e+00
5.249804845309999655e+04	1.731388762638655265e+00
5.249824445310000010e+04	1.664023944840970159e+00
5.249843945309999981e+04	1.720594304835149302e+00
5.249863445309999952e+04	1.693662315611534908e+00
5.249883045310000307e+04	1.725850305247409011e+00
5.249902545310000278e+04	1.706184061298914756e+00
5.249922045310000249e+04	1.734919199472246376e+00
5.249941645309999876e+04	1.712853367816119743e+00
5.249961145309999847e+04	1.703443843106386524e+00
5.249980645309999818e+04	1.675285864976300942e+00
5.250000245310000173e+04	1.693337594615369923e+00
5.250019745310000144e+04	1.712504621153744466e+00
5.250039245310000115e+04	1.674332592454671698e+00
5.250058745310000086e+04	1.683912741491496945e+00
5.250078345309999713e+04	1.714828920199952478e+00
5.250097845309999684e+04	1.678547040497186060e+00
5.250117345309999655e+04	1.695159611217277984e+00
5.250136945310000010e+04	1.704656509323275060e+00
5.250156445309999981e+04	1.708693089835847445e+00
5.250175945309999952e+04	1.714473901448510418e+00
5.250195545310000307e+04	1.684863421477267309e+00
5.250215045310000278e+04	1.727921496103244081e+00
5.250234545310000249e+04	1.681436124425182754e+00
5.250254145309999876e+04	1.685627869491913344e+00
5.250273645309999847e+04	1.738232395672012487e+00
5.250293145309999818e+04	1.671602568509522158e+00
5.250312745310000173e+04	1.724637664712565410e+00
5.250332245310000144e+04	1.721093954312609142e+00
5.250351745310000115e+04	1.719642913605330392e+00
5.250371245310000086e+04	1.696498309472293187e+00
5.250390845309999713e+04	1.706019140293165037e+00
5.250410345309999684e+04	1.726211720504862157e+00
5.250429845309999655e+04	1.685351046958011523e+00
5.250449445310000010e+04	1.735443904484302635e+00
5.250468945309999981e+04	1.737567422478939250e+00
5.250488445309999952e+04	1.739510097270734690e+00
5.250508045310000307e+04	1.685780042730005590e+00
5.250527545310000278e+04	1.731959272855947418e+00
5.250547045310000249e+04	1.762314237902934622e+00
5.250566645309999876e+04	1.694687094694863561e+00
5.250586145309999847e+04	1.698400872493143865e+00
5.250605645309999818e+04	1.689611384791639637e+00
5.250625245310000173e+04	1.693392994975368993e+00
5.250644745310000144e+04	1.696002419775057390e+00
5.250664245310000115e+04	1.711652736246085382e+00
5.250683745310000086e+04	1.731754197472044510e+00
5.250703345309999713e+04	1.729699235201923813e+00
5.250722845309999684e+04	1.708301706041533308e+00
5.250742345309999655e+04	1.686138889568308485e+00
5.250761945310000010e+04	1.752447321296093818e+00
5.250781445309999981e+04	1.738767699649855558e+00
5.250800945309999952e+04	1.701422620668717300e+00
5.250820545310000307e+04	1.740808984255789227e+00
5.250840045310000278e+04	1.731884891030979645e+00
5.250859545310000249e+04	1.671374533326201117e+00
5.250879145309999876e+04	1.684254423794781630e+00
5.250898645309999847e+04	1.715871019621413751e+00
5.250918145309999818e+04	1.744637429851787047e+00
5.250937745310000173e+04	1.693670817535330997e+00
5.250957245310000144e+04	1.714653557881867130e+00
5.250976745310000115e+04	1.678197680389848401e+00
5.250996245310000086e+04	1.704899107968817162e+00
5.251015845309999713e+04	1.729742864565524840e+00
5.251035345309999684e+04	1.692611800974768599e+00
5.251054845309999655e+04	1.721600988774092400e+00
5.251074445310000010e+04	1.730313507078918178e+00
5.251093945309999981e+04	1.684733556980544833e+00
5.251113445309999952e+04	1.688980110979443339e+00
5.251133045310000307e+04	1.707400785314518998e+00
5.251152545310000278e+04	1.744246751232417125e+00
5.251172045310000249e+04	1.722184616922575628e+00
5.251191645309999876e+04	1.731548116307852325e+00
5.251211145309999847e+04	1.717318007030881333e+00
5.251230645309999818e+04	1.689741221690175266e+00
5.251250245310000173e+04	1.713397760063635644e+00
5.251269745310000144e+04	1.725055427221374060e+00
5.251289245310000115e+04	1.709753465147077378e+00
5.251308745310000086e+04	1.734644066731689804e+00
5.251328345309999713e+04	1.683822198486964794e+00
5.251347845309999684e+04	1.667475257293233426e+00
5.251367345309999655e+04	1.682281540809050568e+00
5.251386945310000010e+04	1.733418020427567541e+00
5.251406445309999981e+04	1.667112915349219904e+00
5.251425945309999952e+04	1.705433090067678847e+00
5.251445545310000307e+04	1.721244887948582658e+00
5.251465045310000278e+04	1.714639674974351990e+00
5.251484545310000249e+04	1.674430583997072119e+00
5.251504145309999876e+04	1.666344738853267060e+00
5.251523645309999847e+04	1.736961922393369662e+00
5.251543145309999818e+04	1.694220967583110138e+00
5.251562745310000173e+04	1.695947117125943038e+00
5.251582245310000144e+04	1.731602329158887343e+00
5.251601745310000115e+04	1.663996209225992118e+00
5.251621245310000086e+04	1.659680029853952021e+00
5.251640845309999713e+04	1.686282646207812874e+00
5.251660345309999684e+04	1.684713345608997770e+00
5.251679845309999655e+04	1.654758571040982673e+00
5.251699445310000010e+04	1.685123239719104049e+00
5.251718945309999981e+04	1.696182312428769379e+00
5.251738445309999952e+04	1.688159447349207198e+00
5.251758045310000307e+04	1.678112512194669392e+00
5.251777545310000278e+04	1.700776775216850112e+00
5.251797045310000249e+04	1.704108711225174488e+00
5.251816645309999876e+04	1.675783300336110671e+00
5.251836145309999847e+04	1.673636026146700928e+00
5.251855645309999818e+04	1.686676509181577188e+00
5.251875245310000173e+04	1.701671559212199369e+00
5.251894745310000144e+04	1.673235442916613636e+00
5.251914245310000115e+04	1.677687672784745843e+00
5.251933745310000086e+04	1.656438609180506560e+00
5.251953345309999713e+04	1.665981372264930371e+00
5.251972845309999684e+04	1.670247409651853587e+00
5.251992345309999655e+04	1.714248392726684500e+00
5.252011945310000010e+04	1.699037188162114020e+00
5.252031445309999981e+04	1.638456004154706491e+00
5.252050945309999952e+04	1.680952623359985409e+00
5.252070545310000307e+04	1.681602136914799317e+00
5.252090045310000278e+04	1.718708468146399326e+00
5.252109545310000249e+04	1.683582669361973316e+00
5.252129145309999876e+04	1.693043952189672297e+00
5.252148645309999847e+04	1.658612028470367150e+00
5.252168145309999818e+04	1.696576005504095264e+00
5.252187745310000173e+04	1.668951931531294619e+00
5.252207245310000144e+04	1.674512563528352871e+00
5.252226745310000115e+04	1.713167034324470706e+00
5.252246245310000086e+04	1.683452797619242602e+00
5.252265845309999713e+04	1.656706165922603446e+00
5.252285345309999684e+04	1.666209460981168178e+00
5.252304845309999655e+04	1.637070205953749635e+00
5.252324445310000010e+04	1.655470727338894221e+00
5.252343945309999981e+04	1.684332161295982289e+00
5.252363445309999952e+04	1.658565150633457108e+00
5.252383045310000307e+04	1.643305274415629569e+00
5.252402545310000278e+04	1.604938053805717857e+00
5.252422045310000249e+04	1.685057302316351979e+00
5.252441645309999876e+04	1.665772502522120391e+00
5.252461145309999847e+04	1.678851662804301981e+00
5.252480645309999818e+04	1.675787600355709728e+00
5.252500245310000173e+04	1.697229281611349450e+00
5.252519745310000144e+04	1.663078718184662463e+00
5.252539245310000115e+04	1.688487259127185780e+00
5.252558745310000086e+04	1.719184781666987405e+00
5.252578345309999713e+04	1.684069224569469725e+00
5.252597845309999684e+04	1.681072996502962269e+00
5.252617345309999655e+04	1.693779331060165205e+00
5.252636945310000010e+04	1.651077112141949854e+00
5.252656445309999981e+04	1.670047180874981052e+00
5.252675945309999952e+04	1.651024906815624860e+00
5.252695545310000307e+04	1.671272227881583916e+00
5.252715045310000278e+04	1.668450138343573030e+00
5.252734545310000249e+04	1.650692255356830174e+00
5.252754145309999876e+04	1.678427751862010098e+00
5.252773645309999847e+04	1.667020292546093074e+00
5.252793145309999818e+04	1.658979723188311439e+00
5.252812745310000173e+04	1.673058664358537229e+00
5.252832245310000144e+04	1.651190223275815327e+00
5.252851745310000115e+04	1.695328815289528279e+00
5.252871245310000086e+04	1.671926316017218639e+00
5.252890845309999713e+04	1.670027963213204458e+00
5.252910345309999684e+04	1.692491579758645059e+00
5.252929845309999655e+04	1.678697156679703539e+00
5.252949445310000010e+04	1.673962032422247503e+00
5.252968945309999981e+04	1.699301050167889571e+00
5.252988445309999952e+04	1.660111702573857428e+00
5.253008045310000307e+04	1.683917954562705432e+00
5.253027545310000278e+04	1.694890308158790049e+00
5.253047045310000249e+04	1.651657224407937719e+00
5.253066645309999876e+04	1.638663014459403655e+00
5.253086145309999847e+04	1.711471960112927349e+00
5.253105645309999818e+04	1.698146597204155839e+00
