# time(sec)	crack length FEA(mm)
6.915312745309999445e+04	2.250201795454918496e+00
6.915332245310000144e+04	2.299367277779191809e+00
6.915351745309999387e+04	2.291084984595958218e+00
6.915371245310000086e+04	2.320721623785344079e+00
6.915390845309999713e+04	2.276514686499433893e+00
6.915410345310000412e+04	2.271708329388060221e+00
6.915429845309999655e+04	2.283744039712800600e+00
6.915449445309999282e+04	2.267553478206437489e+00
6.915468945309999981e+04	2.308700786020585483e+00
6.915488445310000679e+04	2.283539745941684629e+00
6.915508045310000307e+04	2.277485328680683097e+00
6.915527545309999550e+04	2.280221979023268730e+00
6.915547045310000249e+04	2.279245043579633645e+00
6.915566645309999876e+04	2.290955540798266910e+00
6.915586145310000575e+04	2.293217849317169765e+00
6.915605645309999818e+04	2.258955072656831931e+00
6.915625245309999445e+04	2.292999222119966873e+00
6.915644745310000144e+04	2.302112700448049054e+00
6.915664245309999387e+04	2.291064241589948480e+00
6.915683745310000086e+04	2.275766810447956701e+00
6.915703345309999713e+04	2.251311740535067329e+00
6.915722845310000412e+04	2.289676463585275101e+00
6.915742345309999655e+04	2.266511903012808915e+00
6.915761945309999282e+04	2.261879789318296474e+00
6.915781445309999981e+04	2.262513767262252173e+00
6.915800945310000679e+04	2.284660399635413341e+00
6.915820545310000307e+04	2.297961420294353019e+00
6.915840045309999550e+04	2.265872691858996646e+00
6.915859545310000249e+04	2.256850200284329588e+00
6.915879145309999876e+04	2.290383272618704780e+00
6.915898645310000575e+04	2.293105776443372434e+00
6.915918145309999818e+04	2.289574967550070284e+00
6.915937745309999445e+04	2.300907860329946431e+00
6.915957245310000144e+04	2.277517575790533044e+00
6.915976745309999387e+04	2.293356626615913996e+00
6.915996245310000086e+04	2.318000475951064843e+00
6.916015845309999713e+04	2.304820147614865533e+00
6.916035345310000412e+04	2.311571171081991949e+00
6.916054845309999655e+04	2.290257831021786927e+00
6.916074445309999282e+04	2.274169772183523008e+00
6.916093945309999981e+04	2.275847790742442811e+00
6.916113445310000679e+04	2.284523705010023775e+00
6.916133045310000307e+04	2.326287084455563203e+00
6.916152545309999550e+04	2.312595417751865057e+00
6.916172045310000249e+04	2.265075791103821956e+00
6.916191645309999876e+04	2.316461085085579796e+00
6.916211145310000575e+04	2.320994920341274081e+00
6.916230645309999818e+04	2.294430318649414602e+00
6.916250245309999445e+04	2.287542366865999099e+00
6.916269745310000144e+04	2.317506712373905486e+00
6.916289245309999387e+04	2.299053488386677557e+00
6.916308745310000086e+04	2.300416918087297091e+00
6.916328345309999713e+04	2.298252530998682985e+00
6.916347845310000412e+04	2.308751668110799571e+00
6.916367345309999655e+04	2.339224973842686239e+00
6.916386945309999282e+04	2.327561910455253624e+00
6.916406445309999981e+04	2.310252103353260367e+00
6.916425945310000679e+04	2.312397527320818824e+00
6.916445545310000307e+04	2.330392519842952481e+00
6.916465045309999550e+04	2.282243674423813928e+00
6.916484545310000249e+04	2.334277995052705279e+00
6.916504145309999876e+04	2.300199251968562564e+00
6.916523645310000575e+04	2.330175415631615010e+00
6.916543145309999818e+04	2.306765222563624818e+00
6.916562745309999445e+04	2.335583366786547543e+00
6.916582245310000144e+04	2.264510340497647434e+00
6.916601745309999387e+04	2.309601701919238081e+00
6.916621245310000086e+04	2.299153872999140091e+00
6.916640845309999713e+04	2.326613019578264385e+00
6.916660345310000412e+04	2.318625645000542690e+00
6.916679845309999655e+04	2.317809836325332995e+00
6.916699445309999282e+04	2.316043851836614209e+00
6.916718945309999981e+04	2.265947469465210418e+00
6.916738445310000679e+04	2.278765110917557735e+00
6.916758045310000307e+04	2.306367556161774246e+00
6.916777545309999550e+04	2.302386138398420101e+00
6.916797045310000249e+04	2.321933473541108128e+00
6.916816645309999876e+04	2.334983466911053185e+00
6.916836145310000575e+04	2.325475825517981932e+00
6.916855645309999818e+04	2.300812555918948732e+00
6.916875245309999445e+04	2.299007834595609978e+00
6.916894745310000144e+04	2.319797244675999792e+00
6.916914245309999387e+04	2.309252832645858788e+00
6.916933745310000086e+04	2.304006231104898106e+00
6.916953345309999713e+04	2.300605305225591479e+00
6.916972845310000412e+04	2.301505483476377734e+00
6.916992345309999655e+04	2.345253255965458195e+00
6.917011945309999282e+04	2.338208358718883773e+00
6.917031445309999981e+04	2.346540306333730896e+00
6.917050945310000679e+04	2.347787944347999201e+00
6.917070545310000307e+04	2.273909349406306291e+00
6.917090045309999550e+04	2.300180564262369387e+00
6.917109545310000249e+04	2.293694531008068083e+00
6.917129145309999876e+04	2.333310911063634308e+00
6.917148645310000575e+04	2.303436436117902275e+00
6.917168145309999818e+04	2.300548442200947008e+00
6.917187745309999445e+04	2.299566352857752349e+00
6.917207245310000144e+04	2.268716558658327997e+00
6.917226745309999387e+04	2.302013130109990868e+00
6.917246245310000086e+04	2.313930798278480694e+00
6.917265845309999713e+04	2.282217757562715832e+00
6.917285345310000412e+04	2.299590113598934948e+00
6.917304845309999655e+04	2.291096468912805051e+00
6.917324445309999282e+04	2.280476983428929572e+00
6.917343945309999981e+04	2.278196803029340245e+00
6.917363445310000679e+04	2.283349075990413368e+00
6.917383045310000307e+04	2.359075545693457343e+00
6.917402545309999550e+04	2.299506283454324063e+00
6.917422045310000249e+04	2.339184555314110625e+00
6.917441645309999876e+04	2.326250997532898879e+00
6.917461145310000575e+04	2.325617600212353864e+00
6.917480645309999818e+04	2.294861311844705654e+00
6.917500245309999445e+04	2.308129244000438618e+00
6.917519745310000144e+04	2.357763310443010241e+00
6.917539245309999387e+04	2.321700728159841631e+00
6.917558745310000086e+04	2.313580930162007832e+00
6.917578345309999713e+04	2.292449974062197526e+00
6.917597845310000412e+04	2.255457154855083246e+00
6.917617345309999655e+04	2.298276471145854316e+00
6.917636945309999282e+04	2.348864053092402315e+00
6.917656445309999981e+04	2.315866800988642282e+00
6.917675945310000679e+04	2.338683004067419802e+00
6.917695545310000307e+04	2.275187200263493636e+00
6.917715045309999550e+04	2.282601519938625145e+00
6.917734545310000249e+04	2.300675694150475792e+00
6.917754145309999876e+04	2.362066546243317688e+00
6.917773645310000575e+04	2.342146193326117398e+00
6.917793145309999818e+04	2.310702534259267082e+00
6.917812745309999445e+04	2.311862280407721570e+00
6.917832245310000144e+04	2.256794116360303804e+00
6.917851745309999387e+04	2.273229990588072624e+00
6.917871245310000086e+04	2.277399276770818659e+00
6.917890845309999713e+04	2.314616288929126853e+00
6.917910345310000412e+04	2.298381042116670159e+00
6.917929845309999655e+04	2.321791675176605452e+00
6.917949445309999282e+04	2.315194955247521946e+00
6.917968945309999981e+04	2.260297172122584186e+00
6.917988445310000679e+04	2.299517496422025076e+00
6.918008045310000307e+04	2.323941222824663200e+00
6.918027545309999550e+04	2.286193725961853218e+00
6.918047045310000249e+04	2.312967980587393058e+00
6.918066645309999876e+04	2.294750315433084609e+00
6.918086145310000575e+04	2.282916611570795951e+00
6.918105645309999818e+04	2.304241209424144898e+00
6.918125245309999445e+04	2.291358558987663940e+00
6.918144745310000144e+04	2.280615840687193696e+00
6.918164245309999387e+04	2.317006624337892617e+00
6.918183745310000086e+04	2.279815462256351566e+00
6.918203345309999713e+04	2.252012551482495795e+00
6.918222845310000412e+04	2.295086062294755536e+00
6.918242345309999655e+04	2.284162951815716269e+00
6.918261945309999282e+04	2.293621894461717048e+00
6.918281445309999981e+04	2.292077866328892100e+00
6.918300945310000679e+04	2.307653941062932645e+00
6.918320545310000307e+04	2.274624146018942028e+00
6.918340045309999550e+04	2.310625773085563495e+00
6.918359545310000249e+04	2.306687558077161526e+00
6.918379145309999876e+04	2.296975121901084549e+00
6.918398645310000575e+04	2.298145734487304637e+00
6.918418145309999818e+04	2.321586932733248787e+00
6.918437745309999445e+04	2.313684450436333861e+00
6.918457245310000144e+04	2.300525483379583846e+00
6.918476745309999387e+04	2.323677385568142739e+00
6.918496245310000086e+04	2.313414265058144181e+00
6.918515845309999713e+04	2.329852643570761828e+00
6.918535345310000412e+04	2.306497087659497680e+00
6.918554845309999655e+04	2.335702420804508961e+00
6.918574445309999282e+04	2.283151012610202812e+00
6.918593945309999981e+04	2.333349118971806746e+00
6.918613445310000679e+04	2.292329618370450461e+00
6.918633045310000307e+04	2.305433412296675755e+00
6.918652545309999550e+04	2.330906789692829051e+00
6.918672045310000249e+04	2.289411059372863377e+00
6.918691645309999876e+04	2.340575531914163676e+00
6.918711145310000575e+04	2.308486581810043958e+00
6.918730645309999818e+04	2.291631150735987887e+00
6.918750245309999445e+04	2.296025894966749803e+00
6.918769745310000144e+04	2.311071126491853533e+00
6.918789245309999387e+04	2.319234258648950942e+00
6.918808745310000086e+04	2.301589484004967545e+00
6.918828345309999713e+04	2.335537966167118284e+00
6.918847845310000412e+04	2.325560801557013946e+00
6.918867345309999655e+04	2.271288112211758303e+00
6.918886945309999282e+04	2.284149326610640074e+00
6.918906445309999981e+04	2.346252762375492296e+00
6.918925945310000679e+04	2.294679907636940186e+00
6.918945545310000307e+04	2.285383130599553780e+00
6.918965045309999550e+04	2.340295105161306566e+00
6.918984545310000249e+04	2.307838174427843114e+00
6.919004145309999876e+04	2.274399989425733182e+00
6.919023645310000575e+04	2.316981815265934941e+00
6.919043145309999818e+04	2.266761985345269181e+00
6.919062745309999445e+04	2.318440345708941308e+00
6.919082245310000144e+04	2.286213404992192721e+00
6.919101745309999387e+04	2.328372026188612054e+00
6.919121245310000086e+04	2.312473037182158464e+00
6.919140845309999713e+04	2.309989970396571834e+00
6.919160345310000412e+04	2.260369828967551342e+00
6.919179845309999655e+04	2.286462285335639777e+00
6.919199445309999282e+04	2.304605905774078423e+00
6.919218945309999981e+04	2.310897237824274697e+00
6.919238445310000679e+04	2.301793611077407320e+00
6.919258045310000307e+04	2.324442042686660770e+00
6.919277545309999550e+04	2.301649547746471569e+00
6.919297045310000249e+04	2.277201160128857538e+00
6.919316645309999876e+04	2.290615457884484840e+00
6.919336145310000575e+04	2.302368520305094535e+00
6.919355645309999818e+04	2.297545884493432666e+00
6.919375245309999445e+04	2.352944779396866082e+00
6.919394745310000144e+04	2.315361606911670478e+00
6.919414245309999387e+04	2.286154189757487742e+00
6.919433745310000086e+04	2.330468145900251642e+00
6.919453345309999713e+04	2.319085152079818357e+00
6.919472845310000412e+04	2.323708320827499563e+00
6.919492345309999655e+04	2.315670273774051324e+00
6.919511945309999282e+04	2.323732233397688418e+00
6.919531445309999981e+04	2.303075991383288113e+00
6.919550945310000679e+04	2.322431316384109934e+00
6.919570545310000307e+04	2.323121699141776020e+00
6.919590045309999550e+04	2.346546433696584444e+00
6.919609545310000249e+04	2.315979647725328050e+00
6.919629145309999876e+04	2.293395081749194375e+00
6.919648645310000575e+04	2.336645590218140001e+00
6.919668145309999818e+04	2.280852403707987364e+00
6.919687745309999445e+04	2.338260061178626614e+00
6.919707245310000144e+04	2.326431964856364942e+00
6.919726745309999387e+04	2.371737059470639508e+00
6.919746245310000086e+04	2.286030861278591786e+00
6.919765845309999713e+04	2.315152536239967418e+00
6.919785345310000412e+04	2.331288551988269120e+00
6.919804845309999655e+04	2.358508414047374657e+00
6.919824445309999282e+04	2.312354035658064078e+00
6.919843945309999981e+04	2.350515896295512164e+00
6.919863445310000679e+04	2.368639941290719975e+00
6.919883045310000307e+04	2.372022940336858454e+00
6.919902545309999550e+04	2.322378598914674797e+00
6.919922045310000249e+04	2.310668378683056190e+00
6.919941645309999876e+04	2.363763629454085802e+00
6.919961145310000575e+04	2.318122559137743011e+00
6.919980645309999818e+04	2.344876708698741652e+00
6.920000245309999445e+04	2.329266007477494682e+00
6.920019745310000144e+04	2.348188061551033101e+00
6.920039245309999387e+04	2.292053919468434842e+00
6.920058745310000086e+04	2.361216136340129168e+00
6.920078345309999713e+04	2.346707786971894194e+00
6.920097845310000412e+04	2.307783287101257130e+00
6.920117345309999655e+04	2.315110117150926072e+00
6.920136945309999282e+04	2.336410956608181877e+00
6.920156445309999981e+04	2.322091806563097549e+00
6.920175945310000679e+04	2.388589876176592242e+00
6.920195545310000307e+04	2.353924318210509625e+00
6.920215045309999550e+04	2.358713878921046003e+00
6.920234545310000249e+04	2.323898820621170813e+00
6.920254145309999876e+04	2.349394318556857542e+00
6.920273645310000575e+04	2.316725008610845293e+00
6.920293145309999818e+04	2.341820576511629781e+00
6.920312745309999445e+04	2.310027329202819502e+00
6.920332245310000144e+04	2.328214804737413601e+00
6.920351745309999387e+04	2.342466653841581703e+00
6.920371245310000086e+04	2.318681572360238974e+00
6.920390845309999713e+04	2.347118046995930740e+00
6.920410345310000412e+04	2.297023716951168026e+00
6.920429845309999655e+04	2.365453749926661686e+00
6.920449445309999282e+04	2.308803439627748588e+00
6.920468945309999981e+04	2.326708301584389460e+00
6.920488445310000679e+04	2.367657863149936759e+00
6.920508045310000307e+04	2.327034230484947841e+00
6.920527545309999550e+04	2.337965213394975095e+00
6.920547045310000249e+04	2.298886713652024127e+00
6.920566645309999876e+04	2.348655299741093216e+00
6.920586145310000575e+04	2.349079108708892250e+00
6.920605645309999818e+04	2.324360440225461844e+00
6.920625245309999445e+04	2.326200155758451515e+00
6.920644745310000144e+04	2.326378190340092189e+00
6.920664245309999387e+04	2.333509413753569461e+00
6.920683745310000086e+04	2.316583176785083964e+00
6.920703345309999713e+04	2.358667549643932659e+00
6.920722845310000412e+04	2.334501545001014478e+00
6.920742345309999655e+04	2.344999797734759639e+00
6.920761945309999282e+04	2.345477405104352542e+00
6.920781445309999981e+04	2.319568477764830661e+00
6.920800945310000679e+04	2.346660100408669791e+00
6.920820545310000307e+04	2.358930968449762133e+00
6.920840045309999550e+04	2.394202455805768182e+00
6.920859545310000249e+04	2.328901718252719633e+00
6.920879145309999876e+04	2.342513194837199109e+00
6.920898645310000575e+04	2.330066640552811208e+00
6.920918145309999818e+04	2.293687320773322824e+00
6.920937745309999445e+04	2.342208278473885130e+00
6.920957245310000144e+04	2.334311047890517798e+00
6.920976745309999387e+04	2.308496722753897501e+00
6.920996245310000086e+04	2.317833844204626459e+00
6.921015845309999713e+04	2.296854790841091898e+00
6.921035345310000412e+04	2.326768297039446765e+00
6.921054845309999655e+04	2.347135629397705259e+00
6.921074445309999282e+04	2.271431304159801101e+00
6.921093945309999981e+04	2.304797460142866683e+00
6.921113445310000679e+04	2.321871331297893803e+00
6.921133045310000307e+04	2.334996971945624722e+00
6.921152545309999550e+04	2.288694870556094330e+00
6.921172045310000249e+04	2.335650712347307589e+00
6.921191645309999876e+04	2.298908339262265343e+00
6.921211145310000575e+04	2.295495413778535720e+00
6.921230645309999818e+04	2.319805513315138512e+00
6.921250245309999445e+04	2.314263319039769229e+00
6.921269745310000144e+04	2.309601701919238081e+00
6.921289245309999387e+04	2.310050278152470327e+00
6.921308745310000086e+04	2.343795342857726283e+00
6.921328345309999713e+04	2.326964992105722274e+00
6.921347845310000412e+04	2.331490271948460702e+00
6.921367345309999655e+04	2.313426627134113289e+00
6.921386945309999282e+04	2.280890613386382881e+00
6.921406445309999981e+04	2.274143845865770786e+00
6.921425945310000679e+04	2.256338484944468092e+00
6.921445545310000307e+04	2.310390862668267431e+00
6.921465045309999550e+04	2.274314816452617904e+00
6.921484545310000249e+04	2.303347281981395156e+00
6.921504145309999876e+04	2.290701458403336943e+00
6.921523645310000575e+04	2.312546590120410528e+00
6.921543145309999818e+04	2.296152371907664858e+00
6.921562745309999445e+04	2.316439209880915229e+00
6.921582245310000144e+04	2.298185249256654572e+00
6.921601745309999387e+04	2.328874789583817773e+00
6.921621245310000086e+04	2.297593677293024328e+00
6.921640845309999713e+04	2.324126475940552439e+00
6.921660345310000412e+04	2.294516215320099306e+00
6.921679845309999655e+04	2.303022159956809034e+00
6.921699445309999282e+04	2.294868521696592722e+00
6.921718945309999981e+04	2.310951139010358091e+00
6.921738445310000679e+04	2.293131858584656513e+00
6.921758045310000307e+04	2.297012413716450041e+00
6.921777545309999550e+04	2.336498822345598469e+00
6.921797045310000249e+04	2.329056002005893689e+00
6.921816645309999876e+04	2.300687173486117842e+00
6.921836145310000575e+04	2.297359429287341825e+00
6.921855645309999818e+04	2.309948697737151946e+00
6.921875245309999445e+04	2.312045500319461766e+00
6.921894745310000144e+04	2.306422447005942900e+00
6.921914245309999387e+04	2.328607011955693196e+00
6.921933745310000086e+04	2.308674900156979959e+00
6.921953345309999713e+04	2.297361476298146243e+00
6.921972845310000412e+04	2.326279884852553437e+00
6.921992345309999655e+04	2.285145547422050782e+00
6.922011945309999282e+04	2.328675178689820768e+00
6.922031445309999981e+04	2.290250619666341692e+00
6.922050945310000679e+04	2.310477764692764779e+00
6.922070545310000307e+04	2.298843195384566940e+00
6.922090045309999550e+04	2.259936023950315231e+00
6.922109545310000249e+04	2.332801851013233119e+00
6.922129145309999876e+04	2.327705804824461211e+00
6.922148645310000575e+04	2.304803599108176115e+00
6.922168145309999818e+04	2.291976203270538193e+00
6.922187745309999445e+04	2.333571523225579369e+00
6.922207245310000144e+04	2.305677716973013602e+00
6.922226745309999387e+04	2.310150523866145278e+00
6.922246245310000086e+04	2.335865719225495241e+00
6.922265845309999713e+04	2.320971982764321595e+00
6.922285345310000412e+04	2.343060221807647281e+00
6.922304845309999655e+04	2.314551013491730203e+00
6.922324445309999282e+04	2.332277495325845607e+00
6.922343945309999981e+04	2.322516126348945775e+00
6.922363445310000679e+04	2.358205582842121117e+00
6.922383045310000307e+04	2.327297049928754191e+00
6.922402545309999550e+04	2.295798038834739430e+00
6.922422045310000249e+04	2.328083356434650142e+00
6.922441645309999876e+04	2.297090112213208357e+00
6.922461145310000575e+04	2.313346051176337070e+00
6.922480645309999818e+04	2.330458903716790431e+00
6.922500245309999445e+04	2.305888122877535196e+00
6.922519745310000144e+04	2.340249803070548751e+00
6.922539245309999387e+04	2.316346195557292376e+00
6.922558745310000086e+04	2.327959195283376914e+00
6.922578345309999713e+04	2.309091205212157050e+00
6.922597845310000412e+04	2.307703580141058808e+00
6.922617345309999655e+04	2.349399379635940477e+00
6.922636945309999282e+04	2.312425543377237602e+00
6.922656445309999981e+04	2.330545726768347592e+00
6.922675945310000679e+04	2.320566303772677585e+00
6.922695545310000307e+04	2.332408918638787299e+00
6.922715045309999550e+04	2.297474417600327001e+00
6.922734545310000249e+04	2.311421034372331818e+00
6.922754145309999876e+04	2.345363732291890102e+00
6.922773645310000575e+04	2.327200792781894734e+00
6.922793145309999818e+04	2.314644302170743018e+00
6.922812745309999445e+04	2.350861094925351225e+00
6.922832245310000144e+04	2.330846805491306739e+00
6.922851745309999387e+04	2.323918554990164864e+00
6.922871245310000086e+04	2.342557692910965272e+00
6.922890845309999713e+04	2.310624972562070667e+00
6.922910345310000412e+04	2.316877243387413188e+00
6.922929845309999655e+04	2.288050156138343283e+00
6.922949445309999282e+04	2.349031516069588932e+00
6.922968945309999981e+04	2.327722336174282702e+00
6.922988445310000679e+04	2.291251818194204759e+00
6.923008045310000307e+04	2.340645793490727655e+00
6.923027545309999550e+04	2.334613141424544125e+00
6.923047045310000249e+04	2.287513339808022295e+00
6.923066645309999876e+04	2.336248461819451450e+00
6.923086145310000575e+04	2.317607991270651979e+00
6.923105645309999818e+04	2.362731907189745684e+00
6.923125245309999445e+04	2.307562668918500037e+00
6.923144745310000144e+04	2.311080465742163526e+00
6.923164245309999387e+04	2.317672279565442750e+00
6.923183745310000086e+04	2.306775631185393749e+00
6.923203345309999713e+04	2.322194397931609089e+00
6.923222845310000412e+04	2.348430916540873881e+00
6.923242345309999655e+04	2.315956882787853388e+00
6.923261945309999282e+04	2.305182610184779435e+00
6.923281445309999981e+04	2.310451880911601918e+00
6.923300945310000679e+04	2.340995232695526340e+00
6.923320545310000307e+04	2.332130698380405320e+00
6.923340045309999550e+04	2.311531947075648574e+00
6.923359545310000249e+04	2.322994309768468213e+00
6.923379145309999876e+04	2.313979533915844655e+00
6.923398645310000575e+04	2.333135153833506337e+00
6.923418145309999818e+04	2.313995097281031477e+00
6.923437745309999445e+04	2.299204777078758255e+00
6.923457245310000144e+04	2.305289372694652172e+00
6.923476745309999387e+04	2.325932345666618772e+00
6.923496245310000086e+04	2.323874019294574822e+00
6.923515845309999713e+04	2.355815537576797070e+00
6.923535345310000412e+04	2.332680915313511960e+00
6.923554845309999655e+04	2.342807981799921890e+00
6.923574445309999282e+04	2.337906314434818000e+00
6.923593945309999981e+04	2.307877493952348757e+00
6.923613445310000679e+04	2.331667197496290811e+00
6.923633045310000307e+04	2.328169211195758592e+00
6.923652545309999550e+04	2.346782113867460495e+00
6.923672045310000249e+04	2.323655517513818936e+00
6.923691645309999876e+04	2.310252103353260367e+00
6.923711145310000575e+04	2.353243421729560581e+00
6.923730645309999818e+04	2.332423313842518553e+00
6.923750245309999445e+04	2.340492745546693953e+00
6.923769745310000144e+04	2.342960836036533934e+00
6.923789245309999387e+04	2.352049627126891806e+00
6.923808745310000086e+04	2.334926692366039447e+00
6.923828345309999713e+04	2.380155284586759734e+00
6.923847845310000412e+04	2.333624302811106332e+00
6.923867345309999655e+04	2.365763668165065781e+00
6.923886945309999282e+04	2.319778573543963773e+00
6.923906445309999981e+04	2.363122258299842571e+00
6.923925945310000679e+04	2.339512343003001149e+00
6.923945545310000307e+04	2.328132949598282764e+00
6.923965045309999550e+04	2.344941983273153951e+00
6.923984545310000249e+04	2.364894856851272209e+00
6.924004145309999876e+04	2.346634347845581559e+00
6.924023645310000575e+04	2.319339797394750491e+00
6.924043145309999818e+04	2.366997885566659576e+00
6.924062745309999445e+04	2.347217414021557147e+00
6.924082245310000144e+04	2.357780884350191286e+00
6.924101745309999387e+04	2.344912942772086950e+00
6.924121245310000086e+04	2.336147001918204680e+00
6.924140845309999713e+04	2.342092457112840975e+00
6.924160345310000412e+04	2.323702187115728179e+00
6.924179845309999655e+04	2.372184107031451106e+00
6.924199445309999282e+04	2.344547046942007995e+00
6.924218945309999981e+04	2.297783156481518319e+00
6.924238445310000679e+04	2.322396112152047110e+00
6.924258045310000307e+04	2.366068258620309450e+00
6.924277545309999550e+04	2.338389227962352379e+00
6.924297045310000249e+04	2.305064725980816576e+00
6.924316645309999876e+04	2.338523724070508791e+00
6.924336145310000575e+04	2.336596016191270664e+00
6.924355645309999818e+04	2.296216722670232357e+00
6.924375245309999445e+04	2.313026056777299999e+00
6.924394745310000144e+04	2.325032095948088795e+00
6.924414245309999387e+04	2.333403942761622218e+00
6.924433745310000086e+04	2.327720203097580765e+00
6.924453345309999713e+04	2.338282714280010666e+00
6.924472845310000412e+04	2.360246062774198350e+00
6.924492345309999655e+04	2.339378918900422377e+00
6.924511945309999282e+04	2.343197797975591357e+00
6.924531445309999981e+04	2.342921667794522378e+00
6.924550945310000679e+04	2.319902780730140890e+00
6.924570545310000307e+04	2.348301719795397702e+00
6.924590045309999550e+04	2.346914427553418392e+00
6.924609545310000249e+04	2.333211570192615270e+00
6.924629145309999876e+04	2.335242104655392836e+00
6.924648645310000575e+04	2.332501065552111896e+00
6.924668145309999818e+04	2.360306144502866132e+00
6.924687745309999445e+04	2.385742006472391097e+00
6.924707245310000144e+04	2.348374176620172449e+00
6.924726745309999387e+04	2.349182462519312509e+00
6.924746245310000086e+04	2.328882254960669584e+00
6.924765845309999713e+04	2.312525867249657807e+00
6.924785345310000412e+04	2.302764123199070312e+00
6.924804845309999655e+04	2.338406817328280596e+00
6.924824445309999282e+04	2.346423442101599477e+00
6.924843945309999981e+04	2.387345612843564169e+00
6.924863445310000679e+04	2.330162885196440214e+00
6.924883045310000307e+04	2.365219156752285556e+00
6.924902545309999550e+04	2.363006458112955954e+00
6.924922045310000249e+04	2.351858571371774786e+00
6.924941645309999876e+04	2.318318175363586420e+00
6.924961145310000575e+04	2.334296653918848108e+00
6.924980645309999818e+04	2.358331703847195371e+00
6.925000245309999445e+04	2.317567710957353810e+00
6.925019745310000144e+04	2.362209061896706430e+00
6.925039245309999387e+04	2.309740643221548595e+00
6.925058745310000086e+04	2.357044277094061613e+00
6.925078345309999713e+04	2.374957372927175570e+00
6.925097845310000412e+04	2.382231942033310901e+00
6.925117345309999655e+04	2.342537975212714230e+00
6.925136945309999282e+04	2.330781578041118962e+00
6.925156445309999981e+04	2.338107973871776935e+00
6.925175945310000679e+04	2.368122559244906000e+00
6.925195545310000307e+04	2.322369264442375680e+00
6.925215045309999550e+04	2.365497048242254152e+00
6.925234545310000249e+04	2.344821913430548577e+00
6.925254145309999876e+04	2.347333208453028064e+00
6.925273645310000575e+04	2.350828066895383373e+00
6.925293145309999818e+04	2.324648003112240957e+00
