# time(sec)	crack length FEA(mm)
4.044746245310000086e+04	1.276473850301311330e+00
4.044765845309999713e+04	1.266132413905420862e+00
4.044785345309999684e+04	1.263810356211809705e+00
4.044804845309999655e+04	1.298736477324366589e+00
4.044824445310000010e+04	1.314932864916325883e+00
4.044843945309999981e+04	1.242282896547399318e+00
4.044863445309999952e+04	1.287723669488576306e+00
4.044883045310000307e+04	1.335577946979327635e+00
4.044902545310000278e+04	1.255221520432165505e+00
4.044922045310000249e+04	1.297035775205262809e+00
4.044941645309999876e+04	1.302154805279652550e+00
4.044961145309999847e+04	1.258421696467724615e+00
4.044980645309999818e+04	1.264371988136845815e+00
4.045000245310000173e+04	1.247039597902938723e+00
4.045019745310000144e+04	1.261457707566243869e+00
4.045039245310000115e+04	1.263706335032757977e+00
4.045058745310000086e+04	1.240851606716946165e+00
4.045078345309999713e+04	1.287019695919266127e+00
4.045097845309999684e+04	1.251423110799274596e+00
4.045117345309999655e+04	1.266912900141505816e+00
4.045136945310000010e+04	1.234307020985522030e+00
4.045156445309999981e+04	1.233534125497159906e+00
4.045175945309999952e+04	1.251904723796011254e+00
4.045195545310000307e+04	1.250705191932121707e+00
4.045215045310000278e+04	1.234654344825143468e+00
4.045234545310000249e+04	1.217948570216272230e+00
4.045254145309999876e+04	1.234761851006274114e+00
4.045273645309999847e+04	1.218922951601300042e+00
4.045293145309999818e+04	1.298930261582647461e+00
4.045312745310000173e+04	1.272196749832524176e+00
4.045332245310000144e+04	1.283852623971764473e+00
4.045351745310000115e+04	1.287695574211531024e+00
4.045371245310000086e+04	1.258949738670169793e+00
4.045390845309999713e+04	1.277585514031693847e+00
4.045410345309999684e+04	1.262511595085253902e+00
4.045429845309999655e+04	1.293143569121543379e+00
4.045449445310000010e+04	1.274877742888030241e+00
4.045468945309999981e+04	1.244263069245326037e+00
4.045488445309999952e+04	1.245892753778701234e+00
4.045508045310000307e+04	1.266299370486445142e+00
4.045527545310000278e+04	1.282494206413204552e+00
4.045547045310000249e+04	1.241057799838911180e+00
4.045566645309999876e+04	1.299533177044406074e+00
4.045586145309999847e+04	1.287437784522335704e+00
4.045605645309999818e+04	1.224156752254096148e+00
4.045625245310000173e+04	1.236586397636397550e+00
4.045644745310000144e+04	1.305210088927568179e+00
4.045664245310000115e+04	1.315701975554706138e+00
4.045683745310000086e+04	1.261879510381149316e+00
4.045703345309999713e+04	1.272096954880236552e+00
4.045722845309999684e+04	1.268025108827345093e+00
4.045742345309999655e+04	1.295112956626500278e+00
4.045761945310000010e+04	1.265338958214453413e+00
4.045781445309999981e+04	1.318668999217976534e+00
4.045800945309999952e+04	1.279135929138575989e+00
4.045820545310000307e+04	1.345233019427112708e+00
4.045840045310000278e+04	1.281123985216773065e+00
4.045859545310000249e+04	1.338097150023461523e+00
4.045879145309999876e+04	1.296672073622108456e+00
4.045898645309999847e+04	1.295392424217736149e+00
4.045918145309999818e+04	1.280847698006704505e+00
4.045937745310000173e+04	1.322409926484226617e+00
4.045957245310000144e+04	1.319925734155910746e+00
4.045976745310000115e+04	1.264749133541705817e+00
4.045996245310000086e+04	1.313564441685933559e+00
4.046015845309999713e+04	1.327380679687152565e+00
4.046035345309999684e+04	1.300919805282127584e+00
4.046054845309999655e+04	1.320673035411363827e+00
4.046074445310000010e+04	1.356484435976135217e+00
4.046093945309999981e+04	1.321318683041099007e+00
4.046113445309999952e+04	1.315219530460524311e+00
4.046133045310000307e+04	1.323272889735505942e+00
4.046152545310000278e+04	1.334312301754438934e+00
4.046172045310000249e+04	1.337885401082012038e+00
4.046191645309999876e+04	1.362087112474100081e+00
4.046211145309999847e+04	1.342483292564535802e+00
4.046230645309999818e+04	1.315133020093099958e+00
4.046250245310000173e+04	1.357620512814442293e+00
4.046269745310000144e+04	1.379349883883971728e+00
4.046289245310000115e+04	1.381893660322948136e+00
4.046308745310000086e+04	1.357540558851058066e+00
4.046328345309999713e+04	1.363302666488415582e+00
4.046347845309999684e+04	1.328203432953429797e+00
4.046367345309999655e+04	1.362637773313304379e+00
4.046386945310000010e+04	1.374149533257886802e+00
4.046406445309999981e+04	1.370094251550364461e+00
4.046425945309999952e+04	1.283902496566140528e+00
4.046445545310000307e+04	1.350015223502150974e+00
4.046465045310000278e+04	1.339634941353921249e+00
4.046484545310000249e+04	1.319856521186753895e+00
4.046504145309999876e+04	1.336182056794907425e+00
4.046523645309999847e+04	1.304374629567931265e+00
4.046543145309999818e+04	1.333912316913306029e+00
4.046562745310000173e+04	1.355616294377878006e+00
4.046582245310000144e+04	1.332711485765303294e+00
4.046601745310000115e+04	1.325581462245049025e+00
4.046621245310000086e+04	1.288280358384225721e+00
4.046640845309999713e+04	1.301600676446346583e+00
4.046660345309999684e+04	1.320347603690743554e+00
4.046679845309999655e+04	1.304660308511707001e+00
4.046699445310000010e+04	1.288299801324278349e+00
4.046718945309999981e+04	1.321288491281805477e+00
4.046738445309999952e+04	1.304188420432248918e+00
4.046758045310000307e+04	1.311407103437741029e+00
4.046777545310000278e+04	1.311461192656217634e+00
4.046797045310000249e+04	1.317510591759392113e+00
4.046816645309999876e+04	1.318120555975692554e+00
4.046836145309999847e+04	1.333989101904965224e+00
4.046855645309999818e+04	1.361404842599649001e+00
4.046875245310000173e+04	1.309348181806736733e+00
4.046894745310000144e+04	1.331742920908249417e+00
4.046914245310000115e+04	1.318927561185462949e+00
4.046933745310000086e+04	1.281142317395762120e+00
4.046953345309999713e+04	1.308142746367753517e+00
4.046972845309999684e+04	1.301490313991608971e+00
4.046992345309999655e+04	1.282287352330541808e+00
4.047011945310000010e+04	1.294301040241478518e+00
4.047031445309999981e+04	1.315785231639859276e+00
4.047050945309999952e+04	1.318402908756404202e+00
4.047070545310000307e+04	1.261752569856476214e+00
4.047090045310000278e+04	1.334566327580501977e+00
4.047109545310000249e+04	1.289687092654702383e+00
4.047129145309999876e+04	1.344682041895614688e+00
4.047148645309999847e+04	1.312216477019800820e+00
4.047168145309999818e+04	1.319547243558664817e+00
4.047187745310000173e+04	1.251583742732634619e+00
4.047207245310000144e+04	1.255027375717634897e+00
4.047226745310000115e+04	1.318000515527884886e+00
4.047246245310000086e+04	1.275410907679152217e+00
4.047265845309999713e+04	1.267022400792775727e+00
4.047285345309999684e+04	1.255197671647511726e+00
4.047304845309999655e+04	1.287311074876580363e+00
4.047324445310000010e+04	1.262305496544799510e+00
4.047343945309999981e+04	1.260775673026584442e+00
4.047363445309999952e+04	1.223487816684976082e+00
4.047383045310000307e+04	1.238207942956332630e+00
4.047402545310000278e+04	1.267167655972546214e+00
4.047422045310000249e+04	1.258189573975226239e+00
4.047441645309999876e+04	1.237315841126839899e+00
4.047461145309999847e+04	1.238368478545616824e+00
4.047480645309999818e+04	1.289189042813909225e+00
4.047500245310000173e+04	1.259727203138670149e+00
4.047519745310000144e+04	1.268405547552259094e+00
4.047539245310000115e+04	1.292557882821792958e+00
4.047558745310000086e+04	1.294206919368152242e+00
4.047578345309999713e+04	1.321882193485189205e+00
4.047597845309999684e+04	1.332041266548205982e+00
4.047617345309999655e+04	1.282705525101608401e+00
4.047636945310000010e+04	1.309007349795267672e+00
4.047656445309999981e+04	1.267219705527109497e+00
4.047675945309999952e+04	1.284985617614577080e+00
4.047695545310000307e+04	1.319330867570291943e+00
4.047715045310000278e+04	1.276658045369865491e+00
4.047734545310000249e+04	1.317311571824097527e+00
4.047754145309999876e+04	1.275422728758774937e+00
4.047773645309999847e+04	1.288278218729551838e+00
4.047793145309999818e+04	1.327468166505934022e+00
4.047812745310000173e+04	1.319275774524584222e+00
4.047832245310000144e+04	1.271994087438795162e+00
4.047851745310000115e+04	1.293664414929684980e+00
4.047871245310000086e+04	1.314834366384559416e+00
4.047890845309999713e+04	1.308528949748211545e+00
4.047910345309999684e+04	1.286732685975932711e+00
4.047929845309999655e+04	1.295425997305365229e+00
4.047949445310000010e+04	1.338766174987700452e+00
4.047968945309999981e+04	1.318207148239407545e+00
4.047988445309999952e+04	1.327351517341694986e+00
4.048008045310000307e+04	1.304120276630113651e+00
4.048027545310000278e+04	1.292676937277468241e+00
4.048047045310000249e+04	1.297418999546168905e+00
4.048066645309999876e+04	1.355117323333065116e+00
4.048086145309999847e+04	1.306769465368207150e+00
4.048105645309999818e+04	1.327651033335220276e+00
4.048125245310000173e+04	1.313879187953057581e+00
4.048144745310000144e+04	1.277309185246910062e+00
4.048164245310000115e+04	1.317363417516057567e+00
4.048183745310000086e+04	1.288579256924986538e+00
4.048203345309999713e+04	1.326948163092273703e+00
4.048222845309999684e+04	1.322704024953953450e+00
4.048242345309999655e+04	1.333856051088634587e+00
4.048261945310000010e+04	1.299532154221285651e+00
4.048281445309999981e+04	1.304040140009515625e+00
4.048300945309999952e+04	1.330906177166086835e+00
4.048320545310000307e+04	1.341425469433152884e+00
4.048340045310000278e+04	1.293912277674998279e+00
4.048359545310000249e+04	1.308484706313734591e+00
4.048379145309999876e+04	1.337802130588364946e+00
4.048398645309999847e+04	1.350020697757116750e+00
4.048418145309999818e+04	1.326609722813227421e+00
4.048437745310000173e+04	1.346024893525338939e+00
4.048457245310000144e+04	1.304179774640203959e+00
4.048476745310000115e+04	1.275913624095149856e+00
4.048496245310000086e+04	1.296750003507160187e+00
4.048515845309999713e+04	1.314252380301113021e+00
4.048535345309999684e+04	1.303620208490448462e+00
4.048554845309999655e+04	1.310537197854060310e+00
4.048574445310000010e+04	1.283905753168436803e+00
4.048593945309999981e+04	1.337392550564874938e+00
4.048613445309999952e+04	1.303301048076106028e+00
4.048633045310000307e+04	1.306500079449497420e+00
4.048652545310000278e+04	1.319913935449433140e+00
4.048672045310000249e+04	1.282610148121612781e+00
4.048691645309999876e+04	1.281519287105627569e+00
4.048711145309999847e+04	1.283016404845243486e+00
4.048730645309999818e+04	1.347015510468125399e+00
4.048750245310000173e+04	1.313203040485664275e+00
4.048769745310000144e+04	1.309313420328333422e+00
4.048789245310000115e+04	1.332953551088360555e+00
4.048808745310000086e+04	1.296951336679397215e+00
4.048828345309999713e+04	1.275869226132876122e+00
4.048847845309999684e+04	1.309568832343632749e+00
4.048867345309999655e+04	1.289492208888001201e+00
4.048886945310000010e+04	1.261926169932408470e+00
4.048906445309999981e+04	1.256633493125926648e+00
4.048925945309999952e+04	1.262181911059794714e+00
4.048945545310000307e+04	1.308471693523021173e+00
4.048965045310000278e+04	1.289812766245773901e+00
4.048984545310000249e+04	1.266083714133010574e+00
4.049004145309999876e+04	1.285889033217891608e+00
4.049023645309999847e+04	1.308066899181310916e+00
4.049043145309999818e+04	1.295991059581297122e+00
4.049062745310000173e+04	1.297815236339785017e+00
4.049082245310000144e+04	1.322094087003018004e+00
4.049101745310000115e+04	1.327150351894328395e+00
4.049121245310000086e+04	1.274343542092385206e+00
4.049140845309999713e+04	1.321987072190719203e+00
4.049160345309999684e+04	1.316935083183782496e+00
4.049179845309999655e+04	1.328935333116941564e+00
4.049199445310000010e+04	1.294369212535830371e+00
4.049218945309999981e+04	1.331688785578133860e+00
4.049238445309999952e+04	1.282675190611390903e+00
4.049258045310000307e+04	1.237132363600361273e+00
4.049277545310000278e+04	1.264607215831841103e+00
4.049297045310000249e+04	1.278629931193682623e+00
4.049316645309999876e+04	1.273199144305090513e+00
4.049336145309999847e+04	1.267307509792063414e+00
4.049355645309999818e+04	1.322553817826047862e+00
4.049375245310000173e+04	1.309852403345372451e+00
4.049394745310000144e+04	1.292605411665103787e+00
4.049414245310000115e+04	1.316023290378495858e+00
4.049433745310000086e+04	1.349412583711808722e+00
4.049453345309999713e+04	1.358702368829842300e+00
4.049472845309999684e+04	1.287355358207806333e+00
4.049492345309999655e+04	1.291713136930924932e+00
4.049511945310000010e+04	1.294695097551212370e+00
4.049531445309999981e+04	1.268583288353175575e+00
4.049550945309999952e+04	1.294497000178168378e+00
4.049570545310000307e+04	1.288486136436477025e+00
4.049590045310000278e+04	1.282543058326332641e+00
4.049609545310000249e+04	1.226617406268140087e+00
4.049629145309999876e+04	1.317570055838292120e+00
4.049648645309999847e+04	1.289650348583645467e+00
4.049668145309999818e+04	1.303177584917163401e+00
4.049687745310000173e+04	1.300782382762456280e+00
4.049707245310000144e+04	1.290396381502921130e+00
4.049726745310000115e+04	1.302051976319715365e+00
4.049746245310000086e+04	1.306794377367433313e+00
4.049765845309999713e+04	1.308886054416786848e+00
4.049785345309999684e+04	1.276164000971821366e+00
4.049804845309999655e+04	1.306069315833171984e+00
4.049824445310000010e+04	1.261773245469157700e+00
4.049843945309999981e+04	1.276502052065255910e+00
4.049863445309999952e+04	1.315193605260356335e+00
4.049883045310000307e+04	1.304687360909708715e+00
4.049902545310000278e+04	1.268892120276362334e+00
4.049922045310000249e+04	1.257182255074937416e+00
4.049941645309999876e+04	1.310503739303172210e+00
4.049961145309999847e+04	1.302167821571591944e+00
4.049980645309999818e+04	1.304834521690391824e+00
4.050000245310000173e+04	1.334527332566764812e+00
4.050019745310000144e+04	1.293798623862706165e+00
4.050039245310000115e+04	1.295355596066432469e+00
4.050058745310000086e+04	1.302959012627644242e+00
4.050078345309999713e+04	1.268201735206798020e+00
4.050097845309999684e+04	1.316358538402205625e+00
4.050117345309999655e+04	1.296683884015104482e+00
4.050136945310000010e+04	1.281150971668182592e+00
4.050156445309999981e+04	1.284944493235730789e+00
4.050175945309999952e+04	1.264868421978441404e+00
4.050195545310000307e+04	1.273554552148235430e+00
4.050215045310000278e+04	1.315512604028848287e+00
4.050234545310000249e+04	1.303986033691069579e+00
4.050254145309999876e+04	1.234622922717791837e+00
4.050273645309999847e+04	1.319110308798418174e+00
4.050293145309999818e+04	1.309579706810989563e+00
4.050312745310000173e+04	1.317668449975359479e+00
4.050332245310000144e+04	1.281327592575152607e+00
4.050351745310000115e+04	1.306706720476920935e+00
4.050371245310000086e+04	1.291868099198012487e+00
4.050390845309999713e+04	1.292708281983063756e+00
4.050410345309999684e+04	1.316821540754727238e+00
4.050429845309999655e+04	1.325763136346218118e+00
4.050449445310000010e+04	1.327533084857959622e+00
4.050468945309999981e+04	1.314330344785785698e+00
4.050488445309999952e+04	1.329036001267208889e+00
4.050508045310000307e+04	1.332338586997261487e+00
4.050527545310000278e+04	1.294743831109069987e+00
4.050547045310000249e+04	1.237155111907814131e+00
4.050566645309999876e+04	1.297763347461504679e+00
4.050586145309999847e+04	1.321622549322597706e+00
4.050605645309999818e+04	1.301320259960654369e+00
4.050625245310000173e+04	1.255799566595218408e+00
4.050644745310000144e+04	1.322418565563225457e+00
4.050664245310000115e+04	1.311012211191403765e+00
4.050683745310000086e+04	1.296063690859813988e+00
4.050703345309999713e+04	1.324135821238623834e+00
4.050722845309999684e+04	1.316945954238594396e+00
4.050742345309999655e+04	1.326504864776316239e+00
4.050761945310000010e+04	1.289781324655379535e+00
4.050781445309999981e+04	1.278651708780230933e+00
4.050800945309999952e+04	1.324998720994301493e+00
4.050820545310000307e+04	1.321225692297998577e+00
4.050840045310000278e+04	1.280495564368159478e+00
4.050859545310000249e+04	1.298049106832856125e+00
4.050879145309999876e+04	1.316969740460617544e+00
4.050898645309999847e+04	1.293441289719350351e+00
4.050918145309999818e+04	1.321229036626817788e+00
4.050937745310000173e+04	1.279837998377438169e+00
4.050957245310000144e+04	1.299827655266625470e+00
4.050976745310000115e+04	1.307654754671613517e+00
4.050996245310000086e+04	1.327264958828859420e+00
4.051015845309999713e+04	1.306179749727665040e+00
4.051035345309999684e+04	1.317636023624498165e+00
4.051054845309999655e+04	1.252882081868158082e+00
4.051074445310000010e+04	1.275398900434712601e+00
4.051093945309999981e+04	1.295746380728219904e+00
4.051113445309999952e+04	1.289264764930626583e+00
4.051133045310000307e+04	1.306272800105931609e+00
4.051152545310000278e+04	1.304902756382501749e+00
4.051172045310000249e+04	1.245090973511317145e+00
4.051191645309999876e+04	1.294164602054213020e+00
4.051211145309999847e+04	1.360856471274299651e+00
4.051230645309999818e+04	1.280795678596602372e+00
4.051250245310000173e+04	1.301813961810079689e+00
4.051269745310000144e+04	1.312625381755056608e+00
4.051289245310000115e+04	1.321444187445560914e+00
4.051308745310000086e+04	1.306608280376245546e+00
4.051328345309999713e+04	1.290726693502060485e+00
4.051347845309999684e+04	1.306921074924559889e+00
4.051367345309999655e+04	1.267605650779335846e+00
4.051386945310000010e+04	1.277933316984610101e+00
4.051406445309999981e+04	1.266364458090921019e+00
4.051425945309999952e+04	1.290611908050664169e+00
4.051445545310000307e+04	1.314717654381574619e+00
4.051465045310000278e+04	1.299941279915007186e+00
4.051484545310000249e+04	1.290713763888472698e+00
4.051504145309999876e+04	1.300538869570502243e+00
4.051523645309999847e+04	1.297355206750602008e+00
4.051543145309999818e+04	1.283393437557965200e+00
4.051562745310000173e+04	1.293025540136550688e+00
4.051582245310000144e+04	1.289630813737668191e+00
4.051601745310000115e+04	1.279940924582138706e+00
4.051621245310000086e+04	1.317924886013985386e+00
4.051640845309999713e+04	1.339749487267308581e+00
4.051660345309999684e+04	1.333844259388792253e+00
4.051679845309999655e+04	1.324146596070702842e+00
4.051699445310000010e+04	1.287359823749183008e+00
4.051718945309999981e+04	1.308807142374291743e+00
4.051738445309999952e+04	1.330324589709093175e+00
4.051758045310000307e+04	1.293840848829326262e+00
4.051777545310000278e+04	1.310160693465039827e+00
4.051797045310000249e+04	1.314907961553004156e+00
4.051816645309999876e+04	1.296103679816162924e+00
4.051836145309999847e+04	1.299026595196753675e+00
4.051855645309999818e+04	1.306067270756150478e+00
4.051875245310000173e+04	1.327801207821339702e+00
4.051894745310000144e+04	1.289944857674861112e+00
4.051914245310000115e+04	1.281888713419050418e+00
4.051933745310000086e+04	1.302122357491910520e+00
4.051953345309999713e+04	1.307031411858645242e+00
4.051972845309999684e+04	1.269879573142912221e+00
4.051992345309999655e+04	1.319892196084948566e+00
4.052011945310000010e+04	1.310343509359533698e+00
4.052031445309999981e+04	1.269737686368422658e+00
4.052050945309999952e+04	1.267658630465849257e+00
4.052070545310000307e+04	1.294477469360796107e+00
4.052090045310000278e+04	1.256398092593858706e+00
4.052109545310000249e+04	1.283691188635760483e+00
4.052129145309999876e+04	1.278533513944289268e+00
4.052148645309999847e+04	1.248569195686567213e+00
4.052168145309999818e+04	1.282281955303577803e+00
4.052187745310000173e+04	1.263427701283887927e+00
4.052207245310000144e+04	1.305795552802758053e+00
4.052226745310000115e+04	1.277462008775348323e+00
4.052246245310000086e+04	1.282444423883031703e+00
4.052265845309999713e+04	1.302581178061890554e+00
4.052285345309999684e+04	1.287891496205666897e+00
4.052304845309999655e+04	1.278571485263434226e+00
4.052324445310000010e+04	1.241974740804058897e+00
4.052343945309999981e+04	1.325373872783981000e+00
4.052363445309999952e+04	1.287091238532923398e+00
4.052383045310000307e+04	1.276948435878210830e+00
4.052402545310000278e+04	1.282181179555282213e+00
4.052422045310000249e+04	1.292302285749705959e+00
4.052441645309999876e+04	1.259477862173037366e+00
4.052461145309999847e+04	1.275756508917179843e+00
4.052480645309999818e+04	1.272946687908229180e+00
4.052500245310000173e+04	1.276654787763698451e+00
4.052519745310000144e+04	1.288906338554237863e+00
4.052539245310000115e+04	1.273393139194061163e+00
4.052558745310000086e+04	1.296079872445702108e+00
4.052578345309999713e+04	1.280165108580897382e+00
4.052597845309999684e+04	1.254126035122775207e+00
4.052617345309999655e+04	1.288228448446345098e+00
4.052636945310000010e+04	1.262319652489608757e+00
4.052656445309999981e+04	1.295391308213996950e+00
4.052675945309999952e+04	1.303770722776352642e+00
4.052695545310000307e+04	1.314273009784711732e+00
4.052715045310000278e+04	1.295105423510642950e+00
4.052734545310000249e+04	1.281237607273569168e+00
4.052754145309999876e+04	1.261959697696571681e+00
4.052773645309999847e+04	1.319599177215112107e+00
4.052793145309999818e+04	1.314275147072516248e+00
4.052812745310000173e+04	1.286179216712572071e+00
4.052832245310000144e+04	1.323255612203615428e+00
4.052851745310000115e+04	1.254222645579190498e+00
4.052871245310000086e+04	1.328536463826331726e+00
4.052890845309999713e+04	1.311809609737668580e+00
4.052910345309999684e+04	1.298448494597725045e+00
4.052929845309999655e+04	1.331672628525710778e+00
4.052949445310000010e+04	1.284735427690540277e+00
4.052968945309999981e+04	1.282351279090196527e+00
4.052988445309999952e+04	1.314220042155193724e+00
4.053008045310000307e+04	1.291064628289948502e+00
4.053027545310000278e+04	1.296946965954486330e+00
4.053047045310000249e+04	1.315281230463284601e+00
4.053066645309999876e+04	1.320077165846118561e+00
4.053086145309999847e+04	1.356239367103405868e+00
4.053105645309999818e+04	1.329106208688147106e+00
4.053125245310000173e+04	1.322832773155164787e+00
4.053144745310000144e+04	1.310052508909780755e+00
4.053164245310000115e+04	1.230826786781584303e+00
4.053183745310000086e+04	1.278735096275610772e+00
4.053203345309999713e+04	1.306125648339202527e+00
4.053222845309999684e+04	1.261136763554311813e+00
4.053242345309999655e+04	1.270762901481703011e+00
4.053261945310000010e+04	1.257387187508713922e+00
4.053281445309999981e+04	1.254506791683521527e+00
4.053300945309999952e+04	1.287156175593210605e+00
4.053320545310000307e+04	1.250981740038552559e+00
4.053340045310000278e+04	1.299993256964544486e+00
4.053359545310000249e+04	1.290557770795556891e+00
4.053379145309999876e+04	1.214817924012461248e+00
4.053398645309999847e+04	1.271739383856406391e+00
4.053418145309999818e+04	1.251953639248883476e+00
4.053437745310000173e+04	1.275709969859677884e+00
4.053457245310000144e+04	1.325494990079853608e+00
4.053476745310000115e+04	1.274120326526741565e+00
4.053496245310000086e+04	1.288806614489764968e+00
4.053515845309999713e+04	1.266562792599737364e+00
4.053535345309999684e+04	1.271197477915944063e+00
4.053554845309999655e+04	1.265677164873439509e+00
4.053574445310000010e+04	1.257618200113801876e+00
4.053593945309999981e+04	1.309255050671271903e+00
4.053613445309999952e+04	1.279573608114084493e+00
4.053633045310000307e+04	1.325154392532191139e+00
4.053652545310000278e+04	1.275212647741867045e+00
4.053672045310000249e+04	1.245622669738173371e+00
4.053691645309999876e+04	1.306792239398383515e+00
4.053711145309999847e+04	1.284277282006243581e+00
4.053730645309999818e+04	1.280472857895482264e+00
4.053750245310000173e+04	1.257279784505616504e+00
4.053769745310000144e+04	1.260677133561108221e+00
4.053789245310000115e+04	1.278949519906067422e+00
4.053808745310000086e+04	1.281355788519164207e+00
4.053828345309999713e+04	1.298325098916572884e+00
4.053847845309999684e+04	1.311757658839153962e+00
4.053867345309999655e+04	1.250330803238025368e+00
4.053886945310000010e+04	1.257025014798360374e+00
4.053906445309999981e+04	1.300271457750172388e+00
4.053925945309999952e+04	1.276983152195846571e+00
4.053945545310000307e+04	1.250906919560581088e+00
4.053965045310000278e+04	1.237605598458603851e+00
4.053984545310000249e+04	1.262713128469812318e+00
4.054004145309999876e+04	1.233641636785787199e+00
4.054023645309999847e+04	1.243014214346702673e+00
4.054043145309999818e+04	1.262792288523213458e+00
4.054062745310000173e+04	1.285814230607780217e+00
4.054082245310000144e+04	1.260229230168912196e+00
4.054101745310000115e+04	1.258511675919592676e+00
4.054121245310000086e+04	1.314351996378601228e+00
4.054140845309999713e+04	1.261207267300484602e+00
4.054160345309999684e+04	1.247140431032230268e+00
4.054179845309999655e+04	1.280078469024045873e+00
4.054199445310000010e+04	1.237454753548197672e+00
4.054218945309999981e+04	1.277363353017982206e+00
4.054238445309999952e+04	1.282751026763556013e+00
4.054258045310000307e+04	1.276772898967458048e+00
4.054277545310000278e+04	1.263944828746815574e+00
4.054297045310000249e+04	1.285201193781013274e+00
4.054316645309999876e+04	1.274018398781306516e+00
4.054336145309999847e+04	1.301289949490140430e+00
4.054355645309999818e+04	1.297547793510743119e+00
4.054375245310000173e+04	1.305746842170151467e+00
4.054394745310000144e+04	1.270896217128216321e+00
4.054414245310000115e+04	1.301739209880397041e+00
4.054433745310000086e+04	1.302173214033279791e+00
4.054453345309999713e+04	1.297547793510743119e+00
4.054472845309999684e+04	1.309733250034616603e+00
4.054492345309999655e+04	1.284980221206975415e+00
4.054511945310000010e+04	1.273211059584301807e+00
4.054531445309999981e+04	1.291797687298160469e+00
4.054550945309999952e+04	1.305299982471822773e+00
4.054570545310000307e+04	1.257419697080893073e+00
4.054590045310000278e+04	1.278650591981410400e+00
4.054609545310000249e+04	1.291402465202347472e+00
4.054629145309999876e+04	1.303211146879279525e+00
4.054648645309999847e+04	1.254632560176172973e+00
4.054668145309999818e+04	1.287798466022703536e+00
4.054687745310000173e+04	1.323419934021409006e+00
4.054707245310000144e+04	1.327537449890915155e+00
4.054726745310000115e+04	1.289391464044689073e+00
