# time(sec)	crack length FEA(mm)
5.647246245310000086e+04	1.840458230329428346e+00
5.647265845309999713e+04	1.832439363315859993e+00
5.647285345309999684e+04	1.810404139694327341e+00
5.647304845309999655e+04	1.878984823460383424e+00
5.647324445310000010e+04	1.866764636393320131e+00
5.647343945309999981e+04	1.861835770038378968e+00
5.647363445309999952e+04	1.845591433337114395e+00
5.647383045310000307e+04	1.841085240931887412e+00
5.647402545310000278e+04	1.829480428231315514e+00
5.647422045310000249e+04	1.862896401436771043e+00
5.647441645309999876e+04	1.815559948398654200e+00
5.647461145309999847e+04	1.864721809196943525e+00
5.647480645309999818e+04	1.902243454876701989e+00
5.647500245310000173e+04	1.894577684042840104e+00
5.647519745310000144e+04	1.886973588143643354e+00
5.647539245310000115e+04	1.840842086764943986e+00
5.647558745310000086e+04	1.883058207524994643e+00
5.647578345309999713e+04	1.860262699296786337e+00
5.647597845309999684e+04	1.840459320323748926e+00
5.647617345309999655e+04	1.858254230356271464e+00
5.647636945310000010e+04	1.885165834222837233e+00
5.647656445309999981e+04	1.846335719214650339e+00
5.647675945309999952e+04	1.827670182993090364e+00
5.647695545310000307e+04	1.870582411223345787e+00
5.647715045310000278e+04	1.862353387580618858e+00
5.647734545310000249e+04	1.853097378700695685e+00
5.647754145309999876e+04	1.840736268020691568e+00
5.647773645309999847e+04	1.842146841364964871e+00
5.647793145309999818e+04	1.821486235664801612e+00
5.647812745310000173e+04	1.840870516953074798e+00
5.647832245310000144e+04	1.846611687250145906e+00
5.647851745310000115e+04	1.842061192175828310e+00
5.647871245310000086e+04	1.820944413726753197e+00
5.647890845309999713e+04	1.822367850576199544e+00
5.647910345309999684e+04	1.841328483327897558e+00
5.647929845309999655e+04	1.863283054958781548e+00
5.647949445310000010e+04	1.835464417938318604e+00
5.647968945309999981e+04	1.814463278397441925e+00
5.647988445309999952e+04	1.815655245254653494e+00
5.648008045310000307e+04	1.844673755964320705e+00
5.648027545310000278e+04	1.775751867191676325e+00
5.648047045310000249e+04	1.831794122554700976e+00
5.648066645309999876e+04	1.818850914411243025e+00
5.648086145309999847e+04	1.837877976489888709e+00
5.648105645309999818e+04	1.801088659471909992e+00
5.648125245310000173e+04	1.828967332528934620e+00
5.648144745310000144e+04	1.846937323406303122e+00
5.648164245310000115e+04	1.801169185553186836e+00
5.648183745310000086e+04	1.832379028946387933e+00
5.648203345309999713e+04	1.836361390050370801e+00
5.648222845309999684e+04	1.854930926938271440e+00
5.648242345309999655e+04	1.779352783001087346e+00
5.648261945310000010e+04	1.826144463107635119e+00
5.648281445309999981e+04	1.864298249999173152e+00
5.648300945309999952e+04	1.819541071318639069e+00
5.648320545310000307e+04	1.865225660137028285e+00
5.648340045310000278e+04	1.806985873588942582e+00
5.648359545310000249e+04	1.817230313572416378e+00
5.648379145309999876e+04	1.809003240184042127e+00
5.648398645309999847e+04	1.794738578077065938e+00
5.648418145309999818e+04	1.816352864291452818e+00
5.648437745310000173e+04	1.787863146140502124e+00
5.648457245310000144e+04	1.798315386006503758e+00
5.648476745310000115e+04	1.798802691978043100e+00
5.648496245310000086e+04	1.789547195075865460e+00
5.648515845309999713e+04	1.814266399625912740e+00
5.648535345309999684e+04	1.814383890534072563e+00
5.648554845309999655e+04	1.799566435542709897e+00
5.648574445310000010e+04	1.837946653822381649e+00
5.648593945309999981e+04	1.797098031065411661e+00
5.648613445309999952e+04	1.804059746967723754e+00
5.648633045310000307e+04	1.802992092525153467e+00
5.648652545310000278e+04	1.864648948141018892e+00
5.648672045310000249e+04	1.822979451996967981e+00
5.648691645309999876e+04	1.833044424596812050e+00
5.648711145309999847e+04	1.810995962471647402e+00
5.648730645309999818e+04	1.864346794566920096e+00
5.648750245310000173e+04	1.813847174030767562e+00
5.648769745310000144e+04	1.805214140384030941e+00
5.648789245310000115e+04	1.831929514683629634e+00
5.648808745310000086e+04	1.825306441547935421e+00
5.648828345309999713e+04	1.862222532366823557e+00
5.648847845309999684e+04	1.808117924048250558e+00
5.648867345309999655e+04	1.843321556005722783e+00
5.648886945310000010e+04	1.852777187039912121e+00
5.648906445309999981e+04	1.887392554564073066e+00
5.648925945309999952e+04	1.836439520251975210e+00
5.648945545310000307e+04	1.835847359311376437e+00
5.648965045310000278e+04	1.832945020829795268e+00
5.648984545310000249e+04	1.854842148776096877e+00
5.649004145309999876e+04	1.803788630253929881e+00
5.649023645309999847e+04	1.843021298396772423e+00
5.649043145309999818e+04	1.869741853713966506e+00
5.649062745310000173e+04	1.859413319216976390e+00
5.649082245310000144e+04	1.839764529179074515e+00
5.649101745310000115e+04	1.854702717342542329e+00
5.649121245310000086e+04	1.863350657397770505e+00
5.649140845309999713e+04	1.833259131616687299e+00
5.649160345309999684e+04	1.837309927056145042e+00
5.649179845309999655e+04	1.821495781069923936e+00
5.649199445310000010e+04	1.847989025493760096e+00
5.649218945309999981e+04	1.850122155004111590e+00
5.649238445309999952e+04	1.859934077648357942e+00
5.649258045310000307e+04	1.868747041892790506e+00
5.649277545310000278e+04	1.846962658539073487e+00
5.649297045310000249e+04	1.871359713250470236e+00
5.649316645309999876e+04	1.908309633961733809e+00
5.649336145309999847e+04	1.842950365817518588e+00
5.649355645309999818e+04	1.828240472584807819e+00
5.649375245310000173e+04	1.839339414441017340e+00
5.649394745310000144e+04	1.827242751798078046e+00
5.649414245310000115e+04	1.804461139347308674e+00
5.649433745310000086e+04	1.842621584518935762e+00
5.649453345309999713e+04	1.908335896825846589e+00
5.649472845309999684e+04	1.840145218131814531e+00
5.649492345309999655e+04	1.851471862293500692e+00
5.649511945310000010e+04	1.896647362519507496e+00
5.649531445309999981e+04	1.855184550983095093e+00
5.649550945309999952e+04	1.840604107438178261e+00
5.649570545310000307e+04	1.882152560509704031e+00
5.649590045310000278e+04	1.883672529132290663e+00
5.649609545310000249e+04	1.877231388374989152e+00
5.649629145309999876e+04	1.824790070382729112e+00
5.649648645309999847e+04	1.847583133459444582e+00
5.649668145309999818e+04	1.851432823049803389e+00
5.649687745310000173e+04	1.801434055210195950e+00
5.649707245310000144e+04	1.831004924880550888e+00
5.649726745310000115e+04	1.877738044923795258e+00
5.649746245310000086e+04	1.837215810986908338e+00
5.649765845309999713e+04	1.842553920374434995e+00
5.649785345309999684e+04	1.861479765010429333e+00
5.649804845309999655e+04	1.882959022399441906e+00
5.649824445310000010e+04	1.841445834591361574e+00
5.649843945309999981e+04	1.831680901404077133e+00
5.649863445309999952e+04	1.855596661323765773e+00
5.649883045310000307e+04	1.834440574572237637e+00
5.649902545310000278e+04	1.838696458718331428e+00
5.649922045310000249e+04	1.810634976963509502e+00
5.649941645309999876e+04	1.863490126491637255e+00
5.649961145309999847e+04	1.853088845156698028e+00
5.649980645309999818e+04	1.855288123910828091e+00
5.650000245310000173e+04	1.875740644330615936e+00
5.650019745310000144e+04	1.852980087581173052e+00
5.650039245310000115e+04	1.861278029375483811e+00
5.650058745310000086e+04	1.839004222216956919e+00
5.650078345309999713e+04	1.822060952827284197e+00
5.650097845309999684e+04	1.887224678857844395e+00
5.650117345309999655e+04	1.841005945891600604e+00
5.650136945310000010e+04	1.856852008644098717e+00
5.650156445309999981e+04	1.849720477676207508e+00
5.650175945309999952e+04	1.815123832889007360e+00
5.650195545310000307e+04	1.852508647430180844e+00
5.650215045310000278e+04	1.826195270580964092e+00
5.650234545310000249e+04	1.839271740528271692e+00
5.650254145309999876e+04	1.865620712102540324e+00
5.650273645309999847e+04	1.817270684518446089e+00
5.650293145309999818e+04	1.857871757079346153e+00
5.650312745310000173e+04	1.846920251688008108e+00
5.650332245310000144e+04	1.837198913659104704e+00
5.650351745310000115e+04	1.865937547158853960e+00
5.650371245310000086e+04	1.914303297478436861e+00
5.650390845309999713e+04	1.848049318457222867e+00
5.650410345309999684e+04	1.850395988823070326e+00
5.650429845309999655e+04	1.857191294513931723e+00
5.650449445310000010e+04	1.852191624982291174e+00
5.650468945309999981e+04	1.838323103664372127e+00
5.650488445309999952e+04	1.872546705214295670e+00
5.650508045310000307e+04	1.866523752939368563e+00
5.650527545310000278e+04	1.896127174352690403e+00
5.650547045310000249e+04	1.858777193596779398e+00
5.650566645309999876e+04	1.836294797468987383e+00
5.650586145309999847e+04	1.830826090791203953e+00
5.650605645309999818e+04	1.859295969947002192e+00
5.650625245310000173e+04	1.842250564553342684e+00
5.650644745310000144e+04	1.861256884690998703e+00
5.650664245310000115e+04	1.818625524690013151e+00
5.650683745310000086e+04	1.856485305536729413e+00
5.650703345309999713e+04	1.854767077400957476e+00
5.650722845309999684e+04	1.843801632981369565e+00
5.650742345309999655e+04	1.824887510091187437e+00
5.650761945310000010e+04	1.870418856012172171e+00
5.650781445309999981e+04	1.801854510134132781e+00
5.650800945309999952e+04	1.794353943617082336e+00
5.650820545310000307e+04	1.844519459020268926e+00
5.650840045310000278e+04	1.876086993952890580e+00
5.650859545310000249e+04	1.856929160771818133e+00
5.650879145309999876e+04	1.822472663936524739e+00
5.650898645309999847e+04	1.813719040416481576e+00
5.650918145309999818e+04	1.810746029048042161e+00
5.650937745310000173e+04	1.837270863483954741e+00
5.650957245310000144e+04	1.853751637791580364e+00
5.650976745310000115e+04	1.858477049384134716e+00
5.650996245310000086e+04	1.849061925772726767e+00
5.651015845309999713e+04	1.859517871188046456e+00
5.651035345309999684e+04	1.818438137668493937e+00
5.651054845309999655e+04	1.905943677746764209e+00
5.651074445310000010e+04	1.862790776095684109e+00
5.651093945309999981e+04	1.829711072157904184e+00
5.651113445309999952e+04	1.865355499977315645e+00
5.651133045310000307e+04	1.843560505915204928e+00
5.651152545310000278e+04	1.802934955453441290e+00
5.651172045310000249e+04	1.802903202464721133e+00
5.651191645309999876e+04	1.826486297965164596e+00
5.651211145309999847e+04	1.855282859040702448e+00
5.651230645309999818e+04	1.818026353589239363e+00
5.651250245310000173e+04	1.845328166794839575e+00
5.651269745310000144e+04	1.851774187188850007e+00
5.651289245310000115e+04	1.810928204227103322e+00
5.651308745310000086e+04	1.828292365956126986e+00
5.651328345309999713e+04	1.801448886364156010e+00
5.651347845309999684e+04	1.819865913323990725e+00
5.651367345309999655e+04	1.833262220911537455e+00
5.651386945310000010e+04	1.847213102525715911e+00
5.651406445309999981e+04	1.831625835375946920e+00
5.651425945309999952e+04	1.811131478356076130e+00
5.651445545310000307e+04	1.835708719834057590e+00
5.651465045310000278e+04	1.823486410575513972e+00
5.651484545310000249e+04	1.828446773028280958e+00
5.651504145309999876e+04	1.831096885765388649e+00
5.651523645309999847e+04	1.843621900469285535e+00
5.651543145309999818e+04	1.844450710721455167e+00
5.651562745310000173e+04	1.844369338622211529e+00
5.651582245310000144e+04	1.812044143195771895e+00
5.651601745310000115e+04	1.864511663847391532e+00
5.651621245310000086e+04	1.821879957576580722e+00
5.651640845309999713e+04	1.770810727521128669e+00
5.651660345309999684e+04	1.808958761441481045e+00
5.651679845309999655e+04	1.810444340836930621e+00
5.651699445310000010e+04	1.860008133646154249e+00
5.651718945309999981e+04	1.815836289996124009e+00
5.651738445309999952e+04	1.873872859008024250e+00
5.651758045310000307e+04	1.800938343358991389e+00
5.651777545310000278e+04	1.805119891525986731e+00
5.651797045310000249e+04	1.788505444581144133e+00
5.651816645309999876e+04	1.862203475719383050e+00
5.651836145309999847e+04	1.807581059882634733e+00
5.651855645309999818e+04	1.818349216941149038e+00
5.651875245310000173e+04	1.794735392536724206e+00
5.651894745310000144e+04	1.841973453647518966e+00
5.651914245310000115e+04	1.805411188377931353e+00
5.651933745310000086e+04	1.839495926624737265e+00
5.651953345309999713e+04	1.838003793931697771e+00
5.651972845309999684e+04	1.845512154012777017e+00
5.651992345309999655e+04	1.838421484678500306e+00
5.652011945310000010e+04	1.866906080514755928e+00
5.652031445309999981e+04	1.815182030604219676e+00
5.652050945309999952e+04	1.818406315362208758e+00
5.652070545310000307e+04	1.874212888284274570e+00
5.652090045310000278e+04	1.844350266994318588e+00
5.652109545310000249e+04	1.872259351094809787e+00
5.652129145309999876e+04	1.835099550124290602e+00
5.652148645309999847e+04	1.878661822898495259e+00
5.652168145309999818e+04	1.856848922553535175e+00
5.652187745310000173e+04	1.820138020621936192e+00
5.652207245310000144e+04	1.818476233456671309e+00
5.652226745310000115e+04	1.841680535301223998e+00
5.652246245310000086e+04	1.858698958626291642e+00
5.652265845309999713e+04	1.833887431037675597e+00
5.652285345309999684e+04	1.851351385155773244e+00
5.652304845309999655e+04	1.861931962129210305e+00
5.652324445310000010e+04	1.866169998932740270e+00
5.652343945309999981e+04	1.855074623371461229e+00
5.652363445309999952e+04	1.888538372772694984e+00
5.652383045310000307e+04	1.842164824928907763e+00
5.652402545310000278e+04	1.774238609872531569e+00
5.652422045310000249e+04	1.852269791580905434e+00
5.652441645309999876e+04	1.860606018077495705e+00
5.652461145309999847e+04	1.853812823261849374e+00
5.652480645309999818e+04	1.806752907090313442e+00
5.652500245310000173e+04	1.846789216742465101e+00
5.652519745310000144e+04	1.865767516524307723e+00
5.652539245310000115e+04	1.828901808847520627e+00
5.652558745310000086e+04	1.844312214507992209e+00
5.652578345309999713e+04	1.828859459183281189e+00
5.652597845309999684e+04	1.822263036733247077e+00
5.652617345309999655e+04	1.845189766741269111e+00
5.652636945310000010e+04	1.869659483571901148e+00
5.652656445309999981e+04	1.834287207607502523e+00
5.652675945309999952e+04	1.818860460921381872e+00
5.652695545310000307e+04	1.821049233641328868e+00
5.652715045310000278e+04	1.845413803676310138e+00
5.652734545310000249e+04	1.833170268779355183e+00
5.652754145309999876e+04	1.819768543033006836e+00
5.652773645309999847e+04	1.842858452850432371e+00
5.652793145309999818e+04	1.859915109835569069e+00
5.652812745310000173e+04	1.824637729107054795e+00
5.652832245310000144e+04	1.812916574758581589e+00
5.652851745310000115e+04	1.821845049236115344e+00
5.652871245310000086e+04	1.840587212627923464e+00
5.652890845309999713e+04	1.815650971453813156e+00
5.652910345309999684e+04	1.827160227478747956e+00
5.652929845309999655e+04	1.850161287293721202e+00
5.652949445310000010e+04	1.768068761831390390e+00
5.652968945309999981e+04	1.857308563892862807e+00
5.652988445309999952e+04	1.853186163681094456e+00
5.653008045310000307e+04	1.862846764847127190e+00
5.653027545310000278e+04	1.855580866924256611e+00
5.653047045310000249e+04	1.828959971348059099e+00
5.653066645309999876e+04	1.917571562307109900e+00
5.653086145309999847e+04	1.859448079170487489e+00
5.653105645309999818e+04	1.838374883198547138e+00
5.653125245310000173e+04	1.827351814316056533e+00
5.653144745310000144e+04	1.842347747846854844e+00
5.653164245310000115e+04	1.866825877541893774e+00
5.653183745310000086e+04	1.852474875489882322e+00
5.653203345309999713e+04	1.903134621556690220e+00
5.653222845309999684e+04	1.847512305918703746e+00
5.653242345309999655e+04	1.851798518266798865e+00
5.653261945310000010e+04	1.909431212255000787e+00
5.653281445309999981e+04	1.887520092134201022e+00
5.653300945309999952e+04	1.872764123195358010e+00
5.653320545310000307e+04	1.886138895488020495e+00
5.653340045310000278e+04	1.889607454776031759e+00
5.653359545310000249e+04	1.868665756782341703e+00
5.653379145309999876e+04	1.825439781749809143e+00
5.653398645309999847e+04	1.880058436297527891e+00
5.653418145309999818e+04	1.884655082728484032e+00
5.653437745310000173e+04	1.851044878269245686e+00
5.653457245310000144e+04	1.838220634343958437e+00
5.653476745310000115e+04	1.868476695198683757e+00
5.653496245310000086e+04	1.863829222465120949e+00
5.653515845309999713e+04	1.878413720522967623e+00
5.653535345309999684e+04	1.898964551063645700e+00
5.653554845309999655e+04	1.863224980219602145e+00
5.653574445310000010e+04	1.838231081148649082e+00
5.653593945309999981e+04	1.869732328547623723e+00
5.653613445309999952e+04	1.834932377656699032e+00
5.653633045310000307e+04	1.827348633333347294e+00
5.653652545310000278e+04	1.862838325708665366e+00
5.653672045310000249e+04	1.827134870276470480e+00
5.653691645309999876e+04	1.860400100034434345e+00
5.653711145309999847e+04	1.837445286356986784e+00
5.653730645309999818e+04	1.864286635582528717e+00
5.653750245310000173e+04	1.854606494630225200e+00
5.653769745310000144e+04	1.835887515542122372e+00
5.653789245310000115e+04	1.863986564180418526e+00
5.653808745310000086e+04	1.822508662169230576e+00
5.653828345309999713e+04	1.875393291795310446e+00
5.653847845309999684e+04	1.823399600287867628e+00
5.653867345309999655e+04	1.897013326449831894e+00
5.653886945310000010e+04	1.853861481025621316e+00
5.653906445309999981e+04	1.804150815985799738e+00
5.653925945309999952e+04	1.846126402626167007e+00
5.653945545310000307e+04	1.867703558459481883e+00
5.653965045310000278e+04	1.900764863353288092e+00
5.653984545310000249e+04	1.850385366020926625e+00
5.654004145309999876e+04	1.828497575361492267e+00
5.654023645309999847e+04	1.832154772688452837e+00
5.654043145309999818e+04	1.845205568364800541e+00
5.654062745310000173e+04	1.855013350524686189e+00
5.654082245310000144e+04	1.814777735279182735e+00
5.654101745310000115e+04	1.840333334800885012e+00
5.654121245310000086e+04	1.880305432601385718e+00
5.654140845309999713e+04	1.832359947260082222e+00
5.654160345309999684e+04	1.853633169906725442e+00
5.654179845309999655e+04	1.881092828708322173e+00
5.654199445310000010e+04	1.812918666444257809e+00
5.654218945309999981e+04	1.804291740252477183e+00
5.654238445309999952e+04	1.795038471953446901e+00
5.654258045310000307e+04	1.825191188446787294e+00
5.654277545310000278e+04	1.836257730845359148e+00
5.654297045310000249e+04	1.812322619196717000e+00
5.654316645309999876e+04	1.840081724998444912e+00
5.654336145309999847e+04	1.816732944918522108e+00
5.654355645309999818e+04	1.886910225823672960e+00
5.654375245310000173e+04	1.837067822673340345e+00
5.654394745310000144e+04	1.865749551633681946e+00
5.654414245310000115e+04	1.846150739751537984e+00
5.654433745310000086e+04	1.814313959873054216e+00
5.654453345309999713e+04	1.821159234940727956e+00
5.654472845309999684e+04	1.853056163469181783e+00
5.654492345309999655e+04	1.818392586296335267e+00
5.654511945310000010e+04	1.903720953512983982e+00
5.654531445309999981e+04	1.845645375812095423e+00
5.654550945309999952e+04	1.839167004532031413e+00
5.654570545310000307e+04	1.816050159177272860e+00
5.654590045310000278e+04	1.856997871328482930e+00
5.654609545310000249e+04	1.802497506374269420e+00
5.654629145309999876e+04	1.803327906400195246e+00
5.654648645309999847e+04	1.885307163674552200e+00
5.654668145309999818e+04	1.858450728716693590e+00
5.654687745310000173e+04	1.852265615439577573e+00
5.654707245310000144e+04	1.811463898134611838e+00
5.654726745310000115e+04	1.881842298505189248e+00
5.654746245310000086e+04	1.839333055826916308e+00
5.654765845309999713e+04	1.850539713940047903e+00
5.654785345309999684e+04	1.838643589835061931e+00
5.654804845309999655e+04	1.851617759524479823e+00
5.654824445310000010e+04	1.832477344809749553e+00
5.654843945309999981e+04	1.819840457078969465e+00
5.654863445309999952e+04	1.843973826111845682e+00
5.654883045310000307e+04	1.828343077752819568e+00
5.654902545310000278e+04	1.823421780120597191e+00
5.654922045310000249e+04	1.874690136038273280e+00
5.654941645309999876e+04	1.839726469016834898e+00
5.654961145309999847e+04	1.805702299562719659e+00
5.654980645309999818e+04	1.811677808378892252e+00
5.655000245310000173e+04	1.845931795496118966e+00
5.655019745310000144e+04	1.821454508527587279e+00
5.655039245310000115e+04	1.801478457654601684e+00
5.655058745310000086e+04	1.844380872408461158e+00
5.655078345309999713e+04	1.865176028639226047e+00
5.655097845309999684e+04	1.830785925624569543e+00
5.655117345309999655e+04	1.842401698019266121e+00
5.655136945310000010e+04	1.824699083860409132e+00
5.655156445309999981e+04	1.831451367872041658e+00
5.655175945309999952e+04	1.819026660475442370e+00
5.655195545310000307e+04	1.806978505298053150e+00
5.655215045310000278e+04	1.871296398011740081e+00
5.655234545310000249e+04	1.864203156788095228e+00
5.655254145309999876e+04	1.839992979649430538e+00
5.655273645309999847e+04	1.860010130250595140e+00
5.655293145309999818e+04	1.859746032411999650e+00
5.655312745310000173e+04	1.824149884760114304e+00
5.655332245310000144e+04	1.857955168388201628e+00
5.655351745310000115e+04	1.853986120680222172e+00
5.655371245310000086e+04	1.850370475930930070e+00
5.655390845309999713e+04	1.854196454220442547e+00
5.655410345309999684e+04	1.852283590998958118e+00
5.655429845309999655e+04	1.846677159925073752e+00
5.655449445310000010e+04	1.839009490859240259e+00
5.655468945309999981e+04	1.870947798197148515e+00
5.655488445309999952e+04	1.824575283432693595e+00
5.655508045310000307e+04	1.832408650961035335e+00
5.655527545310000278e+04	1.820333666759438529e+00
5.655547045310000249e+04	1.809358976041213651e+00
5.655566645309999876e+04	1.812868920650188898e+00
5.655586145309999847e+04	1.812215667353466841e+00
5.655605645309999818e+04	1.827734801384330865e+00
5.655625245310000173e+04	1.847438299983279464e+00
5.655644745310000144e+04	1.839021027364807992e+00
5.655664245310000115e+04	1.809409820983594486e+00
5.655683745310000086e+04	1.843038191398377990e+00
5.655703345309999713e+04	1.879259306847478328e+00
5.655722845309999684e+04	1.850622062665660650e+00
5.655742345309999655e+04	1.820565494346213953e+00
5.655761945310000010e+04	1.856871069782378925e+00
5.655781445309999981e+04	1.844376694817267293e+00
5.655800945309999952e+04	1.799922409740693396e+00
5.655820545310000307e+04	1.817629473610150370e+00
5.655840045310000278e+04	1.808320222681892631e+00
5.655859545310000249e+04	1.809304947480764980e+00
5.655879145309999876e+04	1.830470690214358598e+00
5.655898645309999847e+04	1.851300633856800104e+00
5.655918145309999818e+04	1.844416835987852110e+00
5.655937745310000173e+04	1.815284694648619634e+00
5.655957245310000144e+04	1.825682100798445617e+00
5.655976745310000115e+04	1.847528196732303840e+00
5.655996245310000086e+04	1.816476709441374737e+00
5.656015845309999713e+04	1.856184223337145056e+00
5.656035345309999684e+04	1.818940924204905940e+00
5.656054845309999655e+04	1.879674154028087685e+00
5.656074445310000010e+04	1.844057470089055073e+00
5.656093945309999981e+04	1.815409727735708856e+00
5.656113445309999952e+04	1.788006174048838659e+00
5.656133045310000307e+04	1.848906569025901447e+00
5.656152545310000278e+04	1.822847279122289166e+00
5.656172045310000249e+04	1.821523326359406170e+00
5.656191645309999876e+04	1.837155670978084743e+00
5.656211145309999847e+04	1.841103225335542604e+00
5.656230645309999818e+04	1.813152570257120288e+00
5.656250245310000173e+04	1.841418313412891195e+00
5.656269745310000144e+04	1.846655002757998432e+00
5.656289245310000115e+04	1.828839283993627163e+00
5.656308745310000086e+04	1.792680808340929133e+00
5.656328345309999713e+04	1.793621791377228547e+00
5.656347845309999684e+04	1.819201223252129296e+00
5.656367345309999655e+04	1.810238877690881765e+00
5.656386945310000010e+04	1.824649454694924344e+00
5.656406445309999981e+04	1.837949833323495596e+00
5.656425945309999952e+04	1.799562249718968943e+00
5.656445545310000307e+04	1.833260221956095393e+00
5.656465045310000278e+04	1.840586122639733091e+00
5.656484545310000249e+04	1.821981500543865096e+00
5.656504145309999876e+04	1.856874246637204351e+00
5.656523645309999847e+04	1.813326268657169393e+00
5.656543145309999818e+04	1.864425010082037204e+00
5.656562745310000173e+04	1.805504344361711588e+00
5.656582245310000144e+04	1.772443103620251037e+00
5.656601745310000115e+04	1.809571814578145421e+00
5.656621245310000086e+04	1.846780771636904461e+00
5.656640845309999713e+04	1.822006954394829847e+00
5.656660345309999684e+04	1.836980064876014396e+00
5.656679845309999655e+04	1.820498855520879644e+00
5.656699445310000010e+04	1.804343597251985898e+00
5.656718945309999981e+04	1.842842558772000316e+00
5.656738445309999952e+04	1.802120372672531445e+00
5.656758045310000307e+04	1.812250590459544952e+00
5.656777545310000278e+04	1.775921569483278617e+00
5.656797045310000249e+04	1.752155438855369951e+00
5.656816645309999876e+04	1.819086939335555542e+00
5.656836145309999847e+04	1.817445260758351111e+00
5.656855645309999818e+04	1.795795970847651191e+00
5.656875245310000173e+04	1.833923411216677124e+00
5.656894745310000144e+04	1.831276717291094869e+00
5.656914245310000115e+04	1.793205280557259584e+00
5.656933745310000086e+04	1.820674588864292787e+00
5.656953345309999713e+04	1.828746223427808459e+00
5.656972845309999684e+04	1.828918712339564934e+00
5.656992345309999655e+04	1.826697885806737531e+00
5.657011945310000010e+04	1.764640955639951159e+00
5.657031445309999981e+04	1.809570723103542278e+00
5.657050945309999952e+04	1.820856593721632777e+00
5.657070545310000307e+04	1.808910007546192134e+00
5.657090045310000278e+04	1.837791221097472061e+00
5.657109545310000249e+04	1.825902239873023802e+00
5.657129145309999876e+04	1.786857282280085002e+00
5.657148645309999847e+04	1.803968677585704228e+00
5.657168145309999818e+04	1.787161467910413748e+00
5.657187745310000173e+04	1.829525866542054402e+00
5.657207245310000144e+04	1.845441320018304410e+00
5.657226745310000115e+04	1.825801623310001176e+00
