# time(sec)	crack length FEA(mm)
5.131660345309999684e+04	1.587176028598902278e+00
5.131679845309999655e+04	1.592849545078243167e+00
5.131699445310000010e+04	1.610497105509836047e+00
5.131718945309999981e+04	1.571635458011401809e+00
5.131738445309999952e+04	1.593047232555244719e+00
5.131758045310000307e+04	1.594364157055569109e+00
5.131777545310000278e+04	1.601697362408094349e+00
5.131797045310000249e+04	1.582833582185273258e+00
5.131816645309999876e+04	1.574717723121528579e+00
5.131836145309999847e+04	1.623187002478388763e+00
5.131855645309999818e+04	1.565728840279916767e+00
5.131875245310000173e+04	1.571956477548521747e+00
5.131894745310000144e+04	1.618600392897777240e+00
5.131914245310000115e+04	1.636198472131075832e+00
5.131933745310000086e+04	1.613795180374054894e+00
5.131953345309999713e+04	1.623696202621694340e+00
5.131972845309999684e+04	1.651278696860023487e+00
5.131992345309999655e+04	1.641859937198983488e+00
5.132011945310000010e+04	1.620500975754662676e+00
5.132031445309999981e+04	1.638922255814282636e+00
5.132050945309999952e+04	1.604235988526294676e+00
5.132070545310000307e+04	1.588917664180826250e+00
5.132090045310000278e+04	1.584645077815896030e+00
5.132109545310000249e+04	1.643857639540801330e+00
5.132129145309999876e+04	1.615035058888448560e+00
5.132148645309999847e+04	1.611968907579202082e+00
5.132168145309999818e+04	1.601493324036539434e+00
5.132187745310000173e+04	1.632332734066109126e+00
5.132207245310000144e+04	1.614933603444875132e+00
5.132226745310000115e+04	1.621621918729026390e+00
5.132246245310000086e+04	1.616817336210994327e+00
5.132265845309999713e+04	1.663919501311262650e+00
5.132285345309999684e+04	1.612868255151997943e+00
5.132304845309999655e+04	1.610091201165044339e+00
5.132324445310000010e+04	1.630370241209003979e+00
5.132343945309999981e+04	1.618705042299072971e+00
5.132363445309999952e+04	1.623639625383756169e+00
5.132383045310000307e+04	1.602585362642233946e+00
5.132402545310000278e+04	1.630586949554754028e+00
5.132422045310000249e+04	1.586509977143268912e+00
5.132441645309999876e+04	1.576067669878915112e+00
5.132461145309999847e+04	1.603848329206778445e+00
5.132480645309999818e+04	1.587309659057545730e+00
5.132500245310000173e+04	1.549771196629123438e+00
5.132519745310000144e+04	1.572908665296257169e+00
5.132539245310000115e+04	1.553087703274190545e+00
5.132558745310000086e+04	1.604896389351624819e+00
5.132578345309999713e+04	1.578369592374539110e+00
5.132597845309999684e+04	1.625315518149271554e+00
5.132617345309999655e+04	1.622201673286769008e+00
5.132636945310000010e+04	1.603811985811539387e+00
5.132656445309999981e+04	1.625872716088391456e+00
5.132675945309999952e+04	1.603792712775675255e+00
5.132695545310000307e+04	1.642427454756525407e+00
5.132715045310000278e+04	1.632389381616885515e+00
5.132734545310000249e+04	1.608535963544312608e+00
5.132754145309999876e+04	1.644271469510760753e+00
5.132773645309999847e+04	1.654297035829232598e+00
5.132793145309999818e+04	1.622872105203850168e+00
5.132812745310000173e+04	1.642115935711743191e+00
5.132832245310000144e+04	1.637573783988441889e+00
5.132851745310000115e+04	1.639029928548168868e+00
5.132871245310000086e+04	1.576812215708812914e+00
5.132890845309999713e+04	1.611068515700363690e+00
5.132910345309999684e+04	1.625550428648894652e+00
5.132929845309999655e+04	1.580727876371575746e+00
5.132949445310000010e+04	1.593650109221851352e+00
5.132968945309999981e+04	1.604223231848379783e+00
5.132988445309999952e+04	1.617271093197434340e+00
5.133008045310000307e+04	1.587579029995499269e+00
5.133027545310000278e+04	1.661497120407968708e+00
5.133047045310000249e+04	1.646200806551572526e+00
5.133066645309999876e+04	1.597620750330136730e+00
5.133086145309999847e+04	1.660027565939516947e+00
5.133105645309999818e+04	1.634901074594072412e+00
5.133125245310000173e+04	1.642928625076072180e+00
5.133144745310000144e+04	1.604441287473065358e+00
5.133164245310000115e+04	1.606861052593773209e+00
5.133183745310000086e+04	1.626412755203093141e+00
5.133203345309999713e+04	1.599856270701314642e+00
5.133222845309999684e+04	1.644351541131754857e+00
5.133242345309999655e+04	1.612159000085091165e+00
5.133261945310000010e+04	1.633053009210938100e+00
5.133281445309999981e+04	1.571730670683951558e+00
5.133300945309999952e+04	1.609183303805405529e+00
5.133320545310000307e+04	1.649856300788609786e+00
5.133340045310000278e+04	1.647277995155588926e+00
5.133359545310000249e+04	1.632298635473208748e+00
5.133379145309999876e+04	1.621269583698312644e+00
5.133398645309999847e+04	1.637989743050576763e+00
5.133418145309999818e+04	1.575929655662475781e+00
5.133437745310000173e+04	1.621561026230111224e+00
5.133457245310000144e+04	1.656340540888542989e+00
5.133476745310000115e+04	1.642654677752968695e+00
5.133496245310000086e+04	1.612749634656051256e+00
5.133515845309999713e+04	1.646078143642121461e+00
5.133535345309999684e+04	1.614268261155945794e+00
5.133554845309999655e+04	1.643147322487681805e+00
5.133574445310000010e+04	1.628234766589917726e+00
5.133593945309999981e+04	1.639436422941960458e+00
5.133613445309999952e+04	1.609113845203378190e+00
5.133633045310000307e+04	1.612446337712400535e+00
5.133652545310000278e+04	1.646026934661186658e+00
5.133672045310000249e+04	1.629107718709736474e+00
5.133691645309999876e+04	1.619657504267921766e+00
5.133711145309999847e+04	1.611090993814315198e+00
5.133730645309999818e+04	1.592419823774619658e+00
5.133750245310000173e+04	1.609984402360719713e+00
5.133769745310000144e+04	1.664450135428579003e+00
5.133789245310000115e+04	1.655123122365482757e+00
5.133808745310000086e+04	1.607555330010965733e+00
5.133828345309999713e+04	1.657377699486687561e+00
5.133847845309999684e+04	1.617956618949559555e+00
5.133867345309999655e+04	1.627312639454853382e+00
5.133886945310000010e+04	1.623349309526640027e+00
5.133906445309999981e+04	1.639080053470337361e+00
5.133925945309999952e+04	1.633695444831150922e+00
5.133945545310000307e+04	1.671618490624775077e+00
5.133965045310000278e+04	1.637217385677935511e+00
5.133984545310000249e+04	1.624875765122709481e+00
5.134004145309999876e+04	1.676956992823585679e+00
5.134023645309999847e+04	1.655170098792520861e+00
5.134043145309999818e+04	1.674592529887435788e+00
5.134062745310000173e+04	1.633009287373742069e+00
5.134082245310000144e+04	1.628626416497727547e+00
5.134101745310000115e+04	1.643017222057576276e+00
5.134121245310000086e+04	1.620791327503033230e+00
5.134140845309999713e+04	1.645521526136498380e+00
5.134160345309999684e+04	1.606167671944271902e+00
5.134179845309999655e+04	1.616180850623969434e+00
5.134199445310000010e+04	1.579963153207597060e+00
5.134218945309999981e+04	1.617438670080337815e+00
5.134238445309999952e+04	1.604526728740310659e+00
5.134258045310000307e+04	1.583572490417369139e+00
5.134277545310000278e+04	1.612985682419964206e+00
5.134297045310000249e+04	1.553008418050223938e+00
5.134316645309999876e+04	1.641451378197547939e+00
5.134336145309999847e+04	1.614215972308841174e+00
5.134355645309999818e+04	1.632981605999933805e+00
5.134375245310000173e+04	1.584988328328629237e+00
5.134394745310000144e+04	1.629768323997346613e+00
5.134414245310000115e+04	1.588112527633562365e+00
5.134433745310000086e+04	1.594907138139461722e+00
5.134453345309999713e+04	1.631502620639428969e+00
5.134472845309999684e+04	1.607039441490860199e+00
5.134492345309999655e+04	1.621329376488091611e+00
5.134511945310000010e+04	1.557500849551992417e+00
5.134531445309999981e+04	1.575231118334199820e+00
5.134550945309999952e+04	1.645457490441263104e+00
5.134570545310000307e+04	1.601927190243433330e+00
5.134590045310000278e+04	1.582201578266701603e+00
5.134609545310000249e+04	1.616795872651369592e+00
5.134629145309999876e+04	1.594283911557605293e+00
5.134648645309999847e+04	1.630602900088462093e+00
5.134668145309999818e+04	1.632525958472101024e+00
5.134687745310000173e+04	1.644434635757326291e+00
5.134707245310000144e+04	1.649318918092557595e+00
5.134726745310000115e+04	1.612195330327699239e+00
5.134746245310000086e+04	1.611002273947315544e+00
5.134765845309999713e+04	1.660328130977859473e+00
5.134785345309999684e+04	1.612476245573832401e+00
5.134804845309999655e+04	1.648973418445445205e+00
5.134824445310000010e+04	1.591718571211162114e+00
5.134843945309999981e+04	1.608347951606617698e+00
5.134863445309999952e+04	1.607153594978749211e+00
5.134883045310000307e+04	1.642575699691658286e+00
5.134902545310000278e+04	1.630341456613717099e+00
5.134922045310000249e+04	1.622477056176567345e+00
5.134941645309999876e+04	1.630933733667323082e+00
5.134961145309999847e+04	1.635747195776271923e+00
5.134980645309999818e+04	1.628944443791390029e+00
5.135000245310000173e+04	1.622895580513144864e+00
5.135019745310000144e+04	1.602701832695306194e+00
5.135039245310000115e+04	1.635912622030835095e+00
5.135058745310000086e+04	1.617624590023778453e+00
5.135078345309999713e+04	1.604641995941964439e+00
5.135097845309999684e+04	1.626688179445112681e+00
5.135117345309999655e+04	1.625730781805794223e+00
5.135136945310000010e+04	1.633156493060843317e+00
5.135156445309999981e+04	1.603279768775045966e+00
5.135175945309999952e+04	1.616684885549769746e+00
5.135195545310000307e+04	1.633008279112367234e+00
5.135215045310000278e+04	1.616665623271098085e+00
5.135234545310000249e+04	1.599583830254170280e+00
5.135254145309999876e+04	1.605358915635264339e+00
5.135273645309999847e+04	1.631986979327308518e+00
5.135293145309999818e+04	1.609620144986019241e+00
5.135312745310000173e+04	1.601909017039506722e+00
5.135332245310000144e+04	1.616661403912670991e+00
5.135351745310000115e+04	1.610374252304222153e+00
5.135371245310000086e+04	1.628754489706544462e+00
5.135390845309999713e+04	1.652558137042948516e+00
5.135410345309999684e+04	1.654759669923288712e+00
5.135429845309999655e+04	1.618023941358408990e+00
5.135449445310000010e+04	1.627312639454853382e+00
5.135468945309999981e+04	1.662338144478043844e+00
5.135488445309999952e+04	1.622989481511130094e+00
5.135508045310000307e+04	1.667802357742797170e+00
5.135527545310000278e+04	1.647214971988224974e+00
5.135547045310000249e+04	1.562316872057504469e+00
5.135566645309999876e+04	1.666810425465566681e+00
5.135586145309999847e+04	1.661949081981360266e+00
5.135605645309999818e+04	1.691035527394648241e+00
5.135625245310000173e+04	1.621610272134002884e+00
5.135644745310000144e+04	1.611297057462115490e+00
5.135664245310000115e+04	1.695879016986406640e+00
5.135683745310000086e+04	1.621228040457005193e+00
5.135703345309999713e+04	1.656575043363412547e+00
5.135722845309999684e+04	1.650769007414425005e+00
5.135742345309999655e+04	1.653761771587046070e+00
5.135761945310000010e+04	1.630262527968813657e+00
5.135781445309999981e+04	1.649759303545126343e+00
5.135800945309999952e+04	1.678282939748964253e+00
5.135820545310000307e+04	1.628467355364996649e+00
5.135840045310000278e+04	1.614659047731237251e+00
5.135859545310000249e+04	1.690412795892084930e+00
5.135879145309999876e+04	1.663865219780159777e+00
5.135898645309999847e+04	1.597085269143313724e+00
5.135918145309999818e+04	1.677601404907482774e+00
5.135937745310000173e+04	1.641246592026588402e+00
5.135957245310000144e+04	1.646053684268309780e+00
5.135976745310000115e+04	1.627190884375774971e+00
5.135996245310000086e+04	1.652242542305138784e+00
5.136015845309999713e+04	1.652517657635000248e+00
5.136035345309999684e+04	1.612521107293234834e+00
5.136054845309999655e+04	1.611405960346894872e+00
5.136074445310000010e+04	1.690237246738755417e+00
5.136093945309999981e+04	1.660769312687161658e+00
5.136113445309999952e+04	1.678610892594820214e+00
5.136133045310000307e+04	1.676500111631892054e+00
5.136152545310000278e+04	1.639872690836000402e+00
5.136172045310000249e+04	1.696332313303736683e+00
5.136191645309999876e+04	1.617408860379097035e+00
5.136211145309999847e+04	1.655253154345842859e+00
5.136230645309999818e+04	1.648331500764319557e+00
5.136250245310000173e+04	1.626359485354111456e+00
5.136269745310000144e+04	1.665797123988401296e+00
5.136289245310000115e+04	1.654396120161507611e+00
5.136308745310000086e+04	1.675670493151489637e+00
5.136328345309999713e+04	1.625224744129521781e+00
5.136347845309999684e+04	1.658239017411455407e+00
5.136367345309999655e+04	1.679901526799065792e+00
5.136386945310000010e+04	1.655580428765992096e+00
5.136406445309999981e+04	1.653286296305850556e+00
5.136425945309999952e+04	1.655114606160832835e+00
5.136445545310000307e+04	1.630649926597680377e+00
5.136465045310000278e+04	1.611554496813702997e+00
5.136484545310000249e+04	1.641134623157206818e+00
5.136504145309999876e+04	1.674466816058139074e+00
5.136523645309999847e+04	1.649236848656913779e+00
5.136543145309999818e+04	1.633920462627996173e+00
5.136562745310000173e+04	1.618909111850587834e+00
5.136582245310000144e+04	1.634845624709054590e+00
5.136601745310000115e+04	1.629448291245822134e+00
5.136621245310000086e+04	1.626455481017032412e+00
5.136640845309999713e+04	1.670429609001363502e+00
5.136660345309999684e+04	1.635860290640620107e+00
5.136679845309999655e+04	1.647578543670444873e+00
5.136699445310000010e+04	1.606089669905003348e+00
5.136718945309999981e+04	1.628744863613240668e+00
5.136738445309999952e+04	1.640832707656340261e+00
5.136758045310000307e+04	1.625863088790669764e+00
5.136777545310000278e+04	1.642185294875758927e+00
5.136797045310000249e+04	1.595209564066305319e+00
5.136816645309999876e+04	1.635880545010660825e+00
5.136836145309999847e+04	1.574636398508957313e+00
5.136855645309999818e+04	1.597063879014388732e+00
5.136875245310000173e+04	1.638789932207219024e+00
5.136894745310000144e+04	1.595933203460528915e+00
5.136914245310000115e+04	1.660320532214772271e+00
5.136933745310000086e+04	1.647719427297712258e+00
5.136953345309999713e+04	1.577063608215903301e+00
5.136972845309999684e+04	1.609236613369935398e+00
5.136992345309999655e+04	1.630024457002981819e+00
5.137011945310000010e+04	1.644859174067509144e+00
5.137031445309999981e+04	1.614566213586092758e+00
5.137050945309999952e+04	1.589109048731160101e+00
5.137070545310000307e+04	1.623359946558803557e+00
5.137090045310000278e+04	1.582662538645621453e+00
5.137109545310000249e+04	1.559940525318223692e+00
5.137129145309999876e+04	1.650614403962782362e+00
5.137148645309999847e+04	1.571787467245844283e+00
5.137168145309999818e+04	1.599188473789405762e+00
5.137187745310000173e+04	1.644423000695516279e+00
5.137207245310000144e+04	1.589904324541828728e+00
5.137226745310000115e+04	1.594801278947564072e+00
5.137246245310000086e+04	1.585823424404955162e+00
5.137265845309999713e+04	1.644918905631040928e+00
5.137285345309999684e+04	1.628232657969860497e+00
5.137304845309999655e+04	1.605672951011687388e+00
5.137324445310000010e+04	1.615216595136491406e+00
5.137343945309999981e+04	1.592245545632371417e+00
5.137363445309999952e+04	1.610764095656225692e+00
5.137383045310000307e+04	1.611996705953727016e+00
5.137402545310000278e+04	1.601914340504764667e+00
5.137422045310000249e+04	1.657099437549412357e+00
5.137441645309999876e+04	1.624111495468532951e+00
5.137461145309999847e+04	1.582012249307819474e+00
5.137480645309999818e+04	1.631476954111320765e+00
5.137500245310000173e+04	1.641193356486407851e+00
5.137519745310000144e+04	1.603973236247249190e+00
5.137539245310000115e+04	1.639733958359137489e+00
5.137558745310000086e+04	1.622013772782576524e+00
5.137578345309999713e+04	1.650345677243956644e+00
5.137597845309999684e+04	1.589398693924639616e+00
5.137617345309999655e+04	1.629868705740211254e+00
5.137636945310000010e+04	1.657376692292594100e+00
5.137656445309999981e+04	1.617076823561859555e+00
5.137675945309999952e+04	1.618429614326677424e+00
5.137695545310000307e+04	1.602130123381460436e+00
5.137715045310000278e+04	1.650292462753064626e+00
5.137734545310000249e+04	1.638714148192159215e+00
5.137754145309999876e+04	1.615571040769172129e+00
5.137773645309999847e+04	1.648326096415571484e+00
5.137793145309999818e+04	1.651809622803741107e+00
5.137812745310000173e+04	1.621162928382853252e+00
5.137832245310000144e+04	1.646721223466967032e+00
5.137851745310000115e+04	1.654629635152357281e+00
5.137871245310000086e+04	1.625343300429280546e+00
5.137890845309999713e+04	1.579085123515060474e+00
5.137910345309999684e+04	1.616466028426383872e+00
5.137929845309999655e+04	1.633045584753871182e+00
5.137949445310000010e+04	1.604162385150896597e+00
5.137968945309999981e+04	1.665106614572973598e+00
5.137988445309999952e+04	1.612497621414210158e+00
5.138008045310000307e+04	1.629780149814447299e+00
5.138027545310000278e+04	1.628598638177347624e+00
5.138047045310000249e+04	1.624385755198209935e+00
5.138066645309999876e+04	1.610553623269574075e+00
5.138086145309999847e+04	1.615446196539489065e+00
5.138105645309999818e+04	1.624385755198209935e+00
5.138125245310000173e+04	1.643009800813683086e+00
5.138144745310000144e+04	1.591093238333682436e+00
5.138164245310000115e+04	1.588271867367421208e+00
5.138183745310000086e+04	1.604495709283533245e+00
5.138203345309999713e+04	1.633317721622081109e+00
5.138222845309999684e+04	1.604882440002160848e+00
5.138242345309999655e+04	1.612864952501436022e+00
5.138261945310000010e+04	1.602912284972074275e+00
5.138281445309999981e+04	1.577586598774843196e+00
5.138300945309999952e+04	1.598954396070130457e+00
5.138320545310000307e+04	1.610885937554744629e+00
5.138340045310000278e+04	1.607898239918947425e+00
5.138359545310000249e+04	1.598205239611241169e+00
5.138379145309999876e+04	1.627607214404880764e+00
5.138398645309999847e+04	1.604507456301657697e+00
5.138418145309999818e+04	1.584010918947420521e+00
5.138437745310000173e+04	1.608241144727919902e+00
5.138457245310000144e+04	1.636179317810814382e+00
5.138476745310000115e+04	1.635164665940113338e+00
5.138496245310000086e+04	1.613945719639955811e+00
5.138515845309999713e+04	1.617849856579169909e+00
5.138535345309999684e+04	1.617626699614923780e+00
5.138554845309999655e+04	1.572923644869188564e+00
5.138574445310000010e+04	1.609851912434884014e+00
5.138593945309999981e+04	1.572658330382809666e+00
5.138613445309999952e+04	1.628070385325589342e+00
5.138633045310000307e+04	1.587314985891413954e+00
5.138652545310000278e+04	1.580496918680363905e+00
5.138672045310000249e+04	1.619707671370790081e+00
5.138691645309999876e+04	1.575691207054335408e+00
5.138711145309999847e+04	1.568287417101284831e+00
5.138730645309999818e+04	1.610948968464906983e+00
5.138750245310000173e+04	1.595188172198692911e+00
5.138769745310000144e+04	1.600124485546036368e+00
5.138789245310000115e+04	1.576737238466595414e+00
5.138808745310000086e+04	1.611070625891585451e+00
5.138828345309999713e+04	1.589678876733524149e+00
5.138847845309999684e+04	1.511474595423617728e+00
5.138867345309999655e+04	1.591737854334610347e+00
5.138886945310000010e+04	1.617438670080337815e+00
5.138906445309999981e+04	1.635054683826053790e+00
5.138925945309999952e+04	1.555588819450427707e+00
5.138945545310000307e+04	1.618863161965386155e+00
5.138965045310000278e+04	1.620687788085753311e+00
5.138984545310000249e+04	1.587232695355190515e+00
5.139004145309999876e+04	1.606296879447695503e+00
5.139023645309999847e+04	1.631131186522695842e+00
5.139043145309999818e+04	1.621403108487623257e+00
5.139062745310000173e+04	1.606435813412886660e+00
5.139082245310000144e+04	1.607290413245877403e+00
5.139101745310000115e+04	1.601636509047537515e+00
5.139121245310000086e+04	1.642921203803609842e+00
5.139140845309999713e+04	1.629959369787624013e+00
5.139160345309999684e+04	1.625584537234221472e+00
5.139179845309999655e+04	1.630125937688667648e+00
5.139199445310000010e+04	1.592619626811771383e+00
5.139218945309999981e+04	1.617297784506668279e+00
5.139238445309999952e+04	1.606578967745907249e+00
5.139258045310000307e+04	1.631499320658845065e+00
5.139277545310000278e+04	1.640266250345883137e+00
5.139297045310000249e+04	1.640160782555234675e+00
5.139316645309999876e+04	1.642749506041562668e+00
5.139336145309999847e+04	1.609608400571884701e+00
5.139355645309999818e+04	1.584936983446667114e+00
5.139375245310000173e+04	1.645717662972465689e+00
5.139394745310000144e+04	1.587166385133823354e+00
5.139414245310000115e+04	1.605159131114582749e+00
5.139433745310000086e+04	1.594452757309889890e+00
5.139453345309999713e+04	1.592885813924720395e+00
5.139472845309999684e+04	1.618615434558758892e+00
5.139492345309999655e+04	1.602635566905858511e+00
5.139511945310000010e+04	1.587816437507523659e+00
5.139531445309999981e+04	1.583719001610566224e+00
5.139550945309999952e+04	1.592827049182803378e+00
5.139570545310000307e+04	1.600674857783744187e+00
5.139590045310000278e+04	1.608203798907045012e+00
5.139609545310000249e+04	1.638825120830713189e+00
5.139629145309999876e+04	1.579377099423791009e+00
5.139648645309999847e+04	1.601344814541372230e+00
5.139668145309999818e+04	1.572614493924024970e+00
5.139687745310000173e+04	1.579908581653619137e+00
5.139707245310000144e+04	1.597903862740183811e+00
5.139726745310000115e+04	1.624314233416910724e+00
5.139746245310000086e+04	1.600405547858906985e+00
5.139765845309999713e+04	1.572060235844148224e+00
5.139785345309999684e+04	1.529754541845449012e+00
5.139804845309999655e+04	1.590781024683085576e+00
5.139824445310000010e+04	1.598457500868008196e+00
5.139843945309999981e+04	1.561878031746035234e+00
5.139863445309999952e+04	1.617071411872458953e+00
5.139883045310000307e+04	1.595867928115399792e+00
5.139902545310000278e+04	1.558252430634979646e+00
5.139922045310000249e+04	1.589733333371176727e+00
5.139941645309999876e+04	1.611129435925748865e+00
5.139961145309999847e+04	1.663420710546837711e+00
5.139980645309999818e+04	1.628525020882412022e+00
5.140000245310000173e+04	1.598277852213456640e+00
5.140019745310000144e+04	1.605677264150443762e+00
5.140039245310000115e+04	1.634623732179797173e+00
5.140058745310000086e+04	1.630709695043904617e+00
5.140078345309999713e+04	1.664340384784978255e+00
5.140097845309999684e+04	1.636708484414189257e+00
5.140117345309999655e+04	1.620641841747119116e+00
5.140136945310000010e+04	1.658881757291844394e+00
5.140156445309999981e+04	1.582323479205891559e+00
5.140175945309999952e+04	1.625272881911815404e+00
5.140195545310000307e+04	1.644877313423748433e+00
5.140215045310000278e+04	1.571574433466732756e+00
5.140234545310000249e+04	1.632696632571262185e+00
5.140254145309999876e+04	1.612661012912720793e+00
5.140273645309999847e+04	1.571597041976469100e+00
5.140293145309999818e+04	1.649967128111004655e+00
5.140312745310000173e+04	1.610989521011791936e+00
5.140332245310000144e+04	1.637807378138996128e+00
5.140351745310000115e+04	1.638602167002165544e+00
5.140371245310000086e+04	1.620790318706703204e+00
5.140390845309999713e+04	1.576863578654652542e+00
5.140410345309999684e+04	1.592393103660135978e+00
5.140429845309999655e+04	1.636239071905549736e+00
5.140449445310000010e+04	1.619379886534112245e+00
5.140468945309999981e+04	1.597334237769151954e+00
5.140488445309999952e+04	1.640231063925572386e+00
5.140508045310000307e+04	1.609613814013517441e+00
5.140527545310000278e+04	1.616828985228579540e+00
5.140547045310000249e+04	1.584802328884780565e+00
5.140566645309999876e+04	1.611447704787243751e+00
5.140586145309999847e+04	1.582081789527880034e+00
5.140605645309999818e+04	1.613885907691013699e+00
5.140625245310000173e+04	1.626992389211089574e+00
5.140644745310000144e+04	1.679029403022301636e+00
5.140664245310000115e+04	1.617206978895339375e+00
5.140683745310000086e+04	1.638016502001477193e+00
5.140703345309999713e+04	1.612621472459775163e+00
5.140722845309999684e+04	1.674241005210273414e+00
5.140742345309999655e+04	1.679726994924857664e+00
5.140761945310000010e+04	1.678761008359902718e+00
5.140781445309999981e+04	1.647764220415862013e+00
5.140800945309999952e+04	1.632986830632637165e+00
5.140820545310000307e+04	1.639588902305774809e+00
5.140840045310000278e+04	1.659969887764184193e+00
5.140859545310000249e+04	1.640974640504994753e+00
5.140879145309999876e+04	1.616376320253943177e+00
5.140898645309999847e+04	1.611163657608258859e+00
5.140918145309999818e+04	1.661315948791170172e+00
5.140937745310000173e+04	1.654189251371150249e+00
5.140957245310000144e+04	1.636486609839131745e+00
5.140976745310000115e+04	1.636231648475837019e+00
5.140996245310000086e+04	1.632905711201715349e+00
5.141015845309999713e+04	1.616802293376427002e+00
5.141035345309999684e+04	1.613964984191698093e+00
5.141054845309999655e+04	1.648075571397630057e+00
5.141074445310000010e+04	1.595926685115095722e+00
5.141093945309999981e+04	1.607947331500835020e+00
5.141113445309999952e+04	1.636048078211718604e+00
5.141133045310000307e+04	1.623276684141316650e+00
5.141152545310000278e+04	1.638464526528034426e+00
5.141172045310000249e+04	1.572640134126995548e+00
5.141191645309999876e+04	1.626865406418747995e+00
5.141211145309999847e+04	1.625091333178605879e+00
5.141230645309999818e+04	1.653547479244991791e+00
5.141250245310000173e+04	1.662422272655472710e+00
5.141269745310000144e+04	1.632824683145859268e+00
5.141289245310000115e+04	1.634178749184545865e+00
5.141308745310000086e+04	1.634952308336073301e+00
5.141328345309999713e+04	1.644973323515593222e+00
5.141347845309999684e+04	1.654339618334878637e+00
5.141367345309999655e+04	1.615556180580373535e+00
5.141386945310000010e+04	1.611373940933740201e+00
5.141406445309999981e+04	1.651422671778837170e+00
5.141425945309999952e+04	1.648428595627288828e+00
5.141445545310000307e+04	1.664387342380543089e+00
5.141465045310000278e+04	1.651745787781287333e+00
5.141484545310000249e+04	1.630496287978015602e+00
5.141504145309999876e+04	1.638048484405414840e+00
5.141523645309999847e+04	1.599131744583701220e+00
5.141543145309999818e+04	1.630993501376964971e+00
5.141562745310000173e+04	1.616409341707718994e+00
5.141582245310000144e+04	1.681966354049720280e+00
5.141601745310000115e+04	1.618609106056251079e+00
5.141621245310000086e+04	1.634492483712719491e+00
5.141640845309999713e+04	1.629946535667109231e+00
