# time(sec)	crack length FEA(mm)
7.737461145310000575e+04	2.654923840484721964e+00
7.737480645309999818e+04	2.637374812618858755e+00
7.737500245309999445e+04	2.629766452791596265e+00
7.737519745310000144e+04	2.649645301491247551e+00
7.737539245309999387e+04	2.673470022353134468e+00
7.737558745310000086e+04	2.654343947253849478e+00
7.737578345309999713e+04	2.675645306684872438e+00
7.737597845310000412e+04	2.650548558985445169e+00
7.737617345309999655e+04	2.672080864348590268e+00
7.737636945309999282e+04	2.663110292999931517e+00
7.737656445309999981e+04	2.676334577728203712e+00
7.737675945310000679e+04	2.631719389734483272e+00
7.737695545310000307e+04	2.630583762565962047e+00
7.737715045309999550e+04	2.634834608012804225e+00
7.737734545310000249e+04	2.678577705164144618e+00
7.737754145309999876e+04	2.607258242736904208e+00
7.737773645310000575e+04	2.618420770345890602e+00
7.737793145309999818e+04	2.670145569855346679e+00
7.737812745309999445e+04	2.654328449365310760e+00
7.737832245310000144e+04	2.658889514805210297e+00
7.737851745309999387e+04	2.647384978132304667e+00
7.737871245310000086e+04	2.650901216757919343e+00
7.737890845309999713e+04	2.640058410595003124e+00
7.737910345310000412e+04	2.641926051574737144e+00
7.737929845309999655e+04	2.643763834399177171e+00
7.737949445309999282e+04	2.670526693104402938e+00
7.737968945309999981e+04	2.638335538118823820e+00
7.737988445310000679e+04	2.635457878288228528e+00
7.738008045310000307e+04	2.675187996438854299e+00
7.738027545309999550e+04	2.658582684072520408e+00
7.738047045310000249e+04	2.640860087006569046e+00
7.738066645309999876e+04	2.658180252109520580e+00
7.738086145310000575e+04	2.610953842583603191e+00
7.738105645309999818e+04	2.679208898042526599e+00
7.738125245309999445e+04	2.647743730908613813e+00
7.738144745310000144e+04	2.658471681182028590e+00
7.738164245309999387e+04	2.677851858632468662e+00
7.738183745310000086e+04	2.632589739780289761e+00
7.738203345309999713e+04	2.652697606606288616e+00
7.738222845310000412e+04	2.675262436850358583e+00
7.738242345309999655e+04	2.621842891674820208e+00
7.738261945309999282e+04	2.615791590931145549e+00
7.738281445309999981e+04	2.676805071296755045e+00
7.738300945310000679e+04	2.666329679308068634e+00
7.738320545310000307e+04	2.634896655408438093e+00
7.738340045309999550e+04	2.624539902038662831e+00
7.738359545310000249e+04	2.678188852473383008e+00
7.738379145309999876e+04	2.641202915072931035e+00
7.738398645310000575e+04	2.592099421984849883e+00
7.738418145309999818e+04	2.648829762595328319e+00
7.738437745309999445e+04	2.640244069229524371e+00
7.738457245310000144e+04	2.660644275263326364e+00
7.738476745309999387e+04	2.648123147533752331e+00
7.738496245310000086e+04	2.621976706662820789e+00
7.738515845309999713e+04	2.637506428575841610e+00
7.738535345310000412e+04	2.661998457924807937e+00
7.738554845309999655e+04	2.663788849252963331e+00
7.738574445309999282e+04	2.642664407344776478e+00
7.738593945309999981e+04	2.646946426308199207e+00
7.738613445310000679e+04	2.630018468695286771e+00
7.738633045310000307e+04	2.635417127897776268e+00
7.738652545309999550e+04	2.615433097560785569e+00
7.738672045310000249e+04	2.667675542629378782e+00
7.738691645309999876e+04	2.651765803833644242e+00
7.738711145310000575e+04	2.631981637863653134e+00
7.738730645309999818e+04	2.638423336698082267e+00
7.738750245309999445e+04	2.654233710618616016e+00
7.738769745310000144e+04	2.669094383767022904e+00
7.738789245309999387e+04	2.623568041965814501e+00
7.738808745310000086e+04	2.624857299072784755e+00
7.738828345309999713e+04	2.663963976846034143e+00
7.738847845310000412e+04	2.651928856894214093e+00
7.738867345309999655e+04	2.613007695060947100e+00
7.738886945309999282e+04	2.639728969926068203e+00
7.738906445309999981e+04	2.637845016146556532e+00
7.738925945310000679e+04	2.659207371091621752e+00
7.738945545310000307e+04	2.639188360935182942e+00
7.738965045309999550e+04	2.651443634691323936e+00
7.738984545310000249e+04	2.644360304940768458e+00
7.739004145309999876e+04	2.613668613231748594e+00
7.739023645310000575e+04	2.611931357112716512e+00
7.739043145309999818e+04	2.602129476267576180e+00
7.739062745309999445e+04	2.683357589253162701e+00
7.739082245310000144e+04	2.654083984026080145e+00
7.739101745309999387e+04	2.610644488915625061e+00
7.739121245310000086e+04	2.652703648613282894e+00
7.739140845309999713e+04	2.644981461283260060e+00
7.739160345310000412e+04	2.621285524940530465e+00
7.739179845309999655e+04	2.662515127441507090e+00
7.739199445309999282e+04	2.653491722004304165e+00
7.739218945309999981e+04	2.613764582418163229e+00
7.739238445310000679e+04	2.634733473882080901e+00
7.739258045310000307e+04	2.599396142708208401e+00
7.739277545309999550e+04	2.607421631412986329e+00
7.739297045310000249e+04	2.630717348230447783e+00
7.739316645309999876e+04	2.688862963997284083e+00
7.739336145310000575e+04	2.640136914865209405e+00
7.739355645309999818e+04	2.615769223644555552e+00
7.739375245309999445e+04	2.625516803667157006e+00
7.739394745310000144e+04	2.651540574919280857e+00
7.739414245309999387e+04	2.619854335085911146e+00
7.739433745310000086e+04	2.618628014281860317e+00
7.739453345309999713e+04	2.633281612417210482e+00
7.739472845310000412e+04	2.650701462714216916e+00
7.739492345309999655e+04	2.654727976128455680e+00
7.739511945309999282e+04	2.595773110980257314e+00
7.739531445309999981e+04	2.628148747626688930e+00
7.739550945310000679e+04	2.651972728640895838e+00
7.739570545310000307e+04	2.618319734919243302e+00
7.739590045309999550e+04	2.639168033072614605e+00
7.739609545310000249e+04	2.649056946517543309e+00
7.739629145309999876e+04	2.619294812358239355e+00
7.739648645310000575e+04	2.665347531176658791e+00
7.739668145309999818e+04	2.687403545780568948e+00
7.739687745309999445e+04	2.648824507734644840e+00
7.739707245310000144e+04	2.624559366852572850e+00
7.739726745309999387e+04	2.666613997735433728e+00
7.739746245310000086e+04	2.648012003325511898e+00
7.739765845309999713e+04	2.656801228916837232e+00
7.739785345310000412e+04	2.684010064730998124e+00
7.739804845309999655e+04	2.670204803639354196e+00
7.739824445309999282e+04	2.705808984853586452e+00
7.739843945309999981e+04	2.688041736498487211e+00
7.739863445310000679e+04	2.665568765625433656e+00
7.739883045310000307e+04	2.664519369604899879e+00
7.739902545309999550e+04	2.671551300326086675e+00
7.739922045310000249e+04	2.644583856704883829e+00
7.739941645309999876e+04	2.667514445984181748e+00
7.739961145310000575e+04	2.669463188443446100e+00
7.739980645309999818e+04	2.639947224930164538e+00
7.740000245309999445e+04	2.680102786696394901e+00
7.740019745310000144e+04	2.666075986052106828e+00
7.740039245309999387e+04	2.663212169695771792e+00
7.740058745310000086e+04	2.675948746104083398e+00
7.740078345309999713e+04	2.672690813616176442e+00
7.740097845310000412e+04	2.662708820621126904e+00
7.740117345309999655e+04	2.652450846094867032e+00
7.740136945309999282e+04	2.676039278514664943e+00
7.740156445309999981e+04	2.651730163178074307e+00
7.740175945310000679e+04	2.634370298549161049e+00
7.740195545310000307e+04	2.663000101084351812e+00
7.740215045309999550e+04	2.667329021470191464e+00
7.740234545310000249e+04	2.665741865999018856e+00
7.740254145309999876e+04	2.671448238115717189e+00
7.740273645310000575e+04	2.686575967884722971e+00
7.740293145309999818e+04	2.651742422869666882e+00
7.740312745309999445e+04	2.677483197260910330e+00
7.740332245310000144e+04	2.675766455537713640e+00
7.740351745309999387e+04	2.716064932630295914e+00
7.740371245310000086e+04	2.636701385556214916e+00
7.740390845309999713e+04	2.680387011215668025e+00
7.740410345310000412e+04	2.723586900697940294e+00
7.740429845309999655e+04	2.645955250649954849e+00
7.740449445309999282e+04	2.669996828470072359e+00
7.740468945309999981e+04	2.689854182570442731e+00
7.740488445310000679e+04	2.693652543114561482e+00
7.740508045310000307e+04	2.683117212382351013e+00
7.740527545309999550e+04	2.671118225758386089e+00
7.740547045310000249e+04	2.697652003090698969e+00
7.740566645309999876e+04	2.684456870511535698e+00
7.740586145310000575e+04	2.656974487109254213e+00
7.740605645309999818e+04	2.657122267632836099e+00
7.740625245309999445e+04	2.663004302216142705e+00
7.740644745310000144e+04	2.664989945705206864e+00
7.740664245309999387e+04	2.632070514015341089e+00
7.740683745310000086e+04	2.655578226448396251e+00
7.740703345309999713e+04	2.655973615160245771e+00
7.740722845310000412e+04	2.681433449897870247e+00
7.740742345309999655e+04	2.677601187077948808e+00
7.740761945309999282e+04	2.674271509840204786e+00
7.740781445309999981e+04	2.665872346708294316e+00
7.740800945310000679e+04	2.636305731904936778e+00
7.740820545310000307e+04	2.660367143585151695e+00
7.740840045309999550e+04	2.645865468001918686e+00
7.740859545310000249e+04	2.685004479141415601e+00
7.740879145309999876e+04	2.694487977267963075e+00
7.740898645310000575e+04	2.655211285943448019e+00
7.740918145309999818e+04	2.675587137499434220e+00
7.740937745309999445e+04	2.649344470009406649e+00
7.740957245310000144e+04	2.648965249978910919e+00
7.740976745309999387e+04	2.706101780243187704e+00
7.740996245310000086e+04	2.654126800683885179e+00
7.741015845309999713e+04	2.676830436897672527e+00
7.741035345310000412e+04	2.684838528002334357e+00
7.741054845309999655e+04	2.672946528756758866e+00
7.741074445309999282e+04	2.615349416091387269e+00
7.741093945309999981e+04	2.621662248898514846e+00
7.741113445310000679e+04	2.652703648613282894e+00
7.741133045310000307e+04	2.649433187268847689e+00
7.741152545309999550e+04	2.649283252260744348e+00
7.741172045310000249e+04	2.635340446847447282e+00
7.741191645309999876e+04	2.657366873695519160e+00
7.741211145310000575e+04	2.664859547180489230e+00
7.741230645309999818e+04	2.698650943876018005e+00
7.741250245309999445e+04	2.687405556548107199e+00
7.741269745310000144e+04	2.654616953434141280e+00
7.741289245309999387e+04	2.638534705441145434e+00
7.741308745310000086e+04	2.660164325760996817e+00
7.741328345309999713e+04	2.656808320360772413e+00
7.741347845310000412e+04	2.705560734570770620e+00
7.741367345309999655e+04	2.650284434074595907e+00
7.741386945309999282e+04	2.662833017909578714e+00
7.741406445309999981e+04	2.657820446900917233e+00
7.741425945310000679e+04	2.662149355059916900e+00
7.741445545310000307e+04	2.686453830574675905e+00
7.741465045309999550e+04	2.642111694178995052e+00
7.741484545310000249e+04	2.661426894832869650e+00
7.741504145309999876e+04	2.687321978400238009e+00
7.741523645310000575e+04	2.654593575554361706e+00
7.741543145309999818e+04	2.696912379590663988e+00
7.741562745309999445e+04	2.675688867866943710e+00
7.741582245310000144e+04	2.660025669752139166e+00
7.741601745309999387e+04	2.682675450595459310e+00
7.741621245310000086e+04	2.675873258402782895e+00
7.741640845309999713e+04	2.682212430461598629e+00
7.741660345310000412e+04	2.675574016608866401e+00
7.741679845309999655e+04	2.652783157765377098e+00
7.741699445309999282e+04	2.659010757702437999e+00
7.741718945309999981e+04	2.672372105900734596e+00
7.741738445310000679e+04	2.695133037183490288e+00
7.741758045310000307e+04	2.657620669256486323e+00
7.741777545309999550e+04	2.680950989029394549e+00
7.741797045310000249e+04	2.637942981230615658e+00
7.741816645309999876e+04	2.621408031099337066e+00
7.741836145310000575e+04	2.663046050918911334e+00
7.741855645309999818e+04	2.675712485338532787e+00
7.741875245309999445e+04	2.682879106351578002e+00
7.741894745310000144e+04	2.660553678280210832e+00
7.741914245309999387e+04	2.652351020247289526e+00
7.741933745310000086e+04	2.677541186406537932e+00
7.741953345309999713e+04	2.682304947838067832e+00
7.741972845310000412e+04	2.703148487334047445e+00
7.741992345309999655e+04	2.678301853122903253e+00
7.742011945309999282e+04	2.677131847928587050e+00
7.742031445309999981e+04	2.722578031235485696e+00
7.742050945310000679e+04	2.686999552552094883e+00
7.742070545310000307e+04	2.700732038290698966e+00
7.742090045309999550e+04	2.685944028793109339e+00
7.742109545310000249e+04	2.741854793620708719e+00
7.742129145309999876e+04	2.706327488530950731e+00
7.742148645310000575e+04	2.721449095699101761e+00
7.742168145309999818e+04	2.705670621924326724e+00
7.742187745309999445e+04	2.699362984228772078e+00
7.742207245310000144e+04	2.695233714079336096e+00
7.742226745309999387e+04	2.732671489398653009e+00
7.742246245310000086e+04	2.706767717704769538e+00
7.742265845309999713e+04	2.706846067072877560e+00
7.742285345310000412e+04	2.677847660388959383e+00
7.742304845309999655e+04	2.670812881093576507e+00
7.742324445309999282e+04	2.698538049809977579e+00
7.742343945309999981e+04	2.670717164713568792e+00
7.742363445310000679e+04	2.672759226242767738e+00
7.742383045310000307e+04	2.668162237958075167e+00
7.742402545309999550e+04	2.634288618315185460e+00
7.742422045310000249e+04	2.685828882390444150e+00
7.742441645309999876e+04	2.700413744695334017e+00
7.742461145310000575e+04	2.667517596174530325e+00
7.742480645309999818e+04	2.659034130803680895e+00
7.742500245309999445e+04	2.690393524800025915e+00
7.742519745310000144e+04	2.660711500605232871e+00
7.742539245309999387e+04	2.692399200068196663e+00
7.742558745310000086e+04	2.682778459200168442e+00
7.742578345309999713e+04	2.677277566319562041e+00
7.742597845310000412e+04	2.705178570291923990e+00
7.742617345309999655e+04	2.688728513520343810e+00
7.742636945309999282e+04	2.678295643350256938e+00
7.742656445309999981e+04	2.709886274105912207e+00
7.742675945310000679e+04	2.658232252658708106e+00
7.742695545310000307e+04	2.681104639601388229e+00
7.742715045309999550e+04	2.693567153785012991e+00
7.742734545310000249e+04	2.680578445250878517e+00
7.742754145309999876e+04	2.656102228750922833e+00
7.742773645310000575e+04	2.636594213642684537e+00
7.742793145309999818e+04	2.651392756222465508e+00
7.742812745309999445e+04	2.660904072041274659e+00
7.742832245310000144e+04	2.679161145977641212e+00
7.742851745309999387e+04	2.646976907130049739e+00
7.742871245310000086e+04	2.643405891615525860e+00
7.742890845309999713e+04	2.627858049306830424e+00
7.742910345310000412e+04	2.670201653841047573e+00
7.742929845309999655e+04	2.675389623516334581e+00
7.742949445309999282e+04	2.617658169260707268e+00
7.742968945309999981e+04	2.621124345416825818e+00
7.742988445310000679e+04	2.677890429956498508e+00
7.743008045310000307e+04	2.662974631705377959e+00
7.743027545309999550e+04	2.649460774496436244e+00
7.743047045310000249e+04	2.634381604050819448e+00
7.743066645309999876e+04	2.681006870041331425e+00
7.743086145310000575e+04	2.657930490151848346e+00
7.743105645309999818e+04	2.658037556356870112e+00
7.743125245309999445e+04	2.642753152016501517e+00
7.743144745310000144e+04	2.678140923226589365e+00
7.743164245309999387e+04	2.643409833748933124e+00
7.743183745310000086e+04	2.691957540975582930e+00
7.743203345309999713e+04	2.684316359397760365e+00
7.743222845310000412e+04	2.649240426007333227e+00
7.743242345309999655e+04	2.665138721583883097e+00
7.743261945309999282e+04	2.635352715833761295e+00
7.743281445309999981e+04	2.648425922829114043e+00
7.743300945310000679e+04	2.645088416455418923e+00
7.743320545310000307e+04	2.677184764985071297e+00
7.743340045309999550e+04	2.682868875515751483e+00
7.743359545310000249e+04	2.647648875711936967e+00
7.743379145309999876e+04	2.638872225462742804e+00
7.743398645310000575e+04	2.664273794297059794e+00
7.743418145309999818e+04	2.700503125995821208e+00
7.743437745309999445e+04	2.654432381320424028e+00
7.743457245310000144e+04	2.704003907718048438e+00
7.743476745309999387e+04	2.674884546323417212e+00
7.743496245310000086e+04	2.679148901841417185e+00
7.743515845309999713e+04	2.639298586684940773e+00
7.743535345310000412e+04	2.695833920397836536e+00
7.743554845309999655e+04	2.680919331803476524e+00
7.743574445309999282e+04	2.691878175984099286e+00
7.743593945309999981e+04	2.670172080712296392e+00
7.743613445310000679e+04	2.676024058599733024e+00
7.743633045310000307e+04	2.653633309478369284e+00
7.743652545309999550e+04	2.702032860493929434e+00
7.743672045310000249e+04	2.653026849743165272e+00
7.743691645309999876e+04	2.673313168067252832e+00
7.743711145310000575e+04	2.675378339447657794e+00
7.743730645309999818e+04	2.634341640390591266e+00
7.743750245309999445e+04	2.697741395846868784e+00
7.743769745310000144e+04	2.658104702267074515e+00
7.743789245309999387e+04	2.651589438934426113e+00
7.743808745310000086e+04	2.679186596267131293e+00
7.743828345309999713e+04	2.687437029406869016e+00
7.743847845310000412e+04	2.641118281815712621e+00
7.743867345309999655e+04	2.689451109415035290e+00
7.743886945309999282e+04	2.683972378732145003e+00
7.743906445309999981e+04	2.665677631745246856e+00
7.743925945310000679e+04	2.667327096337103853e+00
7.743945545310000307e+04	2.643675093874692905e+00
7.743965045309999550e+04	2.635165963581959758e+00
7.743984545310000249e+04	2.678506424774829142e+00
7.744004145309999876e+04	2.665319176597694906e+00
7.744023645310000575e+04	2.672787571052657185e+00
7.744043145309999818e+04	2.695644806523745274e+00
7.744062745309999445e+04	2.667373912024796567e+00
7.744082245310000144e+04	2.654984954703689226e+00
7.744101745309999387e+04	2.632786856495208383e+00
7.744121245310000086e+04	2.657941695797509496e+00
7.744140845309999713e+04	2.672265110737564342e+00
7.744160345310000412e+04	2.682669416969238441e+00
7.744179845309999655e+04	2.659646724642904303e+00
7.744199445309999282e+04	2.659368529708013185e+00
7.744218945309999981e+04	2.638091768139464222e+00
7.744238445310000679e+04	2.662901461776010947e+00
7.744258045310000307e+04	2.659156423359320343e+00
7.744277545309999550e+04	2.644647890894907150e+00
7.744297045310000249e+04	2.679845319776736901e+00
7.744316645309999876e+04	2.678380306012190459e+00
7.744336145310000575e+04	2.659746429255720912e+00
7.744355645309999818e+04	2.661574644903915043e+00
7.744375245309999445e+04	2.665508643988022897e+00
7.744394745310000144e+04	2.688532168860120919e+00
7.744414245309999387e+04	2.666158596394392788e+00
7.744433745310000086e+04	2.666596670957780191e+00
7.744453345309999713e+04	2.661493242442389828e+00
7.744472845310000412e+04	2.694466652643612292e+00
7.744492345309999655e+04	2.697864517814052121e+00
7.744511945309999282e+04	2.647945614313890417e+00
7.744531445309999981e+04	2.717505124800084104e+00
7.744550945310000679e+04	2.662672060187363243e+00
7.744570545310000307e+04	2.637542968949187383e+00
7.744590045309999550e+04	2.660741086692016921e+00
7.744609545310000249e+04	2.650160252215357559e+00
7.744629145309999876e+04	2.644017789722120426e+00
7.744648645310000575e+04	2.633403086632375434e+00
7.744668145309999818e+04	2.640970391850824939e+00
7.744687745309999445e+04	2.681285835682531982e+00
7.744707245310000144e+04	2.623416086244677814e+00
7.744726745309999387e+04	2.684981134142647718e+00
7.744746245310000086e+04	2.626934381211537328e+00
7.744765845309999713e+04	2.648213709058751419e+00
7.744785345310000412e+04	2.610156322301936171e+00
7.744804845309999655e+04	2.609676216733337384e+00
7.744824445309999282e+04	2.603414919229402713e+00
7.744843945309999981e+04	2.626835314240913988e+00
7.744863445310000679e+04	2.676146254970211302e+00
7.744883045310000307e+04	2.646342669450241658e+00
7.744902545309999550e+04	2.624408207207384436e+00
7.744922045310000249e+04	2.649914513655062365e+00
7.744941645309999876e+04	2.625296211173004934e+00
7.744961145310000575e+04	2.647727440018005751e+00
7.744980645309999818e+04	2.652360214752530254e+00
7.745000245309999445e+04	2.604726701640711184e+00
7.745019745310000144e+04	2.636640219639525995e+00
7.745039245309999387e+04	2.617786747702609773e+00
7.745058745310000086e+04	2.650340657220551677e+00
7.745078345309999713e+04	2.681223746463185620e+00
7.745097845310000412e+04	2.658053839478117908e+00
7.745117345309999655e+04	2.654474409264810930e+00
7.745136945309999282e+04	2.635349648587837379e+00
7.745156445309999981e+04	2.672502459062368274e+00
7.745175945310000679e+04	2.683691349277028237e+00
7.745195545310000307e+04	2.641757666484787492e+00
7.745215045309999550e+04	2.612331667380050959e+00
7.745234545310000249e+04	2.646855596707823111e+00
7.745254145309999876e+04	2.646057208248937087e+00
7.745273645310000575e+04	2.633814305970412661e+00
7.745293145309999818e+04	2.634114126567910219e+00
7.745312745309999445e+04	2.656598377615374318e+00
7.745332245310000144e+04	2.603723586217467911e+00
7.745351745309999387e+04	2.622214607676408349e+00
7.745371245310000086e+04	2.650016365008148966e+00
7.745390845309999713e+04	2.640332911447966779e+00
7.745410345310000412e+04	2.661352581767060244e+00
7.745429845309999655e+04	2.652844365602813781e+00
7.745449445309999282e+04	2.695641660437873455e+00
7.745468945309999981e+04	2.667312745339616598e+00
7.745488445310000679e+04	2.694643628907552824e+00
7.745508045310000307e+04	2.622297210365845288e+00
7.745527545309999550e+04	2.659956428949904250e+00
7.745547045310000249e+04	2.648684815553195904e+00
7.745566645309999876e+04	2.656337390899828677e+00
7.745586145310000575e+04	2.674209400435138662e+00
7.745605645309999818e+04	2.647712200141489447e+00
7.745625245309999445e+04	2.630114453111346506e+00
7.745644745310000144e+04	2.664522345197353204e+00
7.745664245309999387e+04	2.637643038432672782e+00
7.745683745310000086e+04	2.679384075500138351e+00
7.745703345309999713e+04	2.682465671788785144e+00
7.745722845310000412e+04	2.662134125350487324e+00
7.745742345309999655e+04	2.655881947960935463e+00
7.745761945309999282e+04	2.639546373521849176e+00
7.745781445309999981e+04	2.671135548907905388e+00
7.745800945310000679e+04	2.663869192822783560e+00
7.745820545310000307e+04	2.645255636872496652e+00
7.745840045309999550e+04	2.683449139870630162e+00
7.745859545310000249e+04	2.662993011672600829e+00
7.745879145309999876e+04	2.669759627587902528e+00
7.745898645310000575e+04	2.651113404147665165e+00
7.745918145309999818e+04	2.664890177777179403e+00
7.745937745309999445e+04	2.690952083811914974e+00
7.745957245310000144e+04	2.632914293380201443e+00
7.745976745309999387e+04	2.623004669326999050e+00
7.745996245310000086e+04	2.690728224887555697e+00
7.746015845309999713e+04	2.635071053208850600e+00
7.746035345310000412e+04	2.661430045911281184e+00
7.746054845309999655e+04	2.651261224754859924e+00
7.746074445309999282e+04	2.622812724702193066e+00
7.746093945309999981e+04	2.618069687752788255e+00
7.746113445310000679e+04	2.676944581732849215e+00
7.746133045310000307e+04	2.683014467722646401e+00
7.746152545309999550e+04	2.672672616870809037e+00
7.746172045310000249e+04	2.673173634155565637e+00
7.746191645309999876e+04	2.636557671666910352e+00
7.746211145310000575e+04	2.685427045481308284e+00
7.746230645309999818e+04	2.684202515870190098e+00
7.746250245309999445e+04	2.663959950940299137e+00
7.746269745310000144e+04	2.695697678175976719e+00
7.746289245309999387e+04	2.656878709381778947e+00
7.746308745310000086e+04	2.687772824465515242e+00
7.746328345309999713e+04	2.648819515615812747e+00
7.746347845310000412e+04	2.640701155924121579e+00
7.746367345309999655e+04	2.662642476745237019e+00
7.746386945309999282e+04	2.655721901527028805e+00
7.746406445309999981e+04	2.694036222826259319e+00
7.746425945310000679e+04	2.677165609900271193e+00
7.746445545310000307e+04	2.665434169937267228e+00
7.746465045309999550e+04	2.646501821849762237e+00
7.746484545310000249e+04	2.667384062702573999e+00
7.746504145309999876e+04	2.707842485457334192e+00
7.746523645310000575e+04	2.716508891569331396e+00
7.746543145309999818e+04	2.702664415468928993e+00
7.746562745309999445e+04	2.659909684717732148e+00
7.746582245310000144e+04	2.679779203455117553e+00
7.746601745309999387e+04	2.675908946711624381e+00
7.746621245310000086e+04	2.675248003653152296e+00
7.746640845309999713e+04	2.669814487632596212e+00
7.746660345310000412e+04	2.605847538265235741e+00
7.746679845309999655e+04	2.662391803585729022e+00
7.746699445309999282e+04	2.669958243037434897e+00
7.746718945309999981e+04	2.652132890409276911e+00
7.746738445310000679e+04	2.646166435486955848e+00
7.746758045310000307e+04	2.640401163752557068e+00
7.746777545309999550e+04	2.660330379166179426e+00
7.746797045310000249e+04	2.650532270208325158e+00
7.746816645309999876e+04	2.635016104907826673e+00
7.746836145310000575e+04	2.678577705164144618e+00
7.746855645309999818e+04	2.665260979582900092e+00
7.746875245309999445e+04	2.664798373373075790e+00
7.746894745310000144e+04	2.676291805076967734e+00
7.746914245309999387e+04	2.679570533418157652e+00
7.746933745310000086e+04	2.636727937469089511e+00
7.746953345309999713e+04	2.625215548809528343e+00
7.746972845310000412e+04	2.678955618484771151e+00
7.746992345309999655e+04	2.654899412260027347e+00
7.747011945309999282e+04	2.658507310720858996e+00
7.747031445309999981e+04	2.662147254410978547e+00
7.747050945310000679e+04	2.662689390113932575e+00
7.747070545310000307e+04	2.659958529811895289e+00
7.747090045309999550e+04	2.629745940759349310e+00
7.747109545310000249e+04	2.630950156971758602e+00
7.747129145309999876e+04	2.622295105842635365e+00
7.747148645310000575e+04	2.645605490387728409e+00
7.747168145309999818e+04	2.645297419875888068e+00
7.747187745309999445e+04	2.672783634275733178e+00
7.747207245310000144e+04	2.637594142893490812e+00
7.747226745309999387e+04	2.635938376566793195e+00
7.747246245310000086e+04	2.630521527493232981e+00
7.747265845309999713e+04	2.674298015630490966e+00
7.747285345310000412e+04	2.644277874024506758e+00
7.747304845309999655e+04	2.631536725724195946e+00
7.747324445309999282e+04	2.661292448392401866e+00
7.747343945309999981e+04	2.633575393043599888e+00
7.747363445310000679e+04	2.661174194353675304e+00
7.747383045310000307e+04	2.638137770951878736e+00
7.747402545309999550e+04	2.672015599106174477e+00
7.747422045310000249e+04	2.656964243990483254e+00
7.747441645309999876e+04	2.631157281017216576e+00
