# time(sec)	crack length FEA(mm)
9.651562453099999402e+03	3.627308193746685561e-01
9.651757853099999920e+03	3.512409162000409424e-01
9.651953153099999327e+03	3.994497460018919810e-01
9.652148453100000552e+03	3.657397416503460619e-01
9.652343753099999958e+03	3.925776626552757165e-01
9.652539053099999364e+03	3.594592973290815507e-01
9.652734353100000590e+03	3.688416920745130057e-01
9.652929653099999996e+03	3.907590330574031157e-01
9.653124953099999402e+03	3.744055077083281446e-01
9.653320353099999920e+03	3.949378710064905817e-01
9.653515653099999327e+03	3.771509558664298822e-01
9.653710953100000552e+03	4.127726521232943924e-01
9.653906253099999958e+03	4.039619178168596392e-01
9.654101553099999364e+03	3.626272822487415226e-01
9.654296853100000590e+03	4.027350893429968437e-01
9.654492153099999996e+03	3.936206840818901043e-01
9.654687453099999402e+03	4.184321536522883633e-01
9.654882853099999920e+03	3.677931036736268311e-01
9.655078153099999327e+03	3.697866902327877625e-01
9.655273453100000552e+03	3.640508097528982745e-01
9.655468753099999958e+03	3.997227827923559573e-01
9.655664053099999364e+03	3.792416357361716450e-01
9.655859353100000590e+03	4.003677488193186917e-01
9.656054653099999996e+03	4.286822192258004094e-01
9.656249953099999402e+03	3.886165150310638694e-01
9.656445353099999920e+03	3.647248130892322138e-01
9.656640653099999327e+03	4.089270443676618072e-01
9.656835953100000552e+03	3.805640794696643070e-01
9.657031253099999958e+03	3.933554290376921614e-01
9.657226553099999364e+03	3.794800330180798653e-01
9.657421853100000590e+03	3.967674491395278835e-01
9.657617153099999996e+03	4.370107020207409931e-01
9.657812453099999402e+03	3.854046163726998486e-01
9.658007853099999920e+03	4.472822020394051634e-01
9.658203153099999327e+03	4.029215808431274581e-01
9.658398453100000552e+03	3.668671561410583593e-01
9.658593753099999958e+03	3.419656324584821050e-01
9.658789053099999364e+03	3.910096976838062233e-01
9.658984353100000590e+03	3.716046185763666188e-01
9.659179653099999996e+03	3.742412942404254039e-01
9.659374953099999402e+03	4.269571516485726193e-01
9.659570353099999920e+03	3.927878557566941709e-01
9.659765653099999327e+03	4.244551991603540131e-01
9.659960953100000552e+03	3.388186845200440445e-01
9.660156253099999958e+03	3.724190372133051596e-01
9.660351553099999364e+03	3.924427754984822769e-01
9.660546853100000590e+03	3.650117453756358543e-01
9.660742153099999996e+03	4.090247727337654737e-01
9.660937453099999402e+03	3.586343400684235405e-01
9.661132853099999920e+03	3.470535710217532710e-01
9.661328153099999327e+03	3.304875378608471692e-01
9.661523453100000552e+03	3.692500518206127680e-01
9.661718753099999958e+03	3.988160010182912885e-01
9.661914053099999364e+03	3.640125231147006701e-01
9.662109353100000590e+03	3.864749318020308522e-01
9.662304653099999996e+03	3.561299679459253298e-01
9.662499953099999402e+03	3.877531578326820494e-01
9.662695353099999920e+03	3.508525109339757364e-01
9.662890653099999327e+03	3.980597578659139657e-01
9.663085953100000552e+03	4.024901506373819160e-01
9.663281253099999958e+03	4.232091566288289641e-01
9.663476553099999364e+03	4.081025755558798096e-01
9.663671853100000590e+03	3.899991738040942124e-01
9.663867153099999996e+03	3.862691757055003450e-01
9.664062453099999402e+03	3.940039303617659527e-01
9.664257853099999920e+03	3.985530506743195645e-01
9.664453153099999327e+03	3.665217435706153992e-01
9.664648453100000552e+03	3.818876020124193360e-01
9.664843753099999958e+03	3.511035795316885810e-01
9.665039053099999364e+03	3.871134736520236430e-01
9.665234353100000590e+03	3.780068191411167788e-01
9.665429653099999996e+03	3.836360497768929179e-01
9.665624953099999402e+03	3.876632156160617626e-01
9.665820353099999920e+03	4.049842332249795618e-01
9.666015653099999327e+03	3.488134817972259327e-01
9.666210953100000552e+03	3.749971444656789998e-01
9.666406253099999958e+03	3.803864028086572091e-01
9.666601553099999364e+03	3.994239073458274447e-01
9.666796853100000590e+03	3.872450002959926252e-01
9.666992153099999996e+03	4.246796909220798000e-01
9.667187453099999402e+03	4.033844547004825642e-01
9.667382853099999920e+03	3.871989177657439996e-01
9.667578153099999327e+03	4.426803592620096595e-01
9.667773453100000552e+03	3.457799962242056324e-01
9.667968753099999958e+03	4.107859204718273816e-01
9.668164053099999364e+03	4.030979666922185345e-01
9.668359353100000590e+03	3.635027861338464561e-01
9.668554653099999996e+03	3.388006586278464738e-01
9.668749953099999402e+03	3.946512851805810129e-01
9.668945353099999920e+03	3.813939480232786394e-01
9.669140653099999327e+03	4.457726467809166593e-01
9.669335953100000552e+03	3.744280005015099277e-01
9.669531253099999958e+03	3.516980162070204585e-01
9.669726553099999364e+03	3.863793451450980854e-01
9.669921853100000590e+03	4.251432856993311304e-01
9.670117153099999996e+03	3.481615528828001516e-01
9.670312453099999402e+03	3.325686049615015349e-01
9.670507853099999920e+03	4.073454969722778429e-01
9.670703153099999327e+03	3.829827662885048056e-01
9.670898453100000552e+03	3.539382898361367324e-01
9.671093753099999958e+03	3.962347640840846452e-01
9.671289053099999364e+03	4.152398757811006647e-01
9.671484353100000590e+03	3.391892525513302559e-01
9.671679653099999996e+03	3.899126096246234852e-01
9.671874953099999402e+03	3.171868155925654520e-01
9.672070353099999920e+03	3.984496631850031889e-01
9.672265653099999327e+03	3.335341671434033373e-01
9.672460953100000552e+03	3.471368803031538164e-01
9.672656253099999958e+03	3.789616012482781571e-01
9.672851553099999364e+03	3.632023230028167404e-01
9.673046853100000590e+03	3.276963415440370397e-01
9.673242153099999996e+03	3.705426763453427697e-01
9.673437453099999402e+03	3.250457113118621066e-01
9.673632853099999920e+03	3.132767320556979485e-01
9.673828153099999327e+03	3.179308771686617519e-01
9.674023453100000552e+03	3.564642611001538341e-01
9.674218753099999958e+03	2.955733535718341187e-01
9.674414053099999364e+03	3.189116691856845875e-01
9.674609353100000590e+03	3.458610849946186505e-01
9.674804653099999996e+03	3.695290750941548907e-01
9.674999953099999402e+03	3.492751238476969888e-01
9.675195353099999920e+03	3.573714922612545308e-01
9.675390653099999327e+03	3.614063022643687617e-01
9.675585953100000552e+03	3.193355215035627026e-01
9.675781253099999958e+03	3.751163493256335357e-01
9.675976553099999364e+03	3.367167076105541668e-01
9.676171853100000590e+03	3.821428478268842355e-01
9.676367153099999996e+03	3.390687428360408262e-01
9.676562453099999402e+03	3.697068296329302228e-01
9.676757853099999920e+03	3.240088054062439937e-01
9.676953153099999327e+03	3.747800660924038851e-01
9.677148453100000552e+03	3.148789538802176935e-01
9.677343753099999958e+03	3.410916514173667480e-01
9.677539053099999364e+03	3.423316839619872098e-01
9.677734353100000590e+03	3.336028696782413761e-01
9.677929653099999996e+03	3.171439922022756264e-01
9.678124953099999402e+03	3.374286592128292739e-01
9.678320353099999920e+03	3.332423413548273317e-01
9.678515653099999327e+03	3.267632335437404834e-01
9.678710953100000552e+03	3.114387380039662645e-01
9.678906253099999958e+03	3.147087190216186769e-01
9.679101553099999364e+03	3.770238678939090704e-01
9.679296853100000590e+03	3.109166259377698083e-01
9.679492153099999996e+03	3.695560562935611415e-01
9.679687453099999402e+03	3.930115055900191834e-01
9.679882853099999920e+03	3.922764320036815633e-01
9.680078153099999327e+03	3.516946217874519220e-01
9.680273453100000552e+03	3.572589216756618669e-01
9.680468753099999958e+03	3.311173989849933719e-01
9.680664053099999364e+03	3.795216380786499144e-01
9.680859353100000590e+03	3.713121483635450915e-01
9.681054653099999996e+03	3.653234177733803989e-01
9.681249953099999402e+03	3.205405623924146852e-01
9.681445353099999920e+03	3.402626872253211587e-01
9.681640653099999327e+03	3.397727319042864735e-01
9.681835953100000552e+03	3.352049039286697507e-01
9.682031253099999958e+03	3.225987999233055348e-01
9.682226553099999364e+03	3.284817598972011865e-01
9.682421853100000590e+03	3.549863039771654627e-01
9.682617153099999996e+03	3.315624424343504018e-01
9.682812453099999402e+03	3.573163430834753740e-01
9.683007853099999920e+03	3.691589310471492524e-01
9.683203153099999327e+03	3.778257526135480049e-01
9.683398453100000552e+03	3.486896433159145658e-01
9.683593753099999958e+03	3.421548553582649532e-01
9.683789053099999364e+03	3.603360344914925406e-01
9.683984353100000590e+03	3.858655774422707907e-01
9.684179653099999996e+03	3.497964205659780390e-01
9.684374953099999402e+03	3.367415085946579012e-01
9.684570353099999920e+03	3.444354007414354157e-01
9.684765653099999327e+03	3.426515162824266270e-01
9.684960953100000552e+03	3.524939512551590326e-01
9.685156253099999958e+03	3.588718141715361298e-01
9.685351553099999364e+03	3.761916018692836872e-01
9.685546853100000590e+03	3.789537476016633377e-01
9.685742153099999996e+03	3.679292558671853897e-01
9.685937453099999402e+03	3.572296743171605726e-01
9.686132853099999920e+03	3.458734567400618687e-01
9.686328153099999327e+03	4.011138260275295409e-01
9.686523453100000552e+03	3.746799512400613708e-01
9.686718753099999958e+03	4.061558999706562645e-01
9.686914053099999364e+03	4.110970171650407678e-01
9.687109353100000590e+03	3.253635106678824940e-01
9.687304653099999996e+03	3.426076048839465926e-01
9.687499953099999402e+03	3.602133556061808406e-01
9.687695353099999920e+03	3.674049672400450106e-01
9.687890653099999327e+03	3.973945088754469168e-01
9.688085953100000552e+03	3.507421544516926559e-01
9.688281253099999958e+03	3.774737303017410284e-01
9.688476553099999364e+03	3.966427110084396190e-01
9.688671853100000590e+03	3.788862621666382324e-01
9.688867153099999996e+03	3.929283310661055850e-01
9.689062453099999402e+03	4.024384699978096336e-01
9.689257853099999920e+03	4.025238612186043952e-01
9.689453153099999327e+03	3.359135216545681146e-01
9.689648453100000552e+03	4.032507459119276660e-01
9.689843753099999958e+03	4.122346970302448455e-01
9.690039053099999364e+03	3.864389492343338617e-01
9.690234353100000590e+03	4.061075946623748933e-01
9.690429653099999996e+03	4.045629619444301994e-01
9.690624953099999402e+03	3.788795000888676157e-01
9.690820353099999920e+03	3.946973731473200075e-01
9.691015653099999327e+03	3.744302420502254591e-01
9.691210953100000552e+03	3.493100288253732089e-01
9.691406253099999958e+03	3.736068843751958468e-01
9.691601553099999364e+03	3.405836975348091045e-01
9.691796853100000590e+03	3.757124616359988067e-01
9.691992153099999996e+03	3.596787818044369089e-01
9.692187453099999402e+03	3.188496463707686246e-01
9.692382853099999920e+03	3.839756124622084599e-01
9.692578153099999327e+03	3.916773583053139163e-01
9.692773453100000552e+03	3.397975008097695593e-01
9.692968753099999958e+03	3.173649453845435175e-01
9.693164053099999364e+03	3.565295547741733628e-01
9.693359353100000590e+03	3.242466109908104244e-01
9.693554653099999996e+03	3.026438120231489393e-01
9.693749953099999402e+03	3.805022395586128425e-01
9.693945353099999920e+03	3.317539997190834811e-01
9.694140653099999327e+03	3.311207768620931802e-01
9.694335953100000552e+03	3.248608500668801469e-01
9.694531253099999958e+03	3.109008658309182493e-01
9.694726553099999364e+03	3.205078730596078174e-01
9.694921853100000590e+03	3.272850031494094480e-01
9.695117153099999996e+03	3.265175430588218575e-01
9.695312453099999402e+03	3.454061216215400520e-01
9.695507853099999920e+03	3.713560089693181965e-01
9.695703153099999327e+03	3.711017729181786962e-01
9.695898453100000552e+03	3.598532136828183070e-01
9.696093753099999958e+03	3.609122401049447149e-01
9.696289053099999364e+03	3.270731408421063691e-01
9.696484353100000590e+03	3.401838248091397787e-01
9.696679653099999996e+03	3.859352843695678104e-01
9.696874953099999402e+03	3.537322634320787529e-01
9.697070353099999920e+03	3.493967349373168219e-01
9.697265653099999327e+03	3.802604519451779908e-01
9.697460953100000552e+03	3.625158858328205724e-01
9.697656253099999958e+03	3.451628984219645702e-01
9.697851553099999364e+03	3.611789641311684562e-01
9.698046853100000590e+03	3.774613743137056332e-01
9.698242153099999996e+03	3.971191682843944193e-01
9.698437453099999402e+03	3.393807413340432788e-01
9.698632853099999920e+03	3.738014796856585775e-01
9.698828153099999327e+03	3.436763643943923086e-01
9.699023453100000552e+03	3.751073737162506916e-01
9.699218753099999958e+03	3.719567242849581845e-01
9.699414053099999364e+03	4.305642883511495711e-01
9.699609353100000590e+03	3.648823527220930174e-01
9.699804653099999996e+03	3.762320820992357540e-01
9.699999953099999402e+03	4.005733780936573396e-01
9.700195353099999920e+03	3.887187848507718257e-01
9.700390653099999327e+03	3.495644787292366829e-01
9.700585953100000552e+03	3.687899314937084227e-01
9.700781253099999958e+03	4.297540277856271018e-01
9.700976553099999364e+03	4.042674935914831735e-01
9.701171853100000590e+03	3.861758673693209687e-01
9.701367153099999996e+03	3.980664857490587849e-01
9.701562453099999402e+03	3.583799831847613859e-01
9.701757853099999920e+03	4.289280168472942023e-01
9.701953153099999327e+03	3.409474861409407254e-01
9.702148453100000552e+03	3.473744935126212852e-01
9.702343753099999958e+03	3.703098075200461636e-01
9.702539053099999364e+03	4.090696857787001761e-01
9.702734353100000590e+03	3.699689364923042234e-01
9.702929653099999996e+03	4.369669287662780732e-01
9.703124953099999402e+03	4.281580979539825194e-01
9.703320353099999920e+03	3.683972878247203653e-01
9.703515653099999327e+03	3.808575609661559724e-01
9.703710953100000552e+03	3.428001991784324076e-01
9.703906253099999958e+03	3.815884918331402531e-01
9.704101553099999364e+03	3.844905493567054577e-01
9.704296853100000590e+03	4.305350985711431377e-01
9.704492153099999996e+03	3.409914004762910622e-01
9.704687453099999402e+03	3.895180507987134888e-01
9.704882853099999920e+03	3.913187934796447109e-01
9.705078153099999327e+03	3.945523994608599594e-01
9.705273453100000552e+03	4.032002152858709110e-01
9.705468753099999958e+03	3.862298321174932880e-01
9.705664053099999364e+03	4.052763059310819926e-01
9.705859353100000590e+03	4.211772251317480453e-01
9.706054653099999996e+03	3.633148762764051298e-01
9.706249953099999402e+03	4.004756163297820137e-01
9.706445353099999920e+03	4.157474296814545056e-01
9.706640653099999327e+03	4.291064634625652019e-01
9.706835953100000552e+03	3.697878112171117948e-01
9.707031253099999958e+03	4.015666191886673175e-01
9.707226553099999364e+03	3.557832551417661193e-01
9.707421853100000590e+03	4.074297519729732642e-01
9.707617153099999996e+03	4.171207024045777700e-01
9.707812453099999402e+03	4.450290633029752030e-01
9.708007853099999920e+03	4.109981971641083476e-01
9.708203153099999327e+03	4.018014333102630786e-01
9.708398453100000552e+03	4.074589690546090992e-01
9.708593753099999958e+03	4.401754992591992988e-01
9.708789053099999364e+03	3.804786124602994590e-01
9.708984353100000590e+03	3.790662003780393974e-01
9.709179653099999996e+03	4.218878719382086473e-01
9.709374953099999402e+03	3.916054178941834607e-01
9.709570353099999920e+03	3.712300121888709725e-01
9.709765653099999327e+03	3.810937017499949064e-01
9.709960953100000552e+03	3.717666077292403060e-01
9.710156253099999958e+03	4.212367165000010516e-01
9.710351553099999364e+03	4.033125579678831230e-01
9.710546853100000590e+03	4.221269868975454642e-01
9.710742153099999996e+03	4.006284407000713088e-01
9.710937453099999402e+03	3.691690684792767740e-01
9.711132853099999920e+03	3.724707902148800542e-01
9.711328153099999327e+03	4.055987138329886221e-01
9.711523453100000552e+03	3.959448242202476820e-01
9.711718753099999958e+03	3.957065854235182201e-01
9.711914053099999364e+03	3.536062060688482944e-01
9.712109353100000590e+03	4.049842332249795618e-01
9.712304653099999996e+03	3.473485811511132226e-01
9.712499953099999402e+03	3.835640956547905489e-01
9.712695353099999920e+03	3.974023663273680285e-01
9.712890653099999327e+03	4.379845260330093026e-01
9.713085953100000552e+03	3.642983424127557157e-01
9.713281253099999958e+03	4.094965148319751336e-01
9.713476553099999364e+03	3.945130400734377929e-01
9.713671853100000590e+03	3.319579245298776016e-01
9.713867153099999996e+03	3.845883742769515834e-01
9.714062453099999402e+03	3.766842098909215508e-01
9.714257853099999920e+03	3.648114653272749308e-01
9.714453153099999327e+03	3.821372070638275886e-01
9.714648453100000552e+03	3.954334946602262590e-01
9.714843753099999958e+03	3.957694975244194779e-01
9.715039053099999364e+03	3.874091565419810479e-01
9.715234353100000590e+03	3.904071945504323793e-01
9.715429653099999996e+03	4.370241751468491032e-01
9.715624953099999402e+03	4.114215970386716492e-01
9.715820353099999920e+03	3.837574634329214973e-01
9.716015653099999327e+03	3.833560746289936816e-01
9.716210953100000552e+03	3.767843166445281611e-01
9.716406253099999958e+03	3.697259540667108269e-01
9.716601553099999364e+03	3.688664319703960359e-01
9.716796853100000590e+03	4.047112448494498693e-01
9.716992153099999996e+03	3.797712862940763046e-01
9.717187453099999402e+03	3.455964500447539223e-01
9.717382853099999920e+03	3.854608233524778882e-01
9.717578153099999327e+03	3.657881257751878223e-01
9.717773453100000552e+03	3.715719964380035378e-01
9.717968753099999958e+03	3.608210886790352845e-01
9.718164053099999364e+03	3.893595476546085621e-01
9.718359353100000590e+03	3.863208901204213674e-01
9.718554653099999996e+03	3.464747896479440925e-01
9.718749953099999402e+03	3.518837705162507490e-01
9.718945353099999920e+03	3.821304651912313943e-01
9.719140653099999327e+03	3.912547114303439599e-01
9.719335953100000552e+03	3.811499571517718010e-01
9.719531253099999958e+03	3.816357245716766045e-01
9.719726553099999364e+03	4.331699830926272199e-01
9.719921853100000590e+03	3.379783621447671749e-01
9.720117153099999996e+03	4.175967942683040945e-01
9.720312453099999402e+03	3.813388522741121278e-01
9.720507853099999920e+03	3.721052122723378375e-01
9.720703153099999327e+03	4.052235020814265454e-01
9.720898453100000552e+03	3.873147033399160222e-01
9.721093753099999958e+03	3.745134883882812460e-01
9.721289053099999364e+03	3.509718319379260265e-01
9.721484353100000590e+03	3.634341373376663853e-01
9.721679653099999996e+03	3.704313154953133846e-01
9.721874953099999402e+03	3.969011640109609829e-01
9.722070353099999920e+03	3.960538308095991056e-01
9.722265653099999327e+03	3.423102649170672862e-01
9.722460953100000552e+03	3.517970730955077840e-01
9.722656253099999958e+03	3.432675736939483357e-01
9.722851553099999364e+03	4.075297344586914505e-01
9.723046853100000590e+03	3.884681066827848639e-01
9.723242153099999996e+03	3.309371222758894504e-01
9.723437453099999402e+03	3.532785951098524890e-01
9.723632853099999920e+03	3.854675836335434980e-01
9.723828153099999327e+03	3.541836994170033392e-01
9.724023453100000552e+03	3.792652446945190547e-01
9.724218753099999958e+03	3.341831028603827747e-01
9.724414053099999364e+03	3.936802417754385885e-01
9.724609353100000590e+03	3.599837830150338647e-01
9.724804653099999996e+03	3.603304080972691281e-01
9.724999953099999402e+03	3.514244206315240149e-01
9.725195353099999920e+03	3.521393254785500915e-01
9.725390653099999327e+03	3.781541406074406808e-01
9.725585953100000552e+03	3.439320038968851634e-01
9.725781253099999958e+03	3.590226234999640553e-01
9.725976553099999364e+03	4.096032233561786029e-01
9.726171853100000590e+03	3.808789274192463381e-01
9.726367153099999996e+03	3.860600571548076232e-01
9.726562453099999402e+03	3.693906896842378274e-01
9.726757853099999920e+03	4.044427504272380958e-01
9.726953153099999327e+03	3.417505189330309889e-01
9.727148453100000552e+03	3.587412679882007183e-01
9.727343753099999958e+03	4.136924275015569918e-01
9.727539053099999364e+03	3.476312169103046301e-01
9.727734353100000590e+03	3.414317972696157000e-01
9.727929653099999996e+03	4.000834651012947774e-01
9.728124953099999402e+03	3.561580950005840407e-01
9.728320353099999920e+03	3.655833576365061788e-01
9.728515653099999327e+03	4.265328704973292417e-01
9.728710953100000552e+03	3.598881037782639680e-01
9.728906253099999958e+03	3.489643716325385725e-01
9.729101553099999364e+03	3.589303339845741903e-01
9.729296853100000590e+03	3.356589027413718895e-01
9.729492153099999996e+03	3.589393541252015041e-01
9.729687453099999402e+03	3.732188293232301390e-01
9.729882853099999920e+03	3.708812976121720340e-01
9.730078153099999327e+03	3.427450176024375850e-01
9.730273453100000552e+03	3.626543096272083488e-01
9.730468753099999958e+03	3.536568476318073806e-01
9.730664053099999364e+03	3.623009407611466060e-01
9.730859353100000590e+03	4.184130668176440082e-01
9.731054653099999996e+03	3.892606118240475865e-01
9.731249953099999402e+03	3.657183621388071515e-01
9.731445353099999920e+03	3.935970888075246421e-01
9.731640653099999327e+03	3.876856963725110461e-01
9.731835953100000552e+03	3.800490416092046075e-01
9.732031253099999958e+03	4.037394767373712057e-01
9.732226553099999364e+03	3.879790934798812430e-01
9.732421853100000590e+03	3.968528599348744024e-01
9.732617153099999996e+03	3.706135473511835698e-01
9.732812453099999402e+03	4.034810662090055899e-01
9.733007853099999920e+03	3.444432943498370037e-01
9.733203153099999327e+03	4.209493166082225457e-01
9.733398453100000552e+03	3.844084858394296589e-01
9.733593753099999958e+03	3.836641456317035903e-01
9.733789053099999364e+03	4.097312633293128670e-01
9.733984353100000590e+03	3.786410873669865396e-01
9.734179653099999996e+03	3.606612707769052406e-01
9.734374953099999402e+03	4.198894897698473017e-01
9.734570353099999920e+03	3.423012677517629498e-01
9.734765653099999327e+03	3.800614156258568244e-01
9.734960953100000552e+03	3.533990551811694303e-01
9.735156253099999958e+03	3.389403371797534703e-01
9.735351553099999364e+03	3.967775463171836492e-01
9.735546853100000590e+03	3.453487016601961557e-01
9.735742153099999996e+03	3.708925552741515475e-01
9.735937453099999402e+03	3.765638918967297855e-01
9.736132853099999920e+03	4.081789835988391957e-01
9.736328153099999327e+03	3.555986613261925555e-01
9.736523453100000552e+03	3.693141908257295825e-01
9.736718753099999958e+03	3.702490726359624063e-01
9.736914053099999364e+03	3.754312955064502688e-01
9.737109353100000590e+03	3.738487369358338697e-01
9.737304653099999996e+03	3.756641162060798678e-01
9.737499953099999402e+03	3.942893941539651337e-01
9.737695353099999920e+03	3.920921098634373436e-01
9.737890653099999327e+03	3.887795130897337970e-01
9.738085953100000552e+03	3.447496050457932171e-01
9.738281253099999958e+03	3.836090549327693111e-01
9.738476553099999364e+03	3.873967765394894514e-01
9.738671853100000590e+03	3.947232070852670915e-01
9.738867153099999996e+03	3.810307523448468459e-01
9.739062453099999402e+03	3.684659228776165918e-01
9.739257853099999920e+03	3.637998721923896284e-01
9.739453153099999327e+03	3.725551639954005623e-01
9.739648453100000552e+03	3.787063323083152966e-01
9.739843753099999958e+03	3.631640640529898434e-01
9.740039053099999364e+03	3.644333829105210754e-01
9.740234353100000590e+03	3.279014225482050904e-01
9.740429653099999996e+03	3.639044966741078468e-01
9.740624953099999402e+03	3.374309137841198236e-01
9.740820353099999920e+03	3.535184026174746919e-01
9.741015653099999327e+03	3.567254154273769018e-01
9.741210953100000552e+03	3.661189156289523794e-01
9.741406253099999958e+03	3.617213937045544725e-01
9.741601553099999364e+03	3.782148561174647483e-01
9.741796853100000590e+03	3.839823538325113361e-01
9.741992153099999996e+03	3.647878135975428648e-01
9.742187453099999402e+03	3.583090675293867378e-01
9.742382853099999920e+03	3.523385861207000147e-01
9.742578153099999327e+03	3.806517968293743337e-01
9.742773453100000552e+03	3.896788027529201059e-01
9.742968753099999958e+03	3.727104024979173147e-01
9.743164053099999364e+03	3.872573707175313018e-01
9.743359353100000590e+03	3.313168381276927477e-01
9.743554653099999996e+03	3.388918909879841124e-01
9.743749953099999402e+03	4.289908541114897389e-01
9.743945353099999920e+03	4.027204780162065845e-01
9.744140653099999327e+03	3.416716902672689571e-01
9.744335953100000552e+03	3.675399618215777764e-01
9.744531253099999958e+03	4.164054333623479209e-01
9.744726553099999364e+03	3.428711495027751965e-01
9.744921853100000590e+03	3.497221146919553547e-01
9.745117153099999996e+03	4.142179842881077434e-01
9.745312453099999402e+03	3.762478394214561206e-01
9.745507853099999920e+03	3.793237163754206165e-01
9.745703153099999327e+03	3.790302070442947979e-01
9.745898453100000552e+03	3.826094812966562841e-01
9.746093753099999958e+03	3.731490866002573625e-01
9.746289053099999364e+03	3.590012381955247633e-01
9.746484353100000590e+03	4.028564286474320966e-01
9.746679653099999996e+03	3.566004658493042712e-01
9.746874953099999402e+03	3.737587442129353121e-01
9.747070353099999920e+03	3.456887795047052236e-01
9.747265653099999327e+03	3.591497941383252623e-01
9.747460953100000552e+03	3.816132190040182337e-01
9.747656253099999958e+03	3.892066536815157463e-01
9.747851553099999364e+03	3.887626436129494323e-01
9.748046853100000590e+03	3.961763323282418980e-01
9.748242153099999996e+03	3.792686160210241297e-01
9.748437453099999402e+03	3.940859813861496974e-01
9.748632853099999920e+03	3.837911995376064311e-01
9.748828153099999327e+03	3.888233427756233596e-01
9.749023453100000552e+03	3.676704906769998615e-01
9.749218753099999958e+03	3.919662281849856100e-01
9.749414053099999364e+03	3.794946580693938643e-01
9.749609353100000590e+03	3.405600226946088327e-01
9.749804653099999996e+03	3.774422655100639901e-01
9.749999953099999402e+03	3.681137579053732622e-01
9.750195353099999920e+03	3.667658785311349590e-01
9.750390653099999327e+03	3.719274749357222021e-01
9.750585953100000552e+03	3.975259808998430344e-01
9.750781253099999958e+03	3.427731501603670239e-01
9.750976553099999364e+03	3.686909134720384174e-01
9.751171853100000590e+03	3.616651328482767269e-01
9.751367153099999996e+03	3.343971303446018339e-01
