# time(sec)	crack length FEA(mm)
2.609472645310000007e+04	9.614565188569592635e-01
2.609492145309999978e+04	9.270234004230388791e-01
2.609511745309999969e+04	9.609799226578452647e-01
2.609531245309999940e+04	9.328647846511834985e-01
2.609550745309999911e+04	9.724056219062013895e-01
2.609570345309999902e+04	9.391938422907273321e-01
2.609589845309999873e+04	9.219493133522718153e-01
2.609609345309999844e+04	9.739124726222581074e-01
2.609628945309999835e+04	9.644933825723871479e-01
2.609648445309999806e+04	1.001610059740087877e+00
2.609667945310000141e+04	9.734700618854255083e-01
2.609687545310000132e+04	9.903222724565363677e-01
2.609707045310000103e+04	9.724998971293619121e-01
2.609726545310000074e+04	9.984287333494457073e-01
2.609746045310000045e+04	1.024962473583526545e+00
2.609765645310000036e+04	9.881079790808904306e-01
2.609785145310000007e+04	9.664397908920747682e-01
2.609804645309999978e+04	1.002260040093670312e+00
2.609824245309999969e+04	9.717953694087189120e-01
2.609843745309999940e+04	9.717359743137858885e-01
2.609863245309999911e+04	9.792453627042618791e-01
2.609882845309999902e+04	9.558867405032849263e-01
2.609902345309999873e+04	9.584400228577081293e-01
2.609921845309999844e+04	9.809788121595772736e-01
2.609941445309999835e+04	9.953567093762387685e-01
2.609960945309999806e+04	9.540986866027001412e-01
2.609980445310000141e+04	9.657350848662442644e-01
2.610000045310000132e+04	9.848776485828949490e-01
2.610019545310000103e+04	1.011874633480388752e+00
2.610039045310000074e+04	9.840056625430175785e-01
2.610058545310000045e+04	1.001690095939910208e+00
2.610078145310000036e+04	9.948643049958771911e-01
2.610097645310000007e+04	9.467078660333960727e-01
2.610117145309999978e+04	9.934663412076325528e-01
2.610136745309999969e+04	9.854185014136049858e-01
2.610156245309999940e+04	9.808856069856233262e-01
2.610175745309999911e+04	9.977578360225702880e-01
2.610195345309999902e+04	1.021955106054686979e+00
2.610214845309999873e+04	1.020101935745248767e+00
2.610234345309999844e+04	9.696242415405649240e-01
2.610253945309999835e+04	9.956077111503862653e-01
2.610273445309999806e+04	1.031941609398925763e+00
2.610292945310000141e+04	1.008408602977610258e+00
2.610312545310000132e+04	9.769510563283532179e-01
2.610332045310000103e+04	1.016542903510217144e+00
2.610351545310000074e+04	9.795942680218505672e-01
2.610371045310000045e+04	1.002553810725066441e+00
2.610390645310000036e+04	9.924311435496395717e-01
2.610410145310000007e+04	1.004332834888971959e+00
2.610429645309999978e+04	1.015158158891829032e+00
2.610449245309999969e+04	1.000191491332088845e+00
2.610468745309999940e+04	1.022432652552351939e+00
2.610488245309999911e+04	1.008982811099357946e+00
2.610507845309999902e+04	9.915439840061033294e-01
2.610527345309999873e+04	9.821484167035610113e-01
2.610546845309999844e+04	9.733691914700699499e-01
2.610566445309999835e+04	9.849885526772244049e-01
2.610585945309999806e+04	9.724505912339491687e-01
2.610605445310000141e+04	1.022462193137030795e+00
2.610625045310000132e+04	9.937315857341992853e-01
2.610644545310000103e+04	9.963401691821260897e-01
2.610664045310000074e+04	1.014607061839736701e+00
2.610683545310000045e+04	9.679481485568341981e-01
2.610703145310000036e+04	9.892234418000924734e-01
2.610722645310000007e+04	9.429027916747720894e-01
2.610742145309999978e+04	1.010798535803157705e+00
2.610761745309999969e+04	1.005291824154088687e+00
2.610781245309999940e+04	9.665167386686501771e-01
2.610800745309999911e+04	9.690216498336123863e-01
2.610820345309999902e+04	9.929453569772803689e-01
2.610839845309999873e+04	9.458299685570459303e-01
2.610859345309999844e+04	9.451432591077928436e-01
2.610878945309999835e+04	9.724472916006128287e-01
2.610898445309999806e+04	1.001520136395889438e+00
2.610917945310000141e+04	9.570355153870035991e-01
2.610937545310000132e+04	9.858045347108586043e-01
2.610957045310000103e+04	9.577965583283560846e-01
2.610976545310000074e+04	1.012574687445182420e+00
2.610996045310000045e+04	9.738015171922889124e-01
2.611015645310000036e+04	1.013991391591558155e+00
2.611035145310000007e+04	9.928652914989442024e-01
2.611054645309999978e+04	9.545457007901614332e-01
2.611074245309999969e+04	9.948961401686755579e-01
2.611093745309999940e+04	9.552728027871992822e-01
2.611113245309999911e+04	9.903047503472706126e-01
2.611132845309999902e+04	1.023847549058125139e+00
2.611152345309999873e+04	1.064234342876360984e+00
2.611171845309999844e+04	1.018314205610264978e+00
2.611191445309999835e+04	9.962557827217040085e-01
2.611210945309999806e+04	9.932304820978643534e-01
2.611230445310000141e+04	9.937679435969926089e-01
2.611250045310000132e+04	9.942645148841542380e-01
2.611269545310000103e+04	9.829920118585029343e-01
2.611289045310000074e+04	1.021731664450587829e+00
2.611308545310000045e+04	1.034969533579472412e+00
2.611328145310000036e+04	9.541623993706345175e-01
2.611347645310000007e+04	9.835142494506463606e-01
2.611367145309999978e+04	1.020287005214461473e+00
2.611386745309999969e+04	1.024859562549423231e+00
2.611406245309999940e+04	9.807989984146949780e-01
2.611425745309999911e+04	1.017076359303516142e+00
2.611445345309999902e+04	9.897191653776857834e-01
2.611464845309999873e+04	1.023565046834967518e+00
2.611484345309999844e+04	9.888625237020409742e-01
2.611503945309999835e+04	1.018039259659040852e+00
2.611523445309999806e+04	1.030996761976057385e+00
2.611542945310000141e+04	1.010352571208137817e+00
2.611562545310000132e+04	9.881003477801044710e-01
2.611582045310000103e+04	1.005587816995753059e+00
2.611601545310000074e+04	9.941275632106609805e-01
2.611621045310000045e+04	9.936966406896239334e-01
2.611640645310000036e+04	1.009288547761094890e+00
2.611660145310000007e+04	1.035813522465041103e+00
2.611679645309999978e+04	1.009925235567282087e+00
2.611699245309999969e+04	1.016571416266284444e+00
2.611718745309999940e+04	1.026559042872300154e+00
2.611738245309999911e+04	9.644692400808292376e-01
2.611757845309999902e+04	9.962480598388019359e-01
2.611777345309999873e+04	9.975637393908840522e-01
2.611796845309999844e+04	1.052089067497565367e+00
2.611816445309999835e+04	1.016183526943565951e+00
2.611835945309999806e+04	1.004213264513031945e+00
2.611855445310000141e+04	1.028416038519303299e+00
2.611875045310000132e+04	1.032260123731894907e+00
2.611894545310000103e+04	1.009230469392063512e+00
2.611914045310000074e+04	9.802185526885605071e-01
2.611933545310000045e+04	9.919069340148531921e-01
2.611953145310000036e+04	9.770224091578825210e-01
2.611972645310000007e+04	1.014935782974333733e+00
2.611992145309999978e+04	1.000782375558475934e+00
2.612011745309999969e+04	1.011658721328775101e+00
2.612031245309999940e+04	9.993210993268171194e-01
2.612050745309999911e+04	1.062539612150029456e+00
2.612070345309999902e+04	1.037925902516223076e+00
2.612089845309999873e+04	9.992892700452689070e-01
2.612109345309999844e+04	1.006728635516020987e+00
2.612128945309999835e+04	1.022898053630099113e+00
2.612148445309999806e+04	1.013647411163274725e+00
2.612167945310000141e+04	9.995699877801094146e-01
2.612187545310000132e+04	9.980362173782619806e-01
2.612207045310000103e+04	9.938753214182973750e-01
2.612226545310000074e+04	9.887758497900733801e-01
2.612246045310000045e+04	1.023105021075627619e+00
2.612265645310000036e+04	1.029588778682995809e+00
2.612285145310000007e+04	9.906501973054346877e-01
2.612304645309999978e+04	1.021016449096986634e+00
2.612324245309999969e+04	1.016943772797169743e+00
2.612343745309999940e+04	1.010546564006226333e+00
2.612363245309999911e+04	1.027659449924076540e+00
2.612382845309999902e+04	9.792398962919932615e-01
2.612402345309999873e+04	1.011229244233737390e+00
2.612421845309999844e+04	9.389124914619912943e-01
2.612441445309999835e+04	9.788218063022782189e-01
2.612460945309999806e+04	1.010388809671917798e+00
2.612480445310000141e+04	1.003138045753210861e+00
2.612500045310000132e+04	9.795953989870547218e-01
2.612519545310000103e+04	1.019400879211156408e+00
2.612539045310000074e+04	1.013213546431666501e+00
2.612558545310000045e+04	9.876462338940399377e-01
2.612578145310000036e+04	9.678790317182883740e-01
2.612597645310000007e+04	1.013536639940822326e+00
2.612617145309999978e+04	9.725921922132556574e-01
2.612636745309999969e+04	9.993496326408219943e-01
2.612656245309999940e+04	1.039136438461907730e+00
2.612675745309999911e+04	1.026709071438132170e+00
2.612695345309999902e+04	9.932162588902837541e-01
2.612714845309999873e+04	9.808735440043250264e-01
2.612734345309999844e+04	1.021334074345375598e+00
2.612753945309999835e+04	1.032272160800751237e+00
2.612773445309999806e+04	1.018078779805771106e+00
2.612792945310000141e+04	9.996620843262178369e-01
2.612812545310000132e+04	1.011519610373522227e+00
2.612832045310000103e+04	9.846276649115193180e-01
2.612851545310000074e+04	9.875683176367964222e-01
2.612871045310000045e+04	9.752819803937935461e-01
2.612890645310000036e+04	1.011591801342481389e+00
2.612910145310000007e+04	9.853273864707734475e-01
2.612929645309999978e+04	1.010100500580698224e+00
2.612949245309999969e+04	1.024638311730701190e+00
2.612968745309999940e+04	9.887891335295648787e-01
2.612988245309999911e+04	1.017678870541534053e+00
2.613007845309999902e+04	9.815789354660680033e-01
2.613027345309999873e+04	9.669404185057484113e-01
2.613046845309999844e+04	1.009252495888993906e+00
2.613066445309999835e+04	9.727227622809593299e-01
2.613085945309999806e+04	1.009129655550783156e+00
2.613105445310000141e+04	9.761147890829224849e-01
2.613125045310000132e+04	9.897629716992195625e-01
2.613144545310000103e+04	1.006084142820423466e+00
2.613164045310000074e+04	1.000248555848322951e+00
2.613183545310000045e+04	1.013254015709508238e+00
2.613203145310000036e+04	9.860152156209522900e-01
2.613222645310000007e+04	9.935024168967050429e-01
2.613242145309999978e+04	9.632636877736562298e-01
2.613261745309999969e+04	1.004501550496357254e+00
2.613281245309999940e+04	1.047504246881141299e+00
2.613300745309999911e+04	9.934508936374442101e-01
2.613320345309999902e+04	9.712355412195083915e-01
2.613339845309999873e+04	9.795931370565913454e-01
2.613359345309999844e+04	1.005757559328195327e+00
2.613378945309999835e+04	1.013819354940469708e+00
2.613398445309999806e+04	1.010660549335810288e+00
2.613417945310000141e+04	1.013514805620562953e+00
2.613437545310000132e+04	9.774327073640876051e-01
2.613457045310000103e+04	1.019779871932065873e+00
2.613476545310000074e+04	9.905547689062821348e-01
2.613496045310000045e+04	1.004569525979244204e+00
2.613515645310000036e+04	1.028245328493762045e+00
2.613535145310000007e+04	1.018080944002392130e+00
2.613554645309999978e+04	1.013649481648521089e+00
2.613574245309999969e+04	1.032434190441300359e+00
2.613593745309999940e+04	9.743732573850891754e-01
2.613613245309999911e+04	1.012477181830659489e+00
2.613632845309999902e+04	1.032339022846123555e+00
2.613652345309999873e+04	1.013115949309788988e+00
2.613671845309999844e+04	1.019608911958346908e+00
2.613691445309999835e+04	1.040386208178034622e+00
2.613710945309999806e+04	9.955409345754002715e-01
2.613730445310000141e+04	1.015094636570566422e+00
2.613750045310000132e+04	9.884478992440364209e-01
2.613769545310000103e+04	9.827813043269344462e-01
2.613789045310000074e+04	1.016508932822413058e+00
2.613808545310000045e+04	1.019075512736897338e+00
2.613828145310000036e+04	1.000494138878405437e+00
2.613847645310000007e+04	9.770783978870838382e-01
2.613867145309999978e+04	9.904746954246750335e-01
2.613886745309999969e+04	9.779286752691653817e-01
2.613906245309999940e+04	9.890446321048251832e-01
2.613925745309999911e+04	9.859405918256278767e-01
2.613945345309999902e+04	9.807737414492319061e-01
2.613964845309999873e+04	9.777760781047817318e-01
2.613984345309999844e+04	1.004847922165264862e+00
2.614003945309999835e+04	9.953007634059609643e-01
2.614023445309999806e+04	9.677780434550342648e-01
2.614042945310000141e+04	9.983015053900032854e-01
2.614062545310000132e+04	9.994241204386611344e-01
2.614082045310000103e+04	9.954443954737079991e-01
2.614101545310000074e+04	1.017361196668485235e+00
2.614121045310000045e+04	1.003075621322039979e+00
2.614140645310000036e+04	9.780778783503016882e-01
2.614160145310000007e+04	1.001685670415861651e+00
2.614179645309999978e+04	9.963632435530467291e-01
2.614199245309999969e+04	9.935792777133514164e-01
2.614218745309999940e+04	9.631747519572364524e-01
2.614238245309999911e+04	1.003050387870707993e+00
2.614257845309999902e+04	9.750328391254452498e-01
2.614277345309999873e+04	9.863322699338112898e-01
2.614296845309999844e+04	9.681731304998635323e-01
2.614316445309999835e+04	1.040642471505952571e+00
2.614335945309999806e+04	1.001425881302353105e+00
2.614355445310000141e+04	1.032328020243939548e+00
2.614375045310000132e+04	1.036433049223962399e+00
2.614394545310000103e+04	1.017927567843120329e+00
2.614414045310000074e+04	1.015016903840908924e+00
2.614433545310000045e+04	1.041127258538228517e+00
2.614453145310000036e+04	1.024323928851453402e+00
2.614472645310000007e+04	9.744984445120419281e-01
2.614492145309999978e+04	9.986567249123883272e-01
2.614511745309999969e+04	9.694805486970974329e-01
2.614531245309999940e+04	9.997409970354169673e-01
2.614550745309999911e+04	1.007082600153704988e+00
2.614570345309999902e+04	9.630540326113816718e-01
2.614589845309999873e+04	1.001435674056647684e+00
2.614609345309999844e+04	1.016388388246646457e+00
2.614628945309999835e+04	1.029167242177342345e+00
2.614648445309999806e+04	9.896215664889584929e-01
2.614667945310000141e+04	1.072160456153065766e+00
2.614687545310000132e+04	1.029139779031966739e+00
2.614707045310000103e+04	1.029887668195314632e+00
2.614726545310000074e+04	1.048858735453571001e+00
2.614746045310000045e+04	9.783302867515573098e-01
2.614765645310000036e+04	9.900974986187236482e-01
2.614785145310000007e+04	1.005274313012336052e+00
2.614804645309999978e+04	1.056476194074003061e+00
2.614824245309999969e+04	1.037594301218851101e+00
2.614843745309999940e+04	1.001603374351269338e+00
2.614863245309999911e+04	9.970099761478401490e-01
2.614882845309999902e+04	9.924991533606259964e-01
2.614902345309999873e+04	9.677559787357914445e-01
2.614921845309999844e+04	9.729027309761484332e-01
2.614941445309999835e+04	1.002629418415530438e+00
2.614960945309999806e+04	9.720938510996663950e-01
2.614980445310000141e+04	1.011808843541517788e+00
2.615000045310000132e+04	1.018700931210540617e+00
2.615019545310000103e+04	9.688867222775563448e-01
2.615039045310000074e+04	9.647821475190010432e-01
2.615058545310000045e+04	9.976930431445989456e-01
2.615078145310000036e+04	9.724253254585235595e-01
2.615097645310000007e+04	1.025678605449675374e+00
2.615117145309999978e+04	1.004227481179613690e+00
2.615136745309999969e+04	9.443169996080733597e-01
2.615156245309999940e+04	9.675474944236093222e-01
2.615175745309999911e+04	9.363405963478292904e-01
2.615195345309999902e+04	9.851607027042419418e-01
2.615214845309999873e+04	9.572079136586637560e-01
2.615234345309999844e+04	9.421742477940338034e-01
2.615253945309999835e+04	9.622591559793534088e-01
2.615273445309999806e+04	9.609711508598106633e-01
2.615292945310000141e+04	9.892761046747189368e-01
2.615312545310000132e+04	9.591461697537653208e-01
2.615332045310000103e+04	9.704618669118758589e-01
2.615351545310000074e+04	9.980592901124190064e-01
2.615371045310000045e+04	9.964421671513647993e-01
2.615390645310000036e+04	9.874138033893444799e-01
2.615410145310000007e+04	1.002248082045982258e+00
2.615429645309999978e+04	9.629420837368769526e-01
2.615449245309999969e+04	1.014087761690536382e+00
2.615468745309999940e+04	1.000644331244355811e+00
2.615488245309999911e+04	1.016938409097603468e+00
2.615507845309999902e+04	1.006445836596107313e+00
2.615527345309999873e+04	9.890907006947067259e-01
2.615546845309999844e+04	1.008404178697528408e+00
2.615566445309999835e+04	1.054063397895930621e+00
2.615585945309999806e+04	1.018745813557078606e+00
2.615605445310000141e+04	1.026125412687481031e+00
2.615625045310000132e+04	1.037173000151556224e+00
2.615644545310000103e+04	1.027643083868955642e+00
2.615664045310000074e+04	1.016583461248718123e+00
2.615683545310000045e+04	1.019802923678565065e+00
2.615703145310000036e+04	9.983541482769489050e-01
2.615722645310000007e+04	1.030023380479443418e+00
2.615742145309999978e+04	9.944531753617535941e-01
2.615761745309999969e+04	1.024979970296566734e+00
2.615781245309999940e+04	1.026882049911916894e+00
2.615800745309999911e+04	1.015329056624143078e+00
2.615820345309999902e+04	9.818257468869191484e-01
2.615839845309999873e+04	1.002080386274528223e+00
2.615859345309999844e+04	1.045029355301847929e+00
2.615878945309999835e+04	1.027338710821691592e+00
2.615898445309999806e+04	1.024166265501577300e+00
2.615917945310000141e+04	1.007844265320832378e+00
2.615937545310000132e+04	1.014241256621508214e+00
2.615957045310000103e+04	9.844587147996630705e-01
2.615976545310000074e+04	1.012542969928922787e+00
2.615996045310000045e+04	9.963972428916640922e-01
2.616015645310000036e+04	9.640004371107462333e-01
2.616035145310000007e+04	1.016282146660223873e+00
2.616054645309999978e+04	1.048037104895357174e+00
2.616074245309999969e+04	1.007143978594687184e+00
2.616093745309999940e+04	9.726568645523929746e-01
2.616113245309999911e+04	1.013257309717479515e+00
2.616132845309999902e+04	9.990645804795388329e-01
2.616152345309999873e+04	1.013338436284694666e+00
2.616171845309999844e+04	1.010820466730367073e+00
2.616191445309999835e+04	9.994592454511739277e-01
2.616210945309999806e+04	1.012994352337745596e+00
2.616230445310000141e+04	9.854931268373654518e-01
2.616250045310000132e+04	9.968302828699542317e-01
2.616269545310000103e+04	1.055828628151038728e+00
2.616289045310000074e+04	9.881813713431508717e-01
2.616308545310000045e+04	1.006030481382664377e+00
2.616328145310000036e+04	1.013696632195834724e+00
2.616347645310000007e+04	9.551245142250799347e-01
2.616367145309999978e+04	1.013389916689668269e+00
2.616386745309999969e+04	1.048386040559311283e+00
2.616406245309999940e+04	9.497048898039253118e-01
2.616425745309999911e+04	9.922161860609950423e-01
2.616445345309999902e+04	9.984112171790826551e-01
2.616464845309999873e+04	9.929432846976915528e-01
2.616484345309999844e+04	9.985394804520737466e-01
2.616503945309999835e+04	9.815384125381925173e-01
2.616523445309999806e+04	9.742021609683870764e-01
2.616542945310000141e+04	1.009714859376945384e+00
2.616562545310000132e+04	1.008695802895900329e+00
2.616582045310000103e+04	9.842985267541415340e-01
2.616601545310000074e+04	9.999098392244434308e-01
2.616621045310000045e+04	1.011895339861428766e+00
2.616640645310000036e+04	1.024971221941651578e+00
2.616660145310000007e+04	1.000991794605763374e+00
2.616679645309999978e+04	1.000565327352568090e+00
2.616699245309999969e+04	9.804599120059087625e-01
2.616718745309999940e+04	9.920418260478527372e-01
2.616738245309999911e+04	9.976240121671704486e-01
2.616757845309999902e+04	9.704058627076079802e-01
2.616777345309999873e+04	1.003192937689949105e+00
2.616796845309999844e+04	9.937985557443056450e-01
2.616816445309999835e+04	1.026596291431815189e+00
2.616835945309999806e+04	9.928850724067554978e-01
2.616855445310000141e+04	9.844488208632213855e-01
2.616875045310000132e+04	9.991797506255277739e-01
2.616894545310000103e+04	1.017279048678929598e+00
2.616914045310000074e+04	1.000225485226975408e+00
2.616933545310000045e+04	1.027083621396833735e+00
2.616953145310000036e+04	1.007572493624318000e+00
2.616972645310000007e+04	9.824984105283345315e-01
2.616992145309999978e+04	1.004578281809935802e+00
2.617011745309999969e+04	9.991337014677412753e-01
2.617031245309999940e+04	1.016731294092984683e+00
2.617050745309999911e+04	1.031860546023091629e+00
2.617070345309999902e+04	1.018794083156373986e+00
2.617089845309999873e+04	9.869344260072150377e-01
2.617109345309999844e+04	1.012655816330756409e+00
2.617128945309999835e+04	1.017560684309881225e+00
2.617148445309999806e+04	1.003278335358054107e+00
2.617167945310000141e+04	9.898935423236014941e-01
2.617187545310000132e+04	1.002128501240036940e+00
2.617207045310000103e+04	1.010470887235989323e+00
2.617226545310000074e+04	1.040063477919854762e+00
2.617246045310000045e+04	1.012731486179855978e+00
2.617265645310000036e+04	1.022151074380264646e+00
2.617285145310000007e+04	1.023812553959150051e+00
2.617304645309999978e+04	9.702707543827635561e-01
2.617324245309999969e+04	1.016083871682631923e+00
2.617343745309999940e+04	1.000670603040864748e+00
2.617363245309999911e+04	1.011709075906534139e+00
2.617382845309999902e+04	1.000073218567683497e+00
2.617402345309999873e+04	9.874126727936136660e-01
2.617421845309999844e+04	1.008791064774340995e+00
2.617441445309999835e+04	1.014184225511552739e+00
2.617460945309999806e+04	1.012461840660092705e+00
2.617480445310000141e+04	1.015504281994106250e+00
2.617500045310000132e+04	1.024985426258224308e+00
2.617519545310000103e+04	1.013226628368517623e+00
2.617539045310000074e+04	1.004318524135335622e+00
2.617558545310000045e+04	1.063183614639784835e+00
2.617578145310000036e+04	1.038547630771869734e+00
2.617597645310000007e+04	1.016424617554683607e+00
2.617617145309999978e+04	1.048010791198914049e+00
2.617636745309999969e+04	1.027393359049632693e+00
2.617656245309999940e+04	1.017527750144306964e+00
2.617675745309999911e+04	1.027925537831912095e+00
2.617695345309999902e+04	1.062186563290747898e+00
2.617714845309999873e+04	1.049451611285194375e+00
2.617734345309999844e+04	1.034063077324312019e+00
2.617753945309999835e+04	1.054579667759146133e+00
2.617773445309999806e+04	1.059978832640506852e+00
2.617792945310000141e+04	1.040910482774252799e+00
2.617812545310000132e+04	1.034763703329788953e+00
2.617832045310000103e+04	1.040195842037840990e+00
2.617851545310000074e+04	1.035260739446460576e+00
2.617871045310000045e+04	1.018897020338517478e+00
2.617890645310000036e+04	1.043948359945023441e+00
2.617910145310000007e+04	1.006486411480342014e+00
2.617929645309999978e+04	9.884348037396293307e-01
2.617949245309999969e+04	1.001480683010353090e+00
2.617968745309999940e+04	1.036392525200184878e+00
2.617988245309999911e+04	9.932820058319986600e-01
2.618007845309999902e+04	9.908531109182820984e-01
2.618027345309999873e+04	1.014205024001419986e+00
2.618046845309999844e+04	9.542447832287876963e-01
2.618066445309999835e+04	1.012471723010360591e+00
2.618085945309999806e+04	9.750417000398456935e-01
2.618105445310000141e+04	9.904703620286099408e-01
2.618125045310000132e+04	9.634492918922372695e-01
2.618144545310000103e+04	9.809448851413105075e-01
2.618164045310000074e+04	9.694475482504110175e-01
2.618183545310000045e+04	9.875364727089053218e-01
2.618203145310000036e+04	9.586575477500964837e-01
2.618222645310000007e+04	9.321238294603002572e-01
2.618242145309999978e+04	9.769125992329499297e-01
2.618261745309999969e+04	9.944926403458076436e-01
2.618281245309999940e+04	9.945343657831777762e-01
2.618300745309999911e+04	1.027544511069734767e+00
2.618320345309999902e+04	9.682357403545296393e-01
2.618339845309999873e+04	9.775699431453581667e-01
2.618359345309999844e+04	9.621153246300266915e-01
2.618378945309999835e+04	9.570113370788000395e-01
2.618398445309999806e+04	9.356305389084766944e-01
2.618417945310000141e+04	9.656713368513631934e-01
2.618437545310000132e+04	9.751448257598198666e-01
2.618457045310000103e+04	9.589507221479198762e-01
2.618476545310000074e+04	9.698427963253273276e-01
2.618496045310000045e+04	9.681391853295089334e-01
2.618515645310000036e+04	9.473088107436904437e-01
2.618535145310000007e+04	1.011700322688488640e+00
2.618554645309999978e+04	9.352744022979120331e-01
2.618574245309999969e+04	9.782743009505256992e-01
2.618593745309999940e+04	9.750932629553581421e-01
2.618613245309999911e+04	9.936483203686599097e-01
2.618632845309999902e+04	9.847834221005342670e-01
2.618652345309999873e+04	9.524532950089152905e-01
2.618671845309999844e+04	9.907785022133914765e-01
2.618691445309999835e+04	9.688691844681134313e-01
2.618710945309999806e+04	1.020008788901346719e+00
2.618730445310000141e+04	1.005599773372559014e+00
2.618750045310000132e+04	9.479020868363861041e-01
2.618769545310000103e+04	9.461354275595610375e-01
2.618789045310000074e+04	9.908596109080658465e-01
2.618808545310000045e+04	9.722858918377177417e-01
2.618828145310000036e+04	9.443719133075152428e-01
2.618847645310000007e+04	1.054872701127642642e+00
2.618867145309999978e+04	1.005549405917960826e+00
2.618886745309999969e+04	9.653903154734155834e-01
2.618906245309999940e+04	9.707251980559092885e-01
2.618925745309999911e+04	9.735118239984181798e-01
2.618945345309999902e+04	9.894920306693162360e-01
2.618964845309999873e+04	9.843358412417320125e-01
2.618984345309999844e+04	1.000052313607383780e+00
2.619003945309999835e+04	9.791751474861314364e-01
2.619023445309999806e+04	9.634965414915761528e-01
2.619042945310000141e+04	9.828867525587785536e-01
2.619062545310000132e+04	1.017695337525791999e+00
2.619082045310000103e+04	9.861819876555149023e-01
2.619101545310000074e+04	9.853955107058514074e-01
2.619121045310000045e+04	1.019178448705870821e+00
2.619140645310000036e+04	9.896566116956009296e-01
2.619160145310000007e+04	9.772648375260679643e-01
2.619179645309999978e+04	9.241730998031787436e-01
2.619199245309999969e+04	9.539317192874623430e-01
2.619218745309999940e+04	9.893658856587688177e-01
2.619238245309999911e+04	9.816744939126653691e-01
2.619257845309999902e+04	9.932239827524025344e-01
2.619277345309999873e+04	9.707680020570546020e-01
2.619296845309999844e+04	9.612786334763274709e-01
2.619316445309999835e+04	1.008140132413398504e+00
2.619335945309999806e+04	9.984604696039145466e-01
2.619355445310000141e+04	9.634327875192099100e-01
2.619375045310000132e+04	9.564962757744872590e-01
2.619394545310000103e+04	1.009439814422613324e+00
2.619414045310000074e+04	9.591451321500308325e-01
2.619433545310000045e+04	9.672708326564265491e-01
