# time(sec)	crack length FEA(mm)
2.024199198439999964e+04	1.592021945199014965e+00
2.024218798439999955e+04	1.583029599755615635e+00
2.024238298439999926e+04	1.592110727116848423e+00
2.024257798439999897e+04	1.593614667417160291e+00
2.024277298439999868e+04	1.606893866146769767e+00
2.024296898439999859e+04	1.581328101259911634e+00
2.024316398440000194e+04	1.575723190085016157e+00
2.024335898440000165e+04	1.625548750467579850e+00
2.024355498440000156e+04	1.569489623572541959e+00
2.024374998440000127e+04	1.580068301807129316e+00
2.024394498440000098e+04	1.587056074052672017e+00
2.024414098440000089e+04	1.590298000999219141e+00
2.024433598440000060e+04	1.590543907998739570e+00
2.024453098440000031e+04	1.576877148743946577e+00
2.024472698440000022e+04	1.600654223065120618e+00
2.024492198439999993e+04	1.594489988432796324e+00
2.024511698439999964e+04	1.592623618209321634e+00
2.024531298439999955e+04	1.577076790009224183e+00
2.024550798439999926e+04	1.578837436905153879e+00
2.024570298439999897e+04	1.607593391621671586e+00
2.024589798439999868e+04	1.567799646470696473e+00
2.024609398439999859e+04	1.605000439221377917e+00
2.024628898440000194e+04	1.590064680956146503e+00
2.024648398440000165e+04	1.577242783487877276e+00
2.024667998440000156e+04	1.619583824628833213e+00
2.024687498440000127e+04	1.561928907368752562e+00
2.024706998440000098e+04	1.596080718646877727e+00
2.024726598440000089e+04	1.575301505090738630e+00
2.024746098440000060e+04	1.598743973278908825e+00
2.024765598440000031e+04	1.594908507677102349e+00
2.024785198440000022e+04	1.573309088595763683e+00
2.024804698439999993e+04	1.578401389725918591e+00
2.024824198439999964e+04	1.580879589376138483e+00
2.024843798439999955e+04	1.558131697370445323e+00
2.024863298439999926e+04	1.572781345860853719e+00
2.024882798439999897e+04	1.570904350689897200e+00
2.024902298439999868e+04	1.579065069819449718e+00
2.024921898439999859e+04	1.594555574063182490e+00
2.024941398440000194e+04	1.572722412321107655e+00
2.024960898440000165e+04	1.612244630128037315e+00
2.024980498440000156e+04	1.610832434394273704e+00
2.024999998440000127e+04	1.604652626381447789e+00
2.025019498440000098e+04	1.616347004121871933e+00
2.025039098440000089e+04	1.590249796625553103e+00
2.025058598440000060e+04	1.602218451899556584e+00
2.025078098440000031e+04	1.579079654159773582e+00
2.025097698440000022e+04	1.579271569962186206e+00
2.025117198439999993e+04	1.618016058099005505e+00
2.025136698439999964e+04	1.592754717074690518e+00
2.025156298439999955e+04	1.656526216361459802e+00
2.025175798439999926e+04	1.612785951649813754e+00
2.025195298439999897e+04	1.594441875623303417e+00
2.025214798439999868e+04	1.604289329359321670e+00
2.025234398439999859e+04	1.598357483015925951e+00
2.025253898440000194e+04	1.618755615118494973e+00
2.025273398440000165e+04	1.623924571762835001e+00
2.025292998440000156e+04	1.626991881769122017e+00
2.025312498440000127e+04	1.605849421549228495e+00
2.025331998440000098e+04	1.571413899827360794e+00
2.025351598440000089e+04	1.588601925072701704e+00
2.025371098440000060e+04	1.590210288842182962e+00
2.025390598440000031e+04	1.601990964400140882e+00
2.025410198440000022e+04	1.640742533479349063e+00
2.025429698439999993e+04	1.643574742354177332e+00
2.025449198439999964e+04	1.577285131109011473e+00
2.025468798439999955e+04	1.568337285650914126e+00
2.025488298439999926e+04	1.618824027079774908e+00
2.025507798439999897e+04	1.619577124291778247e+00
2.025527298439999868e+04	1.601460896577876269e+00
2.025546898439999859e+04	1.613792600462355509e+00
2.025566398440000194e+04	1.596135617997727962e+00
2.025585898440000165e+04	1.607113525390282405e+00
2.025605498440000156e+04	1.596613725374854909e+00
2.025624998440000127e+04	1.584302658883295578e+00
2.025644498440000098e+04	1.609342029721151590e+00
2.025664098440000089e+04	1.651873341324709088e+00
2.025683598440000060e+04	1.624708267377066306e+00
2.025703098440000031e+04	1.599468832053979384e+00
2.025722698440000022e+04	1.597205591031652716e+00
2.025742198439999993e+04	1.659232533607353233e+00
2.025761698439999964e+04	1.638787418462497314e+00
2.025781298439999955e+04	1.616309443846255078e+00
2.025800798439999926e+04	1.630370577323599690e+00
2.025820298439999897e+04	1.598159847211434226e+00
2.025839798439999868e+04	1.632491011475448062e+00
2.025859398439999859e+04	1.595158174723982469e+00
2.025878898440000194e+04	1.638494004641934509e+00
2.025898398440000165e+04	1.598215735178671437e+00
2.025917998440000156e+04	1.609010668474015304e+00
2.025937498440000127e+04	1.628434922660735751e+00
2.025956998440000098e+04	1.627952596033079402e+00
2.025976598440000089e+04	1.612678135185227291e+00
2.025996098440000060e+04	1.671601592741339459e+00
2.026015598440000031e+04	1.615620772789460702e+00
2.026035198440000022e+04	1.590649011942804947e+00
2.026054698439999993e+04	1.579989334188635297e+00
2.026074198439999964e+04	1.603499227564471497e+00
2.026093798439999955e+04	1.618040131301846429e+00
2.026113298439999926e+04	1.632369645926898372e+00
2.026132798439999897e+04	1.594635651215261518e+00
2.026152298439999868e+04	1.647912952182476687e+00
2.026171898439999859e+04	1.618482130690818366e+00
2.026191398440000194e+04	1.637620353175194055e+00
2.026210898440000165e+04	1.604012858891728399e+00
2.026230498440000156e+04	1.609388290815164879e+00
2.026249998440000127e+04	1.622193333689942563e+00
2.026269498440000098e+04	1.598444170662515873e+00
2.026289098440000089e+04	1.650490421839037936e+00
2.026308598440000060e+04	1.637518356130964747e+00
2.026328098440000031e+04	1.576841347388173276e+00
2.026347698440000022e+04	1.603458666343872352e+00
2.026367198439999993e+04	1.607116504928562506e+00
2.026386698439999964e+04	1.603990592114064029e+00
2.026406298439999955e+04	1.603476960290970865e+00
2.026425798439999926e+04	1.633676689469430343e+00
2.026445298439999897e+04	1.628881518509064819e+00
2.026464798439999868e+04	1.589338532810774751e+00
2.026484398439999859e+04	1.587095670070830522e+00
2.026503898440000194e+04	1.606068180285005198e+00
2.026523398440000165e+04	1.591204340440878440e+00
2.026542998440000156e+04	1.589968188307267383e+00
2.026562498440000127e+04	1.591388535936266280e+00
2.026581998440000098e+04	1.608843910201080973e+00
2.026601598440000089e+04	1.616145716731676174e+00
2.026621098440000060e+04	1.586922126349803008e+00
2.026640598440000031e+04	1.644364627801991219e+00
2.026660198440000022e+04	1.578003951489863610e+00
2.026679698439999993e+04	1.596230014766238270e+00
2.026699198439999964e+04	1.589043494952788294e+00
2.026718798439999955e+04	1.603986784410157185e+00
2.026738298439999926e+04	1.601065759228216479e+00
2.026757798439999897e+04	1.578683139129303470e+00
2.026777298439999868e+04	1.590864933201224574e+00
2.026796898439999859e+04	1.583680719526970648e+00
2.026816398440000194e+04	1.572165644585748367e+00
2.026835898440000165e+04	1.598161834341478738e+00
2.026855498440000156e+04	1.570242342791765111e+00
2.026874998440000127e+04	1.589954770413420704e+00
2.026894498440000098e+04	1.595954358558774544e+00
2.026914098440000089e+04	1.612490220556267673e+00
2.026933598440000060e+04	1.622950208074193768e+00
2.026953098440000031e+04	1.607201256078440110e+00
2.026972698440000022e+04	1.608985592741277060e+00
2.026992198439999993e+04	1.629962540631639811e+00
2.027011698439999964e+04	1.583942023915712483e+00
2.027031298439999955e+04	1.601470582449293190e+00
2.027050798439999926e+04	1.593057492151771726e+00
2.027070298439999897e+04	1.618933717418489238e+00
2.027089798439999868e+04	1.586139962280256555e+00
2.027109398439999859e+04	1.598175247464803661e+00
2.027128898440000194e+04	1.618199956876862800e+00
2.027148398440000165e+04	1.583976820091903548e+00
2.027167998440000156e+04	1.575613211269587310e+00
2.027187498440000127e+04	1.571277871947479809e+00
2.027206998440000098e+04	1.624354962565861982e+00
2.027226598440000089e+04	1.619882359891622770e+00
2.027246098440000060e+04	1.551000852133245900e+00
2.027265598440000031e+04	1.594188308694688416e+00
2.027285198440000022e+04	1.580494705709984515e+00
2.027304698439999993e+04	1.583709633823264795e+00
2.027324198439999964e+04	1.637754006640603777e+00
2.027343798439999955e+04	1.643211149605861010e+00
2.027363298439999926e+04	1.579628466137529941e+00
2.027382798439999897e+04	1.595945664031857447e+00
2.027402298439999868e+04	1.584456090660504302e+00
2.027421898439999859e+04	1.621160086819962487e+00
2.027441398440000194e+04	1.586437025383105492e+00
2.027460898440000165e+04	1.624142166580755386e+00
2.027480498440000156e+04	1.605171032797567676e+00
2.027499998440000127e+04	1.594242218813741729e+00
2.027519498440000098e+04	1.564327696869444395e+00
2.027539098440000089e+04	1.597037919383781812e+00
2.027558598440000060e+04	1.614112474894405125e+00
2.027578098440000031e+04	1.603876940159395303e+00
2.027597698440000022e+04	1.587544144080316855e+00
2.027617198439999993e+04	1.607938346206749358e+00
2.027636698439999964e+04	1.595472345604457942e+00
2.027656298439999955e+04	1.572386546297400045e+00
2.027675798439999926e+04	1.600740074204425767e+00
2.027695298439999897e+04	1.590348193075142191e+00
2.027714798439999868e+04	1.587097575316853693e+00
2.027734398439999859e+04	1.581869319966047627e+00
2.027753898440000194e+04	1.599093862265220878e+00
2.027773398440000165e+04	1.591296852480873270e+00
2.027792998440000156e+04	1.568135579155827131e+00
2.027812498440000127e+04	1.594621159507195074e+00
2.027831998440000098e+04	1.561390206926242641e+00
2.027851598440000089e+04	1.565551706705633705e+00
2.027871098440000060e+04	1.552197526290409968e+00
2.027890598440000031e+04	1.539938227626365119e+00
2.027910198440000022e+04	1.587497756334006027e+00
2.027929698439999993e+04	1.576216223570526154e+00
2.027949198439999964e+04	1.581460258559451049e+00
2.027968798439999955e+04	1.598698684373440315e+00
2.027988298439999926e+04	1.579634266587063962e+00
2.028007798439999897e+04	1.562512955261503578e+00
2.028027298439999868e+04	1.578954195385659176e+00
2.028046898439999859e+04	1.603557917041069203e+00
2.028066398440000194e+04	1.585860292018184126e+00
2.028085898440000165e+04	1.567002491502709205e+00
2.028105498440000156e+04	1.574043366155780888e+00
2.028124998440000127e+04	1.575206111053908842e+00
2.028144498440000098e+04	1.553228056722746331e+00
2.028164098440000089e+04	1.615432882146876636e+00
2.028183598440000060e+04	1.600749677590689757e+00
2.028203098440000031e+04	1.565694650112776642e+00
2.028222698440000022e+04	1.551513743768699882e+00
2.028242198439999993e+04	1.558502439215402546e+00
2.028261698439999964e+04	1.567373091147278075e+00
2.028281298439999955e+04	1.561749286663813407e+00
2.028300798439999926e+04	1.534056595397085943e+00
2.028320298439999897e+04	1.569616957533156665e+00
2.028339798439999868e+04	1.539885103786133413e+00
2.028359398439999859e+04	1.551846013824679460e+00
2.028378898440000194e+04	1.530623008898954751e+00
2.028398398440000165e+04	1.608613674216554656e+00
2.028417998440000156e+04	1.558375044030128720e+00
2.028437498440000127e+04	1.540892028837037131e+00
2.028456998440000098e+04	1.587681981405156151e+00
2.028476598440000089e+04	1.567106707707910829e+00
2.028496098440000060e+04	1.548489576569366477e+00
2.028515598440000031e+04	1.543954866970560502e+00
2.028535198440000022e+04	1.550247506375763251e+00
2.028554698439999993e+04	1.564650164493254891e+00
2.028574198439999964e+04	1.559341438415104975e+00
2.028593798439999955e+04	1.546486052491546914e+00
2.028613298439999926e+04	1.574526821190701753e+00
2.028632798439999897e+04	1.532770886795367105e+00
2.028652298439999868e+04	1.572103891196778847e+00
2.028671898439999859e+04	1.546816486173279159e+00
2.028691398440000194e+04	1.540728679368559284e+00
2.028710898440000165e+04	1.526208634629377059e+00
2.028730498440000156e+04	1.570512586222626794e+00
2.028749998440000127e+04	1.602908433923484921e+00
2.028769498440000098e+04	1.574363709084812157e+00
2.028789098440000089e+04	1.562289886034085029e+00
2.028808598440000060e+04	1.558799774857195786e+00
2.028828098440000031e+04	1.562353655858155221e+00
2.028847698440000022e+04	1.555447249605631299e+00
2.028867198439999993e+04	1.587398436542354574e+00
2.028886698439999964e+04	1.601631516333121397e+00
2.028906298439999955e+04	1.600588654766703200e+00
2.028925798439999926e+04	1.590538110288923335e+00
2.028945298439999897e+04	1.554692140693909153e+00
2.028964798439999868e+04	1.589277819264347968e+00
2.028984398439999859e+04	1.555206858384948987e+00
2.029003898440000194e+04	1.609159053357483771e+00
2.029023398440000165e+04	1.549839876358786839e+00
2.029042998440000156e+04	1.543134647389102554e+00
2.029062498440000127e+04	1.600639817924623287e+00
2.029081998440000098e+04	1.560645824334230269e+00
2.029101598440000089e+04	1.585572914040831449e+00
2.029121098440000060e+04	1.560300162595693152e+00
2.029140598440000031e+04	1.537762042561347187e+00
2.029160198440000022e+04	1.566016932846629572e+00
2.029179698439999993e+04	1.544624349766070992e+00
2.029199198439999964e+04	1.552116472320177465e+00
2.029218798439999955e+04	1.566935832681185303e+00
2.029238298439999926e+04	1.575583292300056115e+00
2.029257798439999897e+04	1.563284310404945643e+00
2.029277298439999868e+04	1.571592367854609762e+00
2.029296898439999859e+04	1.556608939398477887e+00
2.029316398440000194e+04	1.563943615394505215e+00
2.029335898440000165e+04	1.545419537717018343e+00
2.029355498440000156e+04	1.561037756034121315e+00
2.029374998440000127e+04	1.534907025230300093e+00
2.029394498440000098e+04	1.528140416143697777e+00
2.029414098440000089e+04	1.554642783601259737e+00
2.029433598440000060e+04	1.563881840036618343e+00
2.029453098440000031e+04	1.574946531194335364e+00
2.029472698440000022e+04	1.560493229577977203e+00
2.029492198439999993e+04	1.563166477662585763e+00
2.029511698439999964e+04	1.586658784722803972e+00
2.029531298439999955e+04	1.550878227699858058e+00
2.029550798439999926e+04	1.550371129773580492e+00
2.029570298439999897e+04	1.566712889032139344e+00
2.029589798439999868e+04	1.560524163270260445e+00
2.029609398439999859e+04	1.540817575487473334e+00
2.029628898440000194e+04	1.530280801432999382e+00
2.029648398440000165e+04	1.550133589733897921e+00
2.029667998440000156e+04	1.547455018055977405e+00
2.029687498440000127e+04	1.560615968917669960e+00
2.029706998440000098e+04	1.552250704841291906e+00
2.029726598440000089e+04	1.585524616958515765e+00
2.029746098440000060e+04	1.570741295909041213e+00
2.029765598440000031e+04	1.548781232727783674e+00
2.029785198440000022e+04	1.614254952454697190e+00
2.029804698439999993e+04	1.558825900400357511e+00
2.029824198439999964e+04	1.590411802677937914e+00
2.029843798439999955e+04	1.591444523124705412e+00
2.029863298439999926e+04	1.627057292317582338e+00
2.029882798439999897e+04	1.591040517852597702e+00
2.029902298439999868e+04	1.552107761282941922e+00
2.029921898439999859e+04	1.603971388035766665e+00
2.029941398440000194e+04	1.555588264687163047e+00
2.029960898440000165e+04	1.581034866783406656e+00
2.029980498440000156e+04	1.585329853599812822e+00
2.029999998440000127e+04	1.603310244779688531e+00
2.030019498440000098e+04	1.593005401208314353e+00
2.030039098440000089e+04	1.586233488694443139e+00
2.030058598440000060e+04	1.606219398220876116e+00
2.030078098440000031e+04	1.592827098567608957e+00
2.030097698440000022e+04	1.601943777847507633e+00
2.030117198439999993e+04	1.584828398737112565e+00
2.030136698439999964e+04	1.618001498348998979e+00
2.030156298439999955e+04	1.621913107689847422e+00
2.030175798439999926e+04	1.615186330235157897e+00
2.030195298439999897e+04	1.622632441308331508e+00
2.030214798439999868e+04	1.640065171376978270e+00
2.030234398439999859e+04	1.603624387452706301e+00
2.030253898440000194e+04	1.623414278628828811e+00
2.030273398440000165e+04	1.613022020782022281e+00
2.030292998440000156e+04	1.596896163440195693e+00
2.030312498440000127e+04	1.593810354646514327e+00
2.030331998440000098e+04	1.608229252792616748e+00
2.030351598440000089e+04	1.560206531163519372e+00
2.030371098440000060e+04	1.632544914770065247e+00
2.030390598440000031e+04	1.582603242648358943e+00
2.030410198440000022e+04	1.639133807260117592e+00
2.030429698439999993e+04	1.652906036593861927e+00
2.030449198439999964e+04	1.573987502535656446e+00
2.030468798439999955e+04	1.588553634325894137e+00
2.030488298439999926e+04	1.593645556793855889e+00
2.030507798439999897e+04	1.594049433660520876e+00
2.030527298439999868e+04	1.566673340975485829e+00
2.030546898439999859e+04	1.585390660371373883e+00
2.030566398440000194e+04	1.601781852732992562e+00
2.030585898440000165e+04	1.578215267499983199e+00
2.030605498440000156e+04	1.573479916511054455e+00
2.030624998440000127e+04	1.620095195222274853e+00
2.030644498440000098e+04	1.625582491547397979e+00
2.030664098440000089e+04	1.549925833540298115e+00
2.030683598440000060e+04	1.562010922083537423e+00
2.030703098440000031e+04	1.570296391730723329e+00
2.030722698440000022e+04	1.580845782843866232e+00
2.030742198439999993e+04	1.588059041805664151e+00
2.030761698439999964e+04	1.596684107508718142e+00
2.030781298439999955e+04	1.605662444503831665e+00
2.030800798439999926e+04	1.571782522238942548e+00
2.030820298439999897e+04	1.563568068422371837e+00
2.030839798439999868e+04	1.591342238735560244e+00
2.030859398439999859e+04	1.607902592996167002e+00
2.030878898440000194e+04	1.583659427314289658e+00
2.030898398440000165e+04	1.591002833523468496e+00
2.030917998440000156e+04	1.612689719480348671e+00
2.030937498440000127e+04	1.576535624754844989e+00
2.030956998440000098e+04	1.602728221053769886e+00
2.030976598440000089e+04	1.584694272420353656e+00
2.030996098440000060e+04	1.608337255583796477e+00
2.031015598440000031e+04	1.593143288743537056e+00
2.031035198440000022e+04	1.572818894155892266e+00
2.031054698439999993e+04	1.577295821592096914e+00
2.031074198439999964e+04	1.613615451330947081e+00
2.031093798439999955e+04	1.605265475374995532e+00
2.031113298439999926e+04	1.641448717616933450e+00
2.031132798439999897e+04	1.619785081993047271e+00
2.031152298439999868e+04	1.601742364687590126e+00
2.031171898439999859e+04	1.606235786312012692e+00
2.031191398440000194e+04	1.583673843055759534e+00
2.031210898440000165e+04	1.631191589731120217e+00
2.031230498440000156e+04	1.584014350194596688e+00
2.031249998440000127e+04	1.589111083969651617e+00
2.031269498440000098e+04	1.596930857294257322e+00
2.031289098440000089e+04	1.608255322478180815e+00
2.031308598440000060e+04	1.592827098567608957e+00
2.031328098440000031e+04	1.617844566823315233e+00
2.031347698440000022e+04	1.595280564415794800e+00
2.031367198439999993e+04	1.602226067890569539e+00
2.031386698439999964e+04	1.592809707154101417e+00
2.031406298439999955e+04	1.607113525390282405e+00
2.031425798439999926e+04	1.615026483761132781e+00
2.031445298439999897e+04	1.602564397476051283e+00
2.031464798439999868e+04	1.646355788930421227e+00
2.031484398439999859e+04	1.642633934318546096e+00
2.031503898440000194e+04	1.594403285930809488e+00
2.031523398440000165e+04	1.616357511060265040e+00
2.031542998440000156e+04	1.593159686125353858e+00
2.031562498440000127e+04	1.611866061590752963e+00
2.031581998440000098e+04	1.600939509224531321e+00
2.031601598440000089e+04	1.608579991045475666e+00
2.031621098440000060e+04	1.639940126632456696e+00
2.031640598440000031e+04	1.581771798793582207e+00
2.031660198440000022e+04	1.576210505138561757e+00
2.031679698439999993e+04	1.605039011193250431e+00
2.031699198439999964e+04	1.588174676845817146e+00
2.031718798439999955e+04	1.574365698263770597e+00
2.031738298439999926e+04	1.637661680860240665e+00
2.031757798439999897e+04	1.621113022198478859e+00
2.031777298439999868e+04	1.580044188953301898e+00
2.031796898439999859e+04	1.593828739057626009e+00
2.031816398440000194e+04	1.655341715241284817e+00
2.031835898440000165e+04	1.642202893388546414e+00
2.031855498440000156e+04	1.628721767017482946e+00
2.031874998440000127e+04	1.608919137779714958e+00
2.031894498440000098e+04	1.633292768625798530e+00
2.031914098440000089e+04	1.645534325707188827e+00
2.031933598440000060e+04	1.634918188115943138e+00
2.031953098440000031e+04	1.663344706709473542e+00
2.031972698440000022e+04	1.659024932013174691e+00
2.031992198439999993e+04	1.630716183294120825e+00
2.032011698439999964e+04	1.623189894942198563e+00
2.032031298439999955e+04	1.592805814788329499e+00
2.032050798439999926e+04	1.613697282649575016e+00
2.032070298439999897e+04	1.622190521521510220e+00
2.032089798439999868e+04	1.633331210600738714e+00
2.032109398439999859e+04	1.651337646462206266e+00
2.032128898440000194e+04	1.592625605816122558e+00
2.032148398440000165e+04	1.590316388208016463e+00
2.032167998440000156e+04	1.623029194187800783e+00
2.032187498440000127e+04	1.639577385588587788e+00
2.032206998440000098e+04	1.643966341845077395e+00
2.032226598440000089e+04	1.613775307589824237e+00
2.032246098440000060e+04	1.670913584080791381e+00
2.032265598440000031e+04	1.613129918381710937e+00
2.032285198440000022e+04	1.604917666531813225e+00
2.032304698439999993e+04	1.646248046883700411e+00
2.032324198439999964e+04	1.626329496471436542e+00
2.032343798439999955e+04	1.636709058864077804e+00
2.032363298439999926e+04	1.611405564924812239e+00
2.032382798439999897e+04	1.619639660695206373e+00
2.032402298439999868e+04	1.606958423338216591e+00
2.032421898439999859e+04	1.602282028790881441e+00
2.032441398440000194e+04	1.616165903462526643e+00
2.032460898440000165e+04	1.633998189316351102e+00
2.032480498440000156e+04	1.629988420377181058e+00
2.032499998440000127e+04	1.577385488860105767e+00
2.032519498440000098e+04	1.590620106335286721e+00
2.032539098440000089e+04	1.596013150035771488e+00
2.032558598440000060e+04	1.630616966799854239e+00
2.032578098440000031e+04	1.613407272470750442e+00
2.032597698440000022e+04	1.596291786477664232e+00
2.032617198439999993e+04	1.602575904071542823e+00
2.032636698439999964e+04	1.593946249879969912e+00
2.032656298439999955e+04	1.622243456399115047e+00
2.032675798439999926e+04	1.635400286204369280e+00
2.032695298439999897e+04	1.585160107418738917e+00
2.032714798439999868e+04	1.592836622431354598e+00
2.032734398439999859e+04	1.583739459420478113e+00
2.032753898440000194e+04	1.613415960417846406e+00
2.032773398440000165e+04	1.583603421244795584e+00
2.032792998440000156e+04	1.588735945861444065e+00
2.032812498440000127e+04	1.629570702847647823e+00
2.032831998440000098e+04	1.627092933132432861e+00
2.032851598440000089e+04	1.607681037721391704e+00
2.032871098440000060e+04	1.640474186089965869e+00
2.032890598440000031e+04	1.624707274955410341e+00
2.032910198440000022e+04	1.623190887429222684e+00
2.032929698439999993e+04	1.625109698430804883e+00
2.032949198439999964e+04	1.612282197027447239e+00
2.032968798439999955e+04	1.580224579005555796e+00
2.032988298439999926e+04	1.607616482552785442e+00
2.033007798439999897e+04	1.623522127584850594e+00
2.033027298439999868e+04	1.614556452588196578e+00
2.033046898439999859e+04	1.591768434503610052e+00
2.033066398440000194e+04	1.569035990636873379e+00
2.033085898440000165e+04	1.598388283248578290e+00
2.033105498440000156e+04	1.620377263113429223e+00
2.033124998440000127e+04	1.601083144420504922e+00
2.033144498440000098e+04	1.598468264305877184e+00
2.033164098440000089e+04	1.622555438863376054e+00
2.033183598440000060e+04	1.558129706794165514e+00
2.033203098440000031e+04	1.610135903568208349e+00
2.033222698440000022e+04	1.606767730805071182e+00
2.033242198439999993e+04	1.640936911894819161e+00
2.033261698439999964e+04	1.596115330922508235e+00
2.033281298439999955e+04	1.623370857702607140e+00
2.033300798439999926e+04	1.633627583672048189e+00
2.033320298439999897e+04	1.626368032767151917e+00
2.033339798439999868e+04	1.631774879351191032e+00
2.033359398439999859e+04	1.642580054643827836e+00
2.033378898440000194e+04	1.636165323405847971e+00
2.033398398440000165e+04	1.607950843264966068e+00
2.033417998440000156e+04	1.615641870057913820e+00
2.033437498440000127e+04	1.645347670499353043e+00
2.033456998440000098e+04	1.627224828475696938e+00
2.033476598440000089e+04	1.611989355633022925e+00
2.033496098440000060e+04	1.600226287211290455e+00
2.033515598440000031e+04	1.651148229703112591e+00
2.033535198440000022e+04	1.604830920434370256e+00
2.033554698439999993e+04	1.588026156949936762e+00
2.033574198439999964e+04	1.621063889608816311e+00
2.033593798439999955e+04	1.589445630123496045e+00
2.033613298439999926e+04	1.608729289051124667e+00
2.033632798439999897e+04	1.622955914933362109e+00
2.033652298439999868e+04	1.585400270146230639e+00
2.033671898439999859e+04	1.589610457963516410e+00
2.033691398440000194e+04	1.587101385808429299e+00
2.033710898440000165e+04	1.614240473068038639e+00
2.033730498440000156e+04	1.588961576136460607e+00
2.033749998440000127e+04	1.600680301313833098e+00
2.033769498440000098e+04	1.585967322625222664e+00
2.033789098440000089e+04	1.594106408134603470e+00
2.033808598440000060e+04	1.586047346733291619e+00
2.033828098440000031e+04	1.590914212990554688e+00
2.033847698440000022e+04	1.612239830828105625e+00
2.033867198439999993e+04	1.602663652021069751e+00
2.033886698439999964e+04	1.598963627349059280e+00
2.033906298439999955e+04	1.579891805078396771e+00
2.033925798439999926e+04	1.615857722961727916e+00
2.033945298439999897e+04	1.597549707397522667e+00
2.033964798439999868e+04	1.599029283059836715e+00
2.033984398439999859e+04	1.580046177643232852e+00
2.034003898440000194e+04	1.599680779603087188e+00
2.034023398440000165e+04	1.587302926781784862e+00
2.034042998440000156e+04	1.594903621960018114e+00
2.034062498440000127e+04	1.579496298357007333e+00
2.034081998440000098e+04	1.646967529452339818e+00
2.034101598440000089e+04	1.615222899510779797e+00
2.034121098440000060e+04	1.586185275833818409e+00
2.034140598440000031e+04	1.618854882710484944e+00
2.034160198440000022e+04	1.597090912036270183e+00
2.034179698439999993e+04	1.612719590385919943e+00
