# time(sec)	crack length FEA(mm)
3.250468798439999955e+04	2.652573661911954872e+00
3.250488298439999926e+04	2.673679068652150548e+00
3.250507798439999897e+04	2.671445078002673057e+00
3.250527298439999868e+04	2.660619985614189886e+00
3.250546898439999859e+04	2.665152491149394010e+00
3.250566398440000194e+04	2.667999030254817328e+00
3.250585898440000165e+04	2.628988121368866615e+00
3.250605498440000156e+04	2.647345001858251834e+00
3.250624998440000127e+04	2.663555376176800493e+00
3.250644498440000098e+04	2.654167956092718939e+00
3.250664098440000089e+04	2.649079418941585828e+00
3.250683598440000060e+04	2.633990166812907319e+00
3.250703098440000031e+04	2.611349917934404630e+00
3.250722698440000022e+04	2.659596930019866079e+00
3.250742198439999993e+04	2.631464069648572490e+00
3.250761698439999964e+04	2.630381761613138636e+00
3.250781298439999955e+04	2.654837087080023750e+00
3.250800798439999926e+04	2.642694819979498178e+00
3.250820298439999897e+04	2.655356551566343981e+00
3.250839798439999868e+04	2.612303410757947475e+00
3.250859398439999859e+04	2.629128936317901122e+00
3.250878898440000194e+04	2.611182241290368466e+00
3.250898398440000165e+04	2.639747269840382771e+00
3.250917998440000156e+04	2.593352611483490833e+00
3.250937498440000127e+04	2.623941819154564925e+00
3.250956998440000098e+04	2.613414157208502786e+00
3.250976598440000089e+04	2.637759040912259323e+00
3.250996098440000060e+04	2.624800652101740184e+00
3.251015598440000031e+04	2.650272085672177980e+00
3.251035198440000022e+04	2.624138815983982909e+00
3.251054698439999993e+04	2.666236769626680214e+00
3.251074198439999964e+04	2.638285396428656782e+00
3.251093798439999955e+04	2.657405700588618913e+00
3.251113298439999926e+04	2.626411702349123800e+00
3.251132798439999897e+04	2.650810932389545016e+00
3.251152298439999868e+04	2.645971967825037297e+00
3.251171898439999859e+04	2.683917495322216240e+00
3.251191398440000194e+04	2.636021107408843989e+00
3.251210898440000165e+04	2.689554790754719704e+00
3.251230498440000156e+04	2.646757404525146740e+00
3.251249998440000127e+04	2.642414155851140478e+00
3.251269498440000098e+04	2.671368850592072519e+00
3.251289098440000089e+04	2.650658331604267559e+00
3.251308598440000060e+04	2.664802419463915939e+00
3.251328098440000031e+04	2.665437359275815155e+00
3.251347698440000022e+04	2.679091465578441245e+00
3.251367198439999993e+04	2.693997823965947447e+00
3.251386698439999964e+04	2.658945395680738955e+00
3.251406298439999955e+04	2.631566210168635678e+00
3.251425798439999926e+04	2.674426810498339080e+00
3.251445298439999897e+04	2.697420490425097128e+00
3.251464798439999868e+04	2.649364578042925800e+00
3.251484398439999859e+04	2.684823630859449750e+00
3.251503898440000194e+04	2.689299728855431226e+00
3.251523398440000165e+04	2.681987512686259123e+00
3.251542998440000156e+04	2.664551564155111407e+00
3.251562498440000127e+04	2.664469707969146839e+00
3.251581998440000098e+04	2.695085225611668633e+00
3.251601598440000089e+04	2.657439732983878145e+00
3.251621098440000060e+04	2.680701077170105862e+00
3.251640598440000031e+04	2.666462821846842246e+00
3.251660198440000022e+04	2.668922328582061354e+00
3.251679698439999993e+04	2.654054786960193368e+00
3.251699198439999964e+04	2.689289557854699808e+00
3.251718798439999955e+04	2.703193643610717345e+00
3.251738298439999926e+04	2.708013572171111605e+00
3.251757798439999897e+04	2.675517092718763479e+00
3.251777298439999868e+04	2.687973279493323986e+00
3.251796898439999859e+04	2.670370372916977431e+00
3.251816398440000194e+04	2.671643536302838129e+00
3.251835898440000165e+04	2.677891159550796374e+00
3.251855498440000156e+04	2.692828618788976058e+00
3.251874998440000127e+04	2.695763414853489692e+00
3.251894498440000098e+04	2.671488320761902457e+00
3.251914098440000089e+04	2.677403476710418673e+00
3.251933598440000060e+04	2.699833520730077652e+00
3.251953098440000031e+04	2.668794794382369773e+00
3.251972698440000022e+04	2.671157606143976793e+00
3.251992198439999993e+04	2.694619135487181794e+00
3.252011698439999964e+04	2.684030508037436036e+00
3.252031298439999955e+04	2.719462899034992276e+00
3.252050798439999926e+04	2.683871674924949602e+00
3.252070298439999897e+04	2.663608659977406035e+00
3.252089798439999868e+04	2.660928834982264846e+00
3.252109398439999859e+04	2.691765857802000284e+00
3.252128898440000194e+04	2.687908228311501446e+00
3.252148398440000165e+04	2.691748435054268640e+00
3.252167998440000156e+04	2.667189503717995791e+00
3.252187498440000127e+04	2.700093895594712023e+00
3.252206998440000098e+04	2.649908818629798546e+00
3.252226598440000089e+04	2.648491868745722400e+00
3.252246098440000060e+04	2.639387619261622575e+00
3.252265598440000031e+04	2.669655635611364985e+00
3.252285198440000022e+04	2.651105230861766415e+00
3.252304698439999993e+04	2.657419439891533841e+00
3.252324198439999964e+04	2.649992625723363915e+00
3.252343798439999955e+04	2.628953253516801425e+00
3.252363298439999926e+04	2.679890370433845703e+00
3.252382798439999897e+04	2.659297378257100775e+00
3.252402298439999868e+04	2.665119339169887525e+00
3.252421898439999859e+04	2.643057102046137530e+00
3.252441398440000194e+04	2.677436530942484794e+00
3.252460898440000165e+04	2.684296751981934293e+00
3.252480498440000156e+04	2.651159493186053595e+00
3.252499998440000127e+04	2.627104860694611688e+00
3.252519498440000098e+04	2.673798526036556211e+00
3.252539098440000089e+04	2.649786622407841463e+00
3.252558598440000060e+04	2.679027097548882352e+00
3.252578098440000031e+04	2.646764751565378049e+00
3.252597698440000022e+04	2.654248745697087131e+00
3.252617198439999993e+04	2.644784515384298373e+00
3.252636698439999964e+04	2.649445385602895442e+00
3.252656298439999955e+04	2.670723116294675847e+00
3.252675798439999926e+04	2.673026065347240632e+00
3.252695298439999897e+04	2.685362483490635555e+00
3.252714798439999868e+04	2.683395168570029909e+00
3.252734398439999859e+04	2.662461726734884238e+00
3.252753898440000194e+04	2.673039794716217443e+00
3.252773398440000165e+04	2.633390270138079359e+00
3.252792998440000156e+04	2.654481478089143920e+00
3.252812498440000127e+04	2.728149511494283530e+00
3.252831998440000098e+04	2.661786200421875748e+00
3.252851598440000089e+04	2.647776328268832913e+00
3.252871098440000060e+04	2.651725882619944130e+00
3.252890598440000031e+04	2.688603043637588286e+00
3.252910198440000022e+04	2.650958161111610423e+00
3.252929698439999993e+04	2.664625921193021441e+00
3.252949198439999964e+04	2.670883861197401288e+00
3.252968798439999955e+04	2.712009770039729872e+00
3.252988298439999926e+04	2.698925178697944460e+00
3.253007798439999897e+04	2.684662122282578167e+00
3.253027298439999868e+04	2.674015425502226151e+00
3.253046898439999859e+04	2.670517310567973368e+00
3.253066398440000194e+04	2.657124437766434255e+00
3.253085898440000165e+04	2.732345537852481243e+00
3.253105498440000156e+04	2.663240170205284585e+00
3.253124998440000127e+04	2.684355426153375745e+00
3.253144498440000098e+04	2.726204282723452721e+00
3.253164098440000089e+04	2.655794114500846348e+00
3.253183598440000060e+04	2.626908839726171507e+00
3.253203098440000031e+04	2.682260170373901076e+00
3.253222698440000022e+04	2.675192751545287351e+00
3.253242198439999993e+04	2.669062883656012630e+00
3.253261698439999964e+04	2.632028129117252035e+00
3.253281298439999955e+04	2.662145715360855647e+00
3.253300798439999926e+04	2.641868699353279837e+00
3.253320298439999897e+04	2.633521807741123766e+00
3.253339798439999868e+04	2.691347313783191808e+00
3.253359398439999859e+04	2.683610867470953565e+00
3.253378898440000194e+04	2.673692955409796568e+00
3.253398398440000165e+04	2.672828566619198654e+00
3.253417998440000156e+04	2.672893821093198952e+00
3.253437498440000127e+04	2.655738047556033266e+00
3.253456998440000098e+04	2.653840530029034639e+00
3.253476598440000089e+04	2.671334997960059354e+00
3.253496098440000060e+04	2.685252474424682845e+00
3.253515598440000031e+04	2.674343255952432941e+00
3.253535198440000022e+04	2.663934832910822337e+00
3.253554698439999993e+04	2.682589058631171142e+00
3.253574198439999964e+04	2.658336794960096228e+00
3.253593798439999955e+04	2.686413652934955820e+00
3.253613298439999926e+04	2.659460024168147640e+00
3.253632798439999897e+04	2.676357469501740027e+00
3.253652298439999868e+04	2.668013709894299978e+00
3.253671898439999859e+04	2.694001528870773043e+00
3.253691398440000194e+04	2.685805037590892397e+00
3.253710898440000165e+04	2.654460155578624025e+00
3.253730498440000156e+04	2.672867151211093528e+00
3.253749998440000127e+04	2.680391721762685364e+00
3.253769498440000098e+04	2.677441027576350052e+00
3.253789098440000089e+04	2.679503700391364873e+00
3.253808598440000060e+04	2.668544695735594274e+00
3.253828098440000031e+04	2.661820304862700937e+00
3.253847698440000022e+04	2.648096341625759464e+00
3.253867198439999993e+04	2.638424412211755055e+00
3.253886698439999964e+04	2.681842546044467923e+00
3.253906298439999955e+04	2.639289071904649120e+00
3.253925798439999926e+04	2.652006267936650730e+00
3.253945298439999897e+04	2.653781772873246680e+00
3.253964798439999868e+04	2.661665966049351795e+00
3.253984398439999859e+04	2.703118473871040095e+00
3.254003898440000194e+04	2.651370933286983700e+00
3.254023398440000165e+04	2.650498304985905662e+00
3.254042998440000156e+04	2.684826469866585796e+00
3.254062498440000127e+04	2.659323985948653046e+00
3.254081998440000098e+04	2.686178662261763606e+00
3.254101598440000089e+04	2.696217657290752356e+00
3.254121098440000060e+04	2.665511713263985172e+00
3.254140598440000031e+04	2.675029277328226485e+00
3.254160198440000022e+04	2.692530316268692658e+00
3.254179698439999993e+04	2.710111603534510749e+00
3.254199198439999964e+04	2.699364696190595936e+00
3.254218798439999955e+04	2.674983438051841134e+00
3.254238298439999926e+04	2.669733684150440212e+00
3.254257798439999897e+04	2.659380991041009779e+00
3.254277298439999868e+04	2.652498157670837742e+00
3.254296898439999859e+04	2.687049849733329054e+00
3.254316398440000194e+04	2.684913690292642485e+00
3.254335898440000165e+04	2.668849012293225798e+00
3.254355498440000156e+04	2.661965563914968413e+00
3.254374998440000127e+04	2.700623383080053230e+00
3.254394498440000098e+04	2.641649817534217348e+00
3.254414098440000089e+04	2.674332210001480803e+00
3.254433598440000060e+04	2.692342140753405388e+00
3.254453098440000031e+04	2.671004202081448398e+00
3.254472698440000022e+04	2.690740729824025124e+00
3.254492198439999993e+04	2.681027149689613864e+00
3.254511698439999964e+04	2.663677573497908568e+00
3.254531298439999955e+04	2.694284991615651492e+00
3.254550798439999926e+04	2.673731538456575407e+00
3.254570298439999897e+04	2.707059646289399879e+00
3.254589798439999868e+04	2.679117970005391314e+00
3.254609398439999859e+04	2.670051478473535411e+00
3.254628898440000194e+04	2.660152203047751129e+00
3.254648398440000165e+04	2.682271291137885427e+00
3.254667998440000156e+04	2.658740425167927413e+00
3.254687498440000127e+04	2.656745651027049959e+00
3.254706998440000098e+04	2.659849737738033681e+00
3.254726598440000089e+04	2.658238491860334562e+00
3.254746098440000060e+04	2.666449088294836400e+00
3.254765598440000031e+04	2.673573497441118718e+00
3.254785198440000022e+04	2.665840698963194200e+00
3.254804698439999993e+04	2.655954180879426474e+00
3.254824198439999964e+04	2.662639190000948730e+00
3.254843798439999955e+04	2.663691308812488501e+00
3.254863298439999926e+04	2.693250760254226606e+00
3.254882798439999897e+04	2.666945069198051854e+00
3.254902298439999868e+04	2.661976458304508242e+00
3.254921898439999859e+04	2.664435607711414633e+00
3.254941398440000194e+04	2.674549814194048025e+00
3.254960898440000165e+04	2.661386416572714353e+00
3.254980498440000156e+04	2.687850352307199486e+00
3.254999998440000127e+04	2.690243166867354319e+00
3.255019498440000098e+04	2.678176806254551678e+00
3.255039098440000089e+04	2.673716862704580421e+00
3.255058598440000060e+04	2.680530309116564425e+00
3.255078098440000031e+04	2.677527410097608751e+00
3.255097698440000022e+04	2.691885215070712434e+00
3.255117198439999993e+04	2.672812943390592721e+00
3.255136698439999964e+04	2.690407471924434191e+00
3.255156298439999955e+04	2.623007344906307381e+00
3.255175798439999926e+04	2.641285457362499756e+00
3.255195298439999897e+04	2.654245112935438300e+00
3.255214798439999868e+04	2.689731164096475169e+00
3.255234398439999859e+04	2.678807645298910245e+00
3.255253898440000194e+04	2.673808625441649767e+00
3.255273398440000165e+04	2.700237084668209775e+00
3.255292998440000156e+04	2.651756211798650398e+00
3.255312498440000127e+04	2.666758643593885481e+00
3.255331998440000098e+04	2.650894735985726669e+00
3.255351598440000089e+04	2.702520337172394704e+00
3.255371098440000060e+04	2.637898139110506079e+00
3.255390598440000031e+04	2.682903824447206986e+00
3.255410198440000022e+04	2.696703023238601560e+00
3.255429698439999993e+04	2.651251351803008305e+00
3.255449198439999964e+04	2.664458814837111333e+00
3.255468798439999955e+04	2.680551605899093914e+00
3.255488298439999926e+04	2.701674517849790291e+00
3.255507798439999897e+04	2.676674219626498541e+00
3.255527298439999868e+04	2.707372558172078669e+00
3.255546898439999859e+04	2.682944283864427959e+00
3.255566398440000194e+04	2.682074744592110704e+00
3.255585898440000165e+04	2.662336759512083262e+00
3.255605498440000156e+04	2.727625422863876992e+00
3.255624998440000127e+04	2.689605408553379817e+00
3.255644498440000098e+04	2.678578014764219972e+00
3.255664098440000089e+04	2.672911180170354228e+00
3.255683598440000060e+04	2.693151670086910698e+00
3.255703098440000031e+04	2.695257691379801201e+00
3.255722698440000022e+04	2.662455332346215897e+00
3.255742198439999993e+04	2.688430445778674738e+00
3.255761698439999964e+04	2.720021199034315273e+00
3.255781298439999955e+04	2.678093108454358884e+00
3.255800798439999926e+04	2.680665346137235616e+00
3.255820298439999897e+04	2.690006483389490555e+00
3.255839798439999868e+04	2.696123073501599521e+00
3.255859398439999859e+04	2.680897557355294225e+00
3.255878898440000194e+04	2.712953159317962104e+00
3.255898398440000165e+04	2.705238175700019454e+00
3.255917998440000156e+04	2.667933760984237068e+00
3.255937498440000127e+04	2.663713490537698902e+00
3.255956998440000098e+04	2.674016135609665668e+00
3.255976598440000089e+04	2.702480150868161957e+00
3.255996098440000060e+04	2.712328832101395193e+00
3.256015598440000031e+04	2.677151032218018756e+00
3.256035198440000022e+04	2.721672787815181849e+00
3.256054698439999993e+04	2.682384312477879007e+00
3.256074198439999964e+04	2.684690512549714470e+00
3.256093798439999955e+04	2.736795956494189497e+00
3.256113298439999926e+04	2.711056178694118302e+00
3.256132798439999897e+04	2.739183573640030289e+00
3.256152298439999868e+04	2.711062558688990265e+00
3.256171898439999859e+04	2.691955930393095997e+00
3.256191398440000194e+04	2.707124797249969461e+00
3.256210898440000165e+04	2.714483460204794696e+00
3.256230498440000156e+04	2.727131702220990661e+00
3.256249998440000127e+04	2.746632719398009570e+00
3.256269498440000098e+04	2.709823701515784222e+00
3.256289098440000089e+04	2.697580011905980513e+00
3.256308598440000060e+04	2.758155975862415232e+00
3.256328098440000031e+04	2.708006245954454272e+00
3.256347698440000022e+04	2.731555894380123917e+00
3.256367198439999993e+04	2.739820887501718261e+00
3.256386698439999964e+04	2.723451540513428526e+00
3.256406298439999955e+04	2.695853270962418335e+00
3.256425798439999926e+04	2.714863911829505483e+00
3.256445298439999897e+04	2.713607947042442348e+00
3.256464798439999868e+04	2.701157349245363548e+00
3.256484398439999859e+04	2.719574780649352874e+00
3.256503898440000194e+04	2.720959749708899977e+00
3.256523398440000165e+04	2.706683783635044804e+00
3.256542998440000156e+04	2.706446177701435474e+00
3.256562498440000127e+04	2.729697855537212448e+00
3.256581998440000098e+04	2.714598990316073213e+00
3.256601598440000089e+04	2.678459688216891621e+00
3.256621098440000060e+04	2.666610733226924879e+00
3.256640598440000031e+04	2.686225424032668840e+00
3.256660198440000022e+04	2.721941164923949330e+00
3.256679698439999993e+04	2.714082762008567684e+00
3.256699198439999964e+04	2.696713900102798434e+00
3.256718798439999955e+04	2.719616116074021761e+00
3.256738298439999926e+04	2.675989197260301822e+00
3.256757798439999897e+04	2.669565512478143887e+00
3.256777298439999868e+04	2.670587149004203908e+00
3.256796898439999859e+04	2.665049483046480816e+00
3.256816398440000194e+04	2.672916782415001080e+00
3.256835898440000165e+04	2.669614204270221336e+00
3.256855498440000156e+04	2.673210622053883156e+00
3.256874998440000127e+04	2.661789989806848666e+00
3.256894498440000098e+04	2.678568075359208933e+00
3.256914098440000089e+04	2.657407595665404187e+00
3.256933598440000060e+04	2.701110541052234026e+00
3.256953098440000031e+04	2.665214927239285103e+00
3.256972698440000022e+04	2.677569694018483659e+00
3.256992198439999993e+04	2.681131737944443927e+00
3.257011698439999964e+04	2.710369412390218002e+00
3.257031298439999955e+04	2.735734498389366109e+00
3.257050798439999926e+04	2.700013277442320003e+00
3.257070298439999897e+04	2.700590285568173599e+00
3.257089798439999868e+04	2.729354339604855184e+00
3.257109398439999859e+04	2.684962347465670973e+00
3.257128898440000194e+04	2.678284248195152983e+00
3.257148398440000165e+04	2.659640196510002497e+00
3.257167998440000156e+04	2.643685332961783985e+00
3.257187498440000127e+04	2.694433658294814293e+00
3.257206998440000098e+04	2.680314579412247156e+00
3.257226598440000089e+04	2.708189558174895595e+00
3.257246098440000060e+04	2.688414912692094205e+00
3.257265598440000031e+04	2.686365866448408468e+00
3.257285198440000022e+04	2.716452663737797479e+00
3.257304698439999993e+04	2.693684875451374694e+00
3.257324198439999964e+04	2.671949466259498251e+00
3.257343798439999955e+04	2.695781622568985014e+00
3.257363298439999926e+04	2.701720536822470820e+00
3.257382798439999897e+04	2.684455503101705887e+00
3.257402298439999868e+04	2.658436913641322619e+00
3.257421898439999859e+04	2.660673197706667992e+00
3.257441398440000194e+04	2.729848166625028938e+00
3.257460898440000165e+04	2.674047380313865574e+00
3.257480498440000156e+04	2.695763414853489692e+00
3.257499998440000127e+04	2.687921948213451984e+00
3.257519498440000098e+04	2.677492620466249917e+00
3.257539098440000089e+04	2.645144313249012669e+00
3.257558598440000060e+04	2.669655635611364985e+00
3.257578098440000031e+04	2.700131643384484192e+00
3.257597698440000022e+04	2.661380969229835358e+00
3.257617198439999993e+04	2.695785405988452510e+00
3.257636698439999964e+04	2.688085324765818740e+00
3.257656298439999955e+04	2.633651447384877997e+00
3.257675798439999926e+04	2.699114242458426460e+00
3.257695298439999897e+04	2.693583974206081422e+00
3.257714798439999868e+04	2.706753426256796047e+00
3.257734398439999859e+04	2.659366305532984143e+00
3.257753898440000194e+04	2.673526708241496408e+00
3.257773398440000165e+04	2.721376616525192915e+00
3.257792998440000156e+04	2.706850563157443545e+00
3.257812498440000127e+04	2.719784685050452566e+00
3.257831998440000098e+04	2.671801591449087354e+00
3.257851598440000089e+04	2.678740673265542327e+00
3.257871098440000060e+04	2.679487135424473365e+00
3.257890598440000031e+04	2.704073362210056786e+00
3.257910198440000022e+04	2.693648219975479208e+00
3.257929698439999993e+04	2.706680947505406110e+00
3.257949198439999964e+04	2.677592650366198868e+00
3.257968798439999955e+04	2.663909257089185800e+00
3.257988298439999926e+04	2.695912071336190152e+00
3.258007798439999897e+04	2.697970140987479226e+00
3.258027298439999868e+04	2.687419825656133909e+00
3.258046898439999859e+04	2.675326875219514733e+00
3.258066398440000194e+04	2.691107804245774560e+00
3.258085898440000165e+04	2.668276600027770229e+00
3.258105498440000156e+04	2.682889154932162512e+00
3.258124998440000127e+04	2.689239175850095975e+00
3.258144498440000098e+04	2.701078389911170774e+00
3.258164098440000089e+04	2.702062681650346576e+00
3.258183598440000060e+04	2.688369969180591568e+00
3.258203098440000031e+04	2.687928335061380736e+00
3.258222698440000022e+04	2.671662001117516283e+00
3.258242198439999993e+04	2.661812962939013261e+00
3.258261698439999964e+04	2.724141667986362592e+00
3.258281298439999955e+04	2.699981203469864255e+00
3.258300798439999926e+04	2.713709699613580995e+00
3.258320298439999897e+04	2.686270608581764918e+00
3.258339798439999868e+04	2.707727296432040021e+00
3.258359398439999859e+04	2.703224767273113116e+00
3.258378898440000194e+04	2.672259100521547026e+00
3.258398398440000165e+04	2.689169476607403908e+00
3.258417998440000156e+04	2.695257691379801201e+00
3.258437498440000127e+04	2.653704535401256948e+00
3.258456998440000098e+04	2.687050795971405392e+00
3.258476598440000089e+04	2.703952339014811912e+00
3.258496098440000060e+04	2.680319154324157793e+00
3.258515598440000031e+04	2.702626869914189101e+00
3.258535198440000022e+04	2.685925374145492484e+00
3.258554698439999993e+04	2.690529674969749152e+00
3.258574198439999964e+04	2.665639503649817499e+00
3.258593798439999955e+04	2.657822139716842003e+00
3.258613298439999926e+04	2.660918650602647872e+00
3.258632798439999897e+04	2.677924213035849377e+00
3.258652298439999868e+04	2.660030775301160944e+00
3.258671898439999859e+04	2.659628353501242159e+00
3.258691398440000194e+04	2.706435069402344240e+00
3.258710898440000165e+04	2.674356037688628618e+00
3.258730498440000156e+04	2.717714053179244971e+00
3.258749998440000127e+04	2.697464469291174893e+00
3.258769498440000098e+04	2.694924660948213813e+00
3.258789098440000089e+04	2.697080951642291780e+00
3.258808598440000060e+04	2.694678727480525282e+00
3.258828098440000031e+04	2.680941806560008800e+00
3.258847698440000022e+04	2.683965287233565533e+00
3.258867198439999993e+04	2.673363221405335111e+00
3.258886698439999964e+04	2.696311216013837608e+00
3.258906298439999955e+04	2.701151675530400809e+00
3.258925798439999926e+04	2.675505968473178342e+00
3.258945298439999897e+04	2.681234590454719680e+00
3.258964798439999868e+04	2.720616015490742612e+00
3.258984398439999859e+04	2.714446682595513138e+00
3.259003898440000194e+04	2.663680415287849712e+00
3.259023398440000165e+04	2.681382558390035697e+00
3.259042998440000156e+04	2.684629946601317485e+00
3.259062498440000127e+04	2.653253977979819211e+00
3.259081998440000098e+04	2.683843046985339598e+00
3.259101598440000089e+04	2.699353584239645443e+00
3.259121098440000060e+04	2.674308303388265529e+00
3.259140598440000031e+04	2.664302363595547618e+00
3.259160198440000022e+04	2.702325866282286881e+00
3.259179698439999993e+04	2.672258153634551547e+00
3.259199198439999964e+04	2.619453111537378476e+00
3.259218798439999955e+04	2.675648374162648224e+00
3.259238298439999926e+04	2.643977911197868735e+00
3.259257798439999897e+04	2.681067612626614860e+00
3.259277298439999868e+04	2.649095059344364955e+00
3.259296898439999859e+04	2.649613713968514972e+00
3.259316398440000194e+04	2.682108816994809075e+00
3.259335898440000165e+04	2.647930766310908623e+00
3.259355498440000156e+04	2.625886006889574631e+00
3.259374998440000127e+04	2.695786351843217687e+00
3.259394498440000098e+04	2.686992917665937952e+00
3.259414098440000089e+04	2.697402993431918361e+00
3.259433598440000060e+04	2.649790413897639141e+00
3.259453098440000031e+04	2.682945230282633986e+00
3.259472698440000022e+04	2.699748173199658652e+00
3.259492198439999993e+04	2.683695253656917856e+00
3.259511698439999964e+04	2.666140238924807448e+00
3.259531298439999955e+04	2.654398557096723010e+00
3.259550798439999926e+04	2.647536413889643114e+00
3.259570298439999897e+04	2.700263720725510908e+00
3.259589798439999868e+04	2.700386655947937697e+00
3.259609398439999859e+04	2.694858527192181441e+00
3.259628898440000194e+04	2.652165414603915750e+00
3.259648398440000165e+04	2.622827658031479103e+00
3.259667998440000156e+04	2.662527959859255944e+00
3.259687498440000127e+04	2.650374216402692440e+00
3.259706998440000098e+04	2.683427346093228749e+00
3.259726598440000089e+04	2.699612309951557876e+00
3.259746098440000060e+04	2.668547536885117921e+00
3.259765598440000031e+04	2.663569111569085379e+00
3.259785198440000022e+04	2.670206704345325477e+00
3.259804698439999993e+04	2.637079185600768483e+00
3.259824198439999964e+04	2.642610036408004959e+00
3.259843798439999955e+04	2.671989867312197120e+00
3.259863298439999926e+04	2.705550956473800284e+00
3.259882798439999897e+04	2.690198227166312961e+00
3.259902298439999868e+04	2.710710474664157488e+00
3.259921898439999859e+04	2.688726912697624982e+00
3.259941398440000194e+04	2.641049026919084497e+00
3.259960898440000165e+04	2.683442961638656143e+00
3.259980498440000156e+04	2.692787389590268532e+00
3.259999998440000127e+04	2.678483432462762437e+00
3.260019498440000098e+04	2.709675140993226705e+00
3.260039098440000089e+04	2.674750137506530123e+00
3.260058598440000060e+04	2.660132780970290156e+00
3.260078098440000031e+04	2.669989924438018747e+00
3.260097698440000022e+04	2.701335203691696663e+00
3.260117198439999993e+04	2.696097378167188197e+00
3.260136698439999964e+04	2.687597872335409477e+00
3.260156298439999955e+04	2.718012007156001886e+00
3.260175798439999926e+04	2.677464930719574809e+00
3.260195298439999897e+04	2.726174058076573203e+00
3.260214798439999868e+04	2.708928778215280886e+00
3.260234398439999859e+04	2.690972911429215131e+00
3.260253898440000194e+04	2.680680963682062767e+00
3.260273398440000165e+04	2.698292169490326131e+00
3.260292998440000156e+04	2.700590285568173599e+00
3.260312498440000127e+04	2.692175248903224016e+00
3.260331998440000098e+04	2.686673480245612922e+00
3.260351598440000089e+04	2.684477505772765227e+00
3.260371098440000060e+04	2.715071184652423142e+00
3.260390598440000031e+04	2.699180205539352784e+00
3.260410198440000022e+04	2.724280918809798280e+00
3.260429698439999993e+04	2.714994008834537453e+00
3.260449198439999964e+04	2.695990024935623453e+00
