# time(sec)	crack length FEA(mm)
3.236523342970000158e+04	2.332032006339588293e-01
3.236542842970000129e+04	2.894731685509821517e-01
3.236562442970000120e+04	2.234306812060342651e-01
3.236581942970000091e+04	2.370430276575863360e-01
3.236601442970000062e+04	2.843047566257546066e-01
3.236621042970000053e+04	2.539127501845435120e-01
3.236640542970000024e+04	2.921434101375712800e-01
3.236660042969999995e+04	2.063596484094691874e-01
3.236679542969999966e+04	1.946771849570723134e-01
3.236699142969999957e+04	2.419890378236555506e-01
3.236718642969999928e+04	2.016379131600132268e-01
3.236738142969999899e+04	2.292014851067563086e-01
3.236757742969999890e+04	2.420876934111468870e-01
3.236777242969999861e+04	2.482859586004764196e-01
3.236796742969999832e+04	2.456483131847253532e-01
3.236816342970000187e+04	2.355894699408622728e-01
3.236835842970000158e+04	2.675000616840250700e-01
3.236855342970000129e+04	2.104457170643634356e-01
3.236874942970000120e+04	2.304423809644546850e-01
3.236894442970000091e+04	2.274573817142471199e-01
3.236913942970000062e+04	2.509702337010608630e-01
3.236933542970000053e+04	2.974169938872925911e-01
3.236953042970000024e+04	2.293435113794082270e-01
3.236972542969999995e+04	2.674916483305107562e-01
3.236992042969999966e+04	2.777562634305787981e-01
3.237011642969999957e+04	2.339095921932496935e-01
3.237031142969999928e+04	2.369154739387386854e-01
3.237050642969999899e+04	2.970641063626473510e-01
3.237070242969999890e+04	2.714511747946097842e-01
3.237089742969999861e+04	2.252834045150500231e-01
3.237109242969999832e+04	2.349613224292710356e-01
3.237128842970000187e+04	2.527211135750313531e-01
3.237148342970000158e+04	2.627441956273379731e-01
3.237167842970000129e+04	2.653584154292882857e-01
3.237187442970000120e+04	2.336965862565278940e-01
3.237206942970000091e+04	2.306927258642197387e-01
3.237226442970000062e+04	2.559170994101265251e-01
3.237246042970000053e+04	2.211058627013962052e-01
3.237265542970000024e+04	2.221918363499693072e-01
3.237285042969999995e+04	2.338048881044052507e-01
3.237304542969999966e+04	2.175850930705856001e-01
3.237324142969999957e+04	2.364281674621757645e-01
3.237343642969999928e+04	2.220750554667088039e-01
3.237363142969999899e+04	2.398199424226064025e-01
3.237382742969999890e+04	2.840357403855886531e-01
3.237402242969999861e+04	2.324077096295980027e-01
3.237421742969999832e+04	2.459706544452355814e-01
3.237441342970000187e+04	1.990628200117310342e-01
3.237460842970000158e+04	2.488091193961246006e-01
3.237480342970000129e+04	2.422573094278384076e-01
3.237499942970000120e+04	2.393904227263767837e-01
3.237519442970000091e+04	2.127462420625150230e-01
3.237538942970000062e+04	2.152850029662456421e-01
3.237558542970000053e+04	2.392099666488505250e-01
3.237578042970000024e+04	1.802024068498795373e-01
3.237597542969999995e+04	2.217788813108523271e-01
3.237617042969999966e+04	2.234186541825273764e-01
3.237636642969999957e+04	2.104192086776546233e-01
3.237656142969999928e+04	1.823875561085070984e-01
3.237675642969999899e+04	2.115478182048402545e-01
3.237695242969999890e+04	1.850970003083247661e-01
3.237714742969999861e+04	1.973081758085939441e-01
3.237734242969999832e+04	2.170022651230230082e-01
3.237753842970000187e+04	2.105312328041701875e-01
3.237773342970000158e+04	1.954871187877404992e-01
3.237792842970000129e+04	2.562189002970285401e-01
3.237812442970000120e+04	2.659569328841282498e-01
3.237831942970000091e+04	2.448724680840808077e-01
3.237851442970000062e+04	2.756875716115647634e-01
3.237871042970000053e+04	2.437261231111520488e-01
3.237890542970000024e+04	2.657682342930769437e-01
3.237910042969999995e+04	2.457096449280484762e-01
3.237929542969999966e+04	2.560036679526191961e-01
3.237949142969999957e+04	2.815327916837269129e-01
3.237968642969999928e+04	2.258407571506353406e-01
3.237988142969999899e+04	2.640868046307858208e-01
3.238007742969999890e+04	2.233909599481691544e-01
3.238027242969999861e+04	2.399089644441847469e-01
3.238046742969999832e+04	1.868850511544462023e-01
3.238066342970000187e+04	2.546245773690714032e-01
3.238085842970000158e+04	2.503328660219068524e-01
3.238105342970000129e+04	2.394132935627197867e-01
3.238124942970000120e+04	2.471121024778035746e-01
3.238144442970000091e+04	2.270493320765609724e-01
3.238163942970000062e+04	2.458479817586471938e-01
3.238183542970000053e+04	2.717515594534667400e-01
3.238203042970000024e+04	2.558353537258373223e-01
3.238222542969999995e+04	3.139988048519057884e-01
3.238242042969999966e+04	2.137627374115389500e-01
3.238261642969999957e+04	2.366543697231975329e-01
3.238281142969999928e+04	2.501777363225681228e-01
3.238300642969999899e+04	2.234932774782585341e-01
3.238320242969999890e+04	2.443071188942731453e-01
3.238339742969999861e+04	2.494597698349920734e-01
3.238359242969999832e+04	2.502174253206153054e-01
3.238378842970000187e+04	2.567827713145334201e-01
3.238398342970000158e+04	2.194117612795665195e-01
3.238417842970000129e+04	2.470363306014338178e-01
3.238437442970000120e+04	2.173298068960569651e-01
3.238456942970000091e+04	2.158955838698322083e-01
3.238476442970000062e+04	2.377902182798301567e-01
3.238496042970000053e+04	2.484086399650653476e-01
3.238515542970000024e+04	2.795929466592426138e-01
3.238535042969999995e+04	2.722742281792562835e-01
3.238554542969999966e+04	2.547989212189243347e-01
3.238574142969999957e+04	2.080124570333179435e-01
3.238593642969999928e+04	2.513670772446392476e-01
3.238613142969999899e+04	2.191348145197018482e-01
3.238632742969999890e+04	2.164868578417511458e-01
3.238652242969999861e+04	2.052946470454273253e-01
3.238671742969999832e+04	2.273851690770420930e-01
3.238691342970000187e+04	3.017858166673210718e-01
3.238710842970000158e+04	2.607908784676986613e-01
3.238730342970000129e+04	2.609038746432013056e-01
3.238749942970000120e+04	2.854816801129071990e-01
3.238769442970000091e+04	2.451359041366742986e-01
3.238788942970000062e+04	3.086915100005622747e-01
3.238808542970000053e+04	2.655158562119552812e-01
3.238828042970000024e+04	2.538911114272366376e-01
3.238847542969999995e+04	2.622982608539672356e-01
3.238867042969999966e+04	2.632394238516866380e-01
3.238886642969999957e+04	2.301800097865687178e-01
3.238906142969999928e+04	2.767603887194365342e-01
3.238925642969999899e+04	3.064898306292462848e-01
3.238945242969999890e+04	2.696703539575402431e-01
3.238964742969999861e+04	2.432942629978001037e-01
3.238984242969999832e+04	2.530722230164812458e-01
3.239003842970000187e+04	2.748429897470288097e-01
3.239023342970000158e+04	2.789683209532931585e-01
3.239042842970000129e+04	2.717167144819718771e-01
3.239062442970000120e+04	2.472780786569312994e-01
3.239081942970000091e+04	2.026440340143675911e-01
3.239101442970000062e+04	2.508607873620487538e-01
3.239121042970000053e+04	2.501115912956350940e-01
3.239140542970000024e+04	2.219257794976883247e-01
3.239160042969999995e+04	2.568104182029617988e-01
3.239179542969999966e+04	2.546269735724226990e-01
3.239199142969999957e+04	2.302775024326937370e-01
3.239218642969999928e+04	2.292640772609200184e-01
3.239238142969999899e+04	2.498397884547998160e-01
3.239257742969999890e+04	2.357025699582937506e-01
3.239277242969999861e+04	2.851562284940243330e-01
3.239296742969999832e+04	2.659317015763011938e-01
3.239316342970000187e+04	3.046767154285703327e-01
3.239335842970000158e+04	2.505517318610461786e-01
3.239355342970000129e+04	2.274922988896417309e-01
3.239374942970000120e+04	2.147370460452453500e-01
3.239394442970000091e+04	2.863919296847043938e-01
3.239413942970000062e+04	2.832166656838790431e-01
3.239433542970000053e+04	2.626047753992093448e-01
3.239453042970000024e+04	2.874642858251252875e-01
3.239472542969999995e+04	2.442926840593724336e-01
3.239492042969999966e+04	2.678449551181945054e-01
3.239511642969999957e+04	2.315291790887989976e-01
3.239531142969999928e+04	2.289294751938193428e-01
3.239550642969999899e+04	2.098904215374908233e-01
3.239570242969999890e+04	2.074908418855709868e-01
3.239589742969999861e+04	2.761092532729740867e-01
3.239609242969999832e+04	2.901887765884225701e-01
3.239628842970000187e+04	2.454991470606451287e-01
3.239648342970000158e+04	2.732054059478130625e-01
3.239667842970000129e+04	2.666540047682719461e-01
3.239687442970000120e+04	2.952611106945219888e-01
3.239706942970000091e+04	1.966706490742158309e-01
3.239726442970000062e+04	2.569414745712528259e-01
3.239746042970000053e+04	2.098771774003065360e-01
3.239765542970000024e+04	2.346195816331171358e-01
3.239785042969999995e+04	2.289776139991630544e-01
3.239804542969999966e+04	2.471541932734577784e-01
3.239824142969999957e+04	2.555359546421076544e-01
3.239843642969999928e+04	2.834892912338542459e-01
3.239863142969999899e+04	2.761008428255209424e-01
3.239882742969999890e+04	2.455881591620290294e-01
3.239902242969999861e+04	2.329901886721614801e-01
3.239921742969999832e+04	2.176464937647697440e-01
3.239941342970000187e+04	2.334932127859516982e-01
3.239960842970000158e+04	2.311344185062971235e-01
3.239980342970000129e+04	2.188915940675570937e-01
3.239999942970000120e+04	2.807724968329861071e-01
3.240019442970000091e+04	2.096157905012461242e-01
3.240038942970000062e+04	2.192227208318282550e-01
3.240058542970000053e+04	2.471590077782082062e-01
3.240078042970000024e+04	2.706905515769335580e-01
3.240097542969999995e+04	2.375230975906550412e-01
3.240117042969999966e+04	2.961626300125157485e-01
3.240136642969999957e+04	2.685323534482684238e-01
3.240156142969999928e+04	2.603340663574158498e-01
3.240175642969999899e+04	2.474464712880948269e-01
3.240195242969999890e+04	2.605841012655396582e-01
3.240214742969999861e+04	2.930498274113997326e-01
3.240234242969999832e+04	2.523098613715788474e-01
3.240253842970000187e+04	2.578022881448571724e-01
3.240273342970000158e+04	2.661492330151808972e-01
3.240292842970000129e+04	2.336701128594818044e-01
3.240312442970000120e+04	2.142890425883319239e-01
3.240331942970000091e+04	2.199042299101279241e-01
3.240351442970000062e+04	2.668102295287475556e-01
3.240371042970000053e+04	2.311464521540251837e-01
3.240390542970000024e+04	2.488921174763198962e-01
3.240410042969999995e+04	2.327519100115225115e-01
3.240429542969999966e+04	2.473057464118753046e-01
3.240449142969999957e+04	2.476449063757986124e-01
3.240468642969999928e+04	2.601669791893748140e-01
3.240488142969999899e+04	2.219534650139145526e-01
3.240507742969999890e+04	2.976738433665673256e-01
3.240527242969999861e+04	2.214899224870983119e-01
3.240546742969999832e+04	2.882519987417158092e-01
3.240566342970000187e+04	2.333861190453880852e-01
3.240585842970000158e+04	2.649810284060620802e-01
3.240605342970000129e+04	2.619304301653997413e-01
3.240624942970000120e+04	3.169110943755537591e-01
3.240644442970000091e+04	2.556020852881282224e-01
3.240663942970000062e+04	3.060362575814430386e-01
3.240683542970000053e+04	2.875651443409950048e-01
3.240703042970000024e+04	2.744681612527184456e-01
3.240722542969999995e+04	2.976642647875991088e-01
3.240742042969999966e+04	2.837006652826801201e-01
3.240761642969999957e+04	2.922118259774730831e-01
3.240781142969999928e+04	3.071833569539528241e-01
3.240800642969999899e+04	2.874234595680551507e-01
3.240820242969999890e+04	2.816108627152242860e-01
3.240839742969999861e+04	2.699599528319307495e-01
3.240859242969999832e+04	2.563030510943988816e-01
3.240878842970000187e+04	2.940198273880696433e-01
3.240898342970000158e+04	3.145985547999679000e-01
3.240917842970000129e+04	2.402674986107165012e-01
3.240937442970000120e+04	2.985956689667030872e-01
3.240956942970000091e+04	2.705175161527701988e-01
3.240976442970000062e+04	2.789058533938728601e-01
3.240996042970000053e+04	3.070333632207482566e-01
3.241015542970000024e+04	2.549155491377739224e-01
3.241035042969999995e+04	2.953475323296377297e-01
3.241054542969999966e+04	3.093694028950153552e-01
3.241074142969999957e+04	2.809022097907991622e-01
3.241093642969999928e+04	2.906462380224255071e-01
3.241113142969999899e+04	2.811880773488244500e-01
3.241132742969999890e+04	2.494200796317329605e-01
3.241152242969999861e+04	3.129024183245103785e-01
3.241171742969999832e+04	2.835949733242948412e-01
3.241191342970000187e+04	2.971517074843532669e-01
3.241210842970000158e+04	2.968180255731382999e-01
3.241230342970000129e+04	2.824035581963357799e-01
3.241249942970000120e+04	2.938157594946328999e-01
3.241269442970000091e+04	2.749403183273138040e-01
3.241288942970000062e+04	2.779148332082481687e-01
3.241308542970000053e+04	3.175455652847958277e-01
3.241328042970000024e+04	2.402097498760120686e-01
3.241347542969999995e+04	3.176307041471169157e-01
3.241367042969999966e+04	2.782487788701093478e-01
3.241386642969999957e+04	3.131291432729010893e-01
3.241406142969999928e+04	2.955048146045911039e-01
3.241425642969999899e+04	3.048219200003732254e-01
3.241445242969999890e+04	2.513093541884323656e-01
3.241464742969999861e+04	3.220619111721667593e-01
3.241484242969999832e+04	2.873574133110921025e-01
3.241503842970000187e+04	3.034935247836934025e-01
3.241523342970000158e+04	3.010285112786075246e-01
3.241542842970000129e+04	3.064538283259992113e-01
3.241562442970000120e+04	2.798788189257841452e-01
3.241581942970000091e+04	2.961494109760476334e-01
3.241601442970000062e+04	3.516174756986565342e-01
3.241621042970000053e+04	3.096549127384147226e-01
3.241640542970000024e+04	3.275305893496351928e-01
3.241660042969999995e+04	3.256350814571824515e-01
3.241679542969999966e+04	3.307121971801514348e-01
3.241699142969999957e+04	3.215942629402341879e-01
3.241718642969999928e+04	2.736884029089985404e-01
3.241738142969999899e+04	2.601116721711012048e-01
3.241757742969999890e+04	2.648211683734231769e-01
3.241777242969999861e+04	2.829992728848633732e-01
3.241796742969999832e+04	2.909079531316027811e-01
3.241816342970000187e+04	3.021950468227014852e-01
3.241835842970000158e+04	2.808517670894303819e-01
3.241855342970000129e+04	3.360675005349040845e-01
3.241874942970000120e+04	2.870740096496646743e-01
3.241894442970000091e+04	2.699767778698340948e-01
3.241913942970000062e+04	3.020726403221125622e-01
3.241933542970000053e+04	3.139088313230704586e-01
3.241953042970000024e+04	3.157032842140097273e-01
3.241972542969999995e+04	2.853039402554848891e-01
3.241992042969999966e+04	3.126852641085502427e-01
3.242011642969999957e+04	2.899078082823542957e-01
3.242031142969999928e+04	2.765369440016218761e-01
3.242050642969999899e+04	3.018242173950813623e-01
3.242070242969999890e+04	2.587893063811907979e-01
3.242089742969999861e+04	2.261392924442482411e-01
3.242109242969999832e+04	2.335064444131411676e-01
3.242128842970000187e+04	2.251991387461096394e-01
3.242148342970000158e+04	2.927520714357090270e-01
3.242167842970000129e+04	1.989121747726301237e-01
3.242187442970000120e+04	2.709068441676656391e-01
3.242206942970000091e+04	3.094401623178111294e-01
3.242226442970000062e+04	2.745498458613315762e-01
3.242246042970000053e+04	2.202714702789485557e-01
3.242265542970000024e+04	2.908899458671072580e-01
3.242285042969999995e+04	2.813201817809680705e-01
3.242304542969999966e+04	2.659629516415940031e-01
3.242324142969999957e+04	2.301077946808902652e-01
3.242343642969999928e+04	2.949609888446946826e-01
3.242363142969999899e+04	3.139028447539988775e-01
3.242382742969999890e+04	3.076068965266642863e-01
3.242402242969999861e+04	2.657658391600765668e-01
3.242421742969999832e+04	2.985908746999719199e-01
3.242441342970000187e+04	2.485216819146032208e-01
3.242460842970000158e+04	2.831722216384022772e-01
3.242480342970000129e+04	2.964759149971456509e-01
3.242499942970000120e+04	2.801623044797487694e-01
3.242519442970000091e+04	2.650951928678004776e-01
3.242538942970000062e+04	3.061514502111926106e-01
3.242558542970000053e+04	2.804109436757222795e-01
3.242578042970000024e+04	3.234624752785553170e-01
3.242597542969999995e+04	2.631035891514486025e-01
3.242617042969999966e+04	2.513562515993186253e-01
3.242636642969999957e+04	3.028862910261320707e-01
3.242656142969999928e+04	2.930114028283661298e-01
3.242675642969999899e+04	2.838135576228317802e-01
3.242695242969999890e+04	2.808841849714198702e-01
3.242714742969999861e+04	3.020342399778037645e-01
3.242734242969999832e+04	2.930570152562275155e-01
3.242753842970000187e+04	2.905093666077149805e-01
3.242773342970000158e+04	2.460536516347211489e-01
3.242792842970000129e+04	3.091906174849050615e-01
3.242812442970000120e+04	2.608413617898683867e-01
3.242831942970000091e+04	2.342465360476513325e-01
3.242851442970000062e+04	2.584214239283504355e-01
3.242871042970000053e+04	2.879602194485251232e-01
3.242890542970000024e+04	2.234547559184196786e-01
3.242910042969999995e+04	2.459213395397732427e-01
3.242929542969999966e+04	2.733291619748783319e-01
3.242949142969999957e+04	2.782860189564644315e-01
3.242968642969999928e+04	2.575053292530995463e-01
3.242988142969999899e+04	2.279954337355363236e-01
3.243007742969999890e+04	2.802115517049319493e-01
3.243027242969999861e+04	2.704057712109353417e-01
3.243046742969999832e+04	2.261019744350925009e-01
3.243066342970000187e+04	2.279364572317952309e-01
3.243085842970000158e+04	2.628740231088535495e-01
3.243105342970000129e+04	2.509654199316369017e-01
3.243124942970000120e+04	3.094401623178111294e-01
3.243144442970000091e+04	2.222375991668137374e-01
3.243163942970000062e+04	2.350768440459827247e-01
3.243183542970000053e+04	2.642130012244550130e-01
3.243203042970000024e+04	2.869191084579352236e-01
3.243222542969999995e+04	2.549516260128665834e-01
3.243242042969999966e+04	2.684446309563206512e-01
3.243261642969999957e+04	2.573298063481299636e-01
3.243281142969999928e+04	2.319780727516373986e-01
3.243300642969999899e+04	2.426759503875821622e-01
3.243320242969999890e+04	2.287826285184113573e-01
3.243339742969999861e+04	2.948193564725407612e-01
3.243359242969999832e+04	2.536193497605214731e-01
3.243378842970000187e+04	2.752394638166588692e-01
3.243398342970000158e+04	2.391534143125930711e-01
3.243417842970000129e+04	2.476978338415296577e-01
3.243437442970000120e+04	2.140024076149256160e-01
3.243456942970000091e+04	2.296925511868366243e-01
3.243476442970000062e+04	2.535339710969317650e-01
3.243496042970000053e+04	2.744741573145859093e-01
3.243515542970000024e+04	2.213575008703401181e-01
3.243535042969999995e+04	2.488752678759489356e-01
3.243554542969999966e+04	2.729795349067742904e-01
3.243574142969999957e+04	2.434374181064935527e-01
3.243593642969999928e+04	2.265413596950303088e-01
3.243613142969999899e+04	2.186026018589934949e-01
3.243632742969999890e+04	2.356087265418871368e-01
3.243652242969999861e+04	2.636973597531255820e-01
3.243671742969999832e+04	2.298466192801296160e-01
3.243691342970000187e+04	2.675577472755730213e-01
3.243710842970000158e+04	2.559892502109661905e-01
3.243730342970000129e+04	2.877332650272830250e-01
3.243749942970000120e+04	2.560205127390791091e-01
3.243769442970000091e+04	2.364895218626212881e-01
3.243788942970000062e+04	2.473153650304720230e-01
3.243808542970000053e+04	2.875147151341312934e-01
3.243828042970000024e+04	2.295047981524955816e-01
3.243847542969999995e+04	2.341647193528153537e-01
3.243867042969999966e+04	2.784013400788438730e-01
3.243886642969999957e+04	2.656180115190451829e-01
3.243906142969999928e+04	2.569907676984612976e-01
3.243925642969999899e+04	3.025538818123791884e-01
3.243945242969999890e+04	2.418170225504763238e-01
3.243964742969999861e+04	2.494116601765412611e-01
3.243984242969999832e+04	2.566889864789079212e-01
3.244003842970000187e+04	2.566877884763041351e-01
3.244023342970000158e+04	2.783520892746906839e-01
3.244042842970000129e+04	2.521980348022623275e-01
3.244062442970000120e+04	3.044895057278118600e-01
3.244081942970000091e+04	2.800469915095646911e-01
3.244101442970000062e+04	2.847755306323289659e-01
3.244121042970000053e+04	2.647586756652913209e-01
3.244140542970000024e+04	2.615361501997082172e-01
3.244160042969999995e+04	2.569246407342831162e-01
3.244179542969999966e+04	2.908707319158825300e-01
3.244199142969999957e+04	2.447630156620501651e-01
3.244218642969999928e+04	2.703997638481219212e-01
3.244238142969999899e+04	2.773213909287370882e-01
3.244257742969999890e+04	2.694949166753541903e-01
3.244277242969999861e+04	2.893302672593840441e-01
3.244296742969999832e+04	2.240723553651147171e-01
3.244316342970000187e+04	2.630050269635653137e-01
3.244335842970000158e+04	2.655098476705006760e-01
3.244355342970000129e+04	2.574031510306813431e-01
3.244374942970000120e+04	2.500418304673637238e-01
3.244394442970000091e+04	3.141331463059575668e-01
3.244413942970000062e+04	2.638187676781953428e-01
3.244433542970000053e+04	2.594541123037981123e-01
3.244453042970000024e+04	2.674183333187016842e-01
3.244472542969999995e+04	2.614820749674215961e-01
3.244492042969999966e+04	3.035739184656307543e-01
3.244511642969999957e+04	2.901563501900419340e-01
3.244531142969999928e+04	2.258383581826333142e-01
3.244550642969999899e+04	2.459069159705418173e-01
3.244570242969999890e+04	2.536205479105078098e-01
3.244589742969999861e+04	2.184135449476549695e-01
3.244609242969999832e+04	2.075510877076958138e-01
3.244628842970000187e+04	3.214539358522294776e-01
3.244648342970000158e+04	2.153813434115150471e-01
3.244667842970000129e+04	2.449783243313028436e-01
3.244687442970000120e+04	2.715761368213733817e-01
3.244706942970000091e+04	2.577361633323214107e-01
3.244726442970000062e+04	2.334077755869188309e-01
3.244746042970000053e+04	2.434674873948381446e-01
3.244765542970000024e+04	2.578912460340081481e-01
3.244785042969999995e+04	2.277318374620218577e-01
3.244804542969999966e+04	2.726791444078777715e-01
3.244824142969999957e+04	2.410049716901880856e-01
3.244843642969999928e+04	2.324715032528814618e-01
3.244863142969999899e+04	2.569246407342831162e-01
3.244882742969999890e+04	2.200715867741447340e-01
3.244902242969999861e+04	2.229816235888115727e-01
3.244921742969999832e+04	2.413033257658518949e-01
3.244941342970000187e+04	2.407607549973285188e-01
3.244960842970000158e+04	2.229443008632241430e-01
3.244980342970000129e+04	2.344896173969672759e-01
3.244999942970000120e+04	2.408606038679046435e-01
3.245019442970000091e+04	2.036766092692676722e-01
3.245038942970000062e+04	2.455689102574325489e-01
3.245058542970000053e+04	2.541880926945907504e-01
3.245078042970000024e+04	2.244118413825795244e-01
3.245097542969999995e+04	2.451984460261016352e-01
3.245117042969999966e+04	2.086725937925599794e-01
3.245136642969999957e+04	2.680588774923098327e-01
3.245156142969999928e+04	2.293748072981571795e-01
3.245175642969999899e+04	2.454366162570345011e-01
3.245195242969999890e+04	2.261826387567484886e-01
3.245214742969999861e+04	2.425965586704457166e-01
3.245234242969999832e+04	2.357639468141936590e-01
3.245253842970000187e+04	1.955750979037453874e-01
3.245273342970000158e+04	2.318047686236219818e-01
3.245292842970000129e+04	2.357892086490842587e-01
3.245312442970000120e+04	2.176163933759216462e-01
3.245331942970000091e+04	2.357362765999226895e-01
3.245351442970000062e+04	2.251040459994442244e-01
3.245371042970000053e+04	2.719894762313721515e-01
3.245390542970000024e+04	2.560012718815194432e-01
3.245410042969999995e+04	2.935264378732398427e-01
3.245429542969999966e+04	2.242529208469150603e-01
3.245449142969999957e+04	2.406681086946989012e-01
3.245468642969999928e+04	2.432353226162682347e-01
3.245488142969999899e+04	2.169805840128979924e-01
3.245507742969999890e+04	2.550429902332513876e-01
3.245527242969999861e+04	2.569667149779153448e-01
3.245546742969999832e+04	2.822606369612472577e-01
3.245566342970000187e+04	2.289499259261518205e-01
3.245585842970000158e+04	1.864618604124821388e-01
3.245605342970000129e+04	2.735766721851042860e-01
3.245624942970000120e+04	2.340407688752996762e-01
3.245644442970000091e+04	2.663487375423763126e-01
3.245663942970000062e+04	2.301763912823062697e-01
3.245683542970000053e+04	2.621600152213723334e-01
3.245703042970000024e+04	2.631420495684757554e-01
3.245722542969999995e+04	2.166626680945569206e-01
3.245742042969999966e+04	2.196236789173191539e-01
3.245761642969999957e+04	2.400256619744745024e-01
3.245781142969999928e+04	2.009703659529300523e-01
3.245800642969999899e+04	2.569546937726912006e-01
3.245820242969999890e+04	2.087653588085895962e-01
3.245839742969999861e+04	2.715749188910425715e-01
3.245859242969999832e+04	2.234944977575725744e-01
3.245878842970000187e+04	2.183653857860239356e-01
3.245898342970000158e+04	2.084208382558863093e-01
3.245917842970000129e+04	2.158197068870641999e-01
3.245937442970000120e+04	1.881316626905960021e-01
3.245956942970000091e+04	2.437610072119973381e-01
3.245976442970000062e+04	2.098217588876831741e-01
3.245996042970000053e+04	2.466791024685228706e-01
3.246015542970000024e+04	2.182943467158455775e-01
3.246035042969999995e+04	1.927643445914473119e-01
3.246054542969999966e+04	2.165518920561844141e-01
3.246074142969999957e+04	2.271720971538631062e-01
3.246093642969999928e+04	2.323174616878134202e-01
3.246113142969999899e+04	2.027548716789908667e-01
3.246132742969999890e+04	1.409931991550763541e-01
3.246152242969999861e+04	2.139530295544389560e-01
3.246171742969999832e+04	2.337351023631448754e-01
3.246191342970000187e+04	2.080594358035732228e-01
3.246210842970000158e+04	2.079088654287417626e-01
3.246230342970000129e+04	2.140457749825390721e-01
3.246249942970000120e+04	1.852959413110628617e-01
3.246269442970000091e+04	1.682290373292989472e-01
3.246288942970000062e+04	1.767301667972311918e-01
3.246308542970000053e+04	2.072956887147157090e-01
3.246328042970000024e+04	2.228443803409376756e-01
3.246347542969999995e+04	2.439137692405211055e-01
3.246367042969999966e+04	1.666966624741750280e-01
3.246386642969999957e+04	2.657442106857388353e-01
3.246406142969999928e+04	1.907223569055815915e-01
3.246425642969999899e+04	1.905415284694882416e-01
3.246445242969999890e+04	2.175501620490543075e-01
3.246464742969999861e+04	2.231429514372056389e-01
3.246484242969999832e+04	2.313077272857348987e-01
3.246503842970000187e+04	2.447185030132743577e-01
