# time(sec)	crack length FEA(mm)
5.187402242970000225e+04	2.502955841571719020e-01
5.187421742970000196e+04	2.164651866288469506e-01
5.187441342969999823e+04	2.439089644425802561e-01
5.187460842969999794e+04	2.088906350108210574e-01
5.187480342969999765e+04	2.173045160451714253e-01
5.187499942970000120e+04	2.637574597957108580e-01
5.187519442970000091e+04	2.844380618286219686e-01
5.187538942970000062e+04	2.788878374482290923e-01
5.187558542969999689e+04	2.770306805727109634e-01
5.187578042969999660e+04	2.025114918500570127e-01
5.187597542970000359e+04	2.607752450352780471e-01
5.187617042970000330e+04	2.545656534168116991e-01
5.187636642969999957e+04	2.277294179964055587e-01
5.187656142969999928e+04	2.665494483253603164e-01
5.187675642969999899e+04	1.966851010885850570e-01
5.187695242970000254e+04	2.330010222856504498e-01
5.187714742970000225e+04	2.777574707399139697e-01
5.187734242970000196e+04	2.539079266541115487e-01
5.187753842969999823e+04	2.065427633907006566e-01
5.187773342969999794e+04	2.386228268617340831e-01
5.187792842969999765e+04	2.594144379998262195e-01
5.187812442970000120e+04	2.241722709770890276e-01
5.187831942970000091e+04	2.304688681214805968e-01
5.187851442970000062e+04	2.433026845171060160e-01
5.187871042969999689e+04	2.557103127779836171e-01
5.187890542969999660e+04	2.371416924565714623e-01
5.187910042970000359e+04	2.494164639151268403e-01
5.187929542970000330e+04	2.341057470774199345e-01
5.187949142969999957e+04	2.064728911355828700e-01
5.187968642969999928e+04	2.647851057740844283e-01
5.187988142969999899e+04	2.512227693537063544e-01
5.188007742970000254e+04	2.269385813911029004e-01
5.188027242970000225e+04	2.385157447840864364e-01
5.188046742970000196e+04	2.201450409934224695e-01
5.188066342969999823e+04	2.316362807922622835e-01
5.188085842969999794e+04	2.436238677763231664e-01
5.188105342969999765e+04	2.529832479388609556e-01
5.188124942970000120e+04	2.477471452364987670e-01
5.188144442970000091e+04	2.451142371015908594e-01
5.188163942970000062e+04	2.233295526827454580e-01
5.188183542969999689e+04	2.566048369836426701e-01
5.188203042969999660e+04	2.645291145378294573e-01
5.188222542970000359e+04	2.414224349176556927e-01
5.188242042970000330e+04	2.444045667273755384e-01
5.188261642969999957e+04	2.526213121487419500e-01
5.188281142969999928e+04	2.284179222826860922e-01
5.188300642969999899e+04	2.307528951089068414e-01
5.188320242970000254e+04	2.310658245358805374e-01
5.188339742970000225e+04	2.620277988552111026e-01
5.188359242970000196e+04	2.404467482615366691e-01
5.188378842969999823e+04	2.896520647533318282e-01
5.188398342969999794e+04	2.498337864659063712e-01
5.188417842969999765e+04	3.015145563618055746e-01
5.188437442970000120e+04	2.982860089901979705e-01
5.188456942970000091e+04	2.460825192592341892e-01
5.188476442970000062e+04	2.781742985303878868e-01
5.188496042969999689e+04	2.605228060810347301e-01
5.188515542969999660e+04	2.343620609710299618e-01
5.188535042970000359e+04	2.334691374088055937e-01
5.188554542970000330e+04	2.085087718998615003e-01
5.188574142969999957e+04	2.192215106870261110e-01
5.188593642969999928e+04	2.808961946407322330e-01
5.188613142969999899e+04	2.519623358893525733e-01
5.188632742970000254e+04	2.452621966425567734e-01
5.188652242970000225e+04	2.472720760518303251e-01
5.188671742970000196e+04	2.174550298486259692e-01
5.188691342969999823e+04	1.962102610882396903e-01
5.188710842969999794e+04	1.868802353830449903e-01
5.188730342969999765e+04	2.286839203510702134e-01
5.188749942970000120e+04	2.055066843687285427e-01
5.188769442970000091e+04	2.253050887637702004e-01
5.188788942970000062e+04	2.365135943279526032e-01
5.188808542969999689e+04	2.181257574096218121e-01
5.188828042969999660e+04	2.120464735473515105e-01
5.188847542970000359e+04	2.955924212153249186e-01
5.188867042970000330e+04	2.050163537393512314e-01
5.188886642969999957e+04	2.592581668908184866e-01
5.188906142969999928e+04	2.399823603509219083e-01
5.188925642969999899e+04	2.115622823191785074e-01
5.188945242970000254e+04	2.320575085773253221e-01
5.188964742970000225e+04	2.088508906422816835e-01
5.188984242970000196e+04	2.013656031660921997e-01
5.189003842969999823e+04	1.540069740429572676e-01
5.189023342969999794e+04	1.688479907915141354e-01
5.189042842969999765e+04	2.447004623488897579e-01
5.189062442970000120e+04	2.114069116346417587e-01
5.189081942970000091e+04	2.039778104212270904e-01
5.189101442970000062e+04	2.255867651343876901e-01
5.189121042969999689e+04	2.619328359923258631e-01
5.189140542969999660e+04	1.569271153313280820e-01
5.189160042970000359e+04	1.889623021484041487e-01
5.189179542970000330e+04	2.122921815676299673e-01
5.189199142969999957e+04	2.082762820407335624e-01
5.189218642969999928e+04	2.369106677936549943e-01
5.189238142969999899e+04	2.098759668030414360e-01
5.189257742970000254e+04	2.525130815852207888e-01
5.189277242970000225e+04	1.779604071428018131e-01
5.189296742970000196e+04	1.908465223163560154e-01
5.189316342969999823e+04	2.841918665123195353e-01
5.189335842969999794e+04	1.763031884927031001e-01
5.189355342969999765e+04	2.362633181082056666e-01
5.189374942970000120e+04	2.087810041404623007e-01
5.189394442970000091e+04	2.330864608762155399e-01
5.189413942970000062e+04	1.761970411225117772e-01
5.189433542969999689e+04	2.044681717580196789e-01
5.189453042969999660e+04	2.593843879253938667e-01
5.189472542970000359e+04	2.229719955926157127e-01
5.189492042970000330e+04	2.448087268046332809e-01
5.189511642969999957e+04	2.259358574337415604e-01
5.189531142969999928e+04	1.911948987363683017e-01
5.189550642969999899e+04	2.045886467717465962e-01
5.189570242970000254e+04	2.013595688200648937e-01
5.189589742970000225e+04	2.245924250928865717e-01
5.189609242970000196e+04	2.285719878984622255e-01
5.189628842969999823e+04	2.336616880903825688e-01
5.189648342969999794e+04	2.398355889908359018e-01
5.189667842969999765e+04	1.997966966516369069e-01
5.189687442970000120e+04	2.080558347908283423e-01
5.189706942970000091e+04	1.803000944865402744e-01
5.189726442970000062e+04	2.315676882001156400e-01
5.189746042969999689e+04	2.049850273085311869e-01
5.189765542969999660e+04	2.114743594120440662e-01
5.189785042970000359e+04	2.402602748589757198e-01
5.189804542970000330e+04	2.236907241008658787e-01
5.189824142969999957e+04	2.302341632248960934e-01
5.189843642969999928e+04	2.157065064831780177e-01
5.189863142969999899e+04	2.133881802265236161e-01
5.189882742970000254e+04	1.751271499855953095e-01
5.189902242970000225e+04	2.248717000962940915e-01
5.189921742970000196e+04	2.107070952884910753e-01
5.189941342969999823e+04	2.198753320104955833e-01
5.189960842969999794e+04	2.313847564699536008e-01
5.189980342969999765e+04	2.182750767643568679e-01
5.189999942970000120e+04	2.753524048302793403e-01
5.190019442970000091e+04	2.440039959409983084e-01
5.190038942970000062e+04	2.351454476737036003e-01
5.190058542969999689e+04	2.627910818667356097e-01
5.190078042969999660e+04	2.884513366590120143e-01
5.190097542970000359e+04	2.903304456249031773e-01
5.190117042970000330e+04	2.385698801491553667e-01
5.190136642969999957e+04	2.316086060042046313e-01
5.190156142969999928e+04	2.377096121094428582e-01
5.190175642969999899e+04	2.596644924553856981e-01
5.190195242970000254e+04	2.672873320073936299e-01
5.190214742970000225e+04	2.158738914553222088e-01
5.190234242970000196e+04	2.570929476103778200e-01
5.190253842969999823e+04	2.379201756734250495e-01
5.190273342969999794e+04	1.846689527920943874e-01
5.190292842969999765e+04	2.441639687737211517e-01
5.190312442970000120e+04	2.493094281356711406e-01
5.190331942970000091e+04	2.483761591639570554e-01
5.190351442970000062e+04	2.749919701233043412e-01
5.190371042969999689e+04	2.295409014336673437e-01
5.190390542969999660e+04	2.424774551210262530e-01
5.190410042970000359e+04	2.470519623149698418e-01
5.190429542970000330e+04	2.714018999287262091e-01
5.190449142969999957e+04	2.745835000485907784e-01
5.190468642969999928e+04	2.955395953733805925e-01
5.190488142969999899e+04	2.470279000102912903e-01
5.190507742970000254e+04	2.194924368574096007e-01
5.190527242970000225e+04	2.412347493904558604e-01
5.190546742970000196e+04	2.798067578797756028e-01
5.190566342969999823e+04	2.398608467064438088e-01
5.190585842969999794e+04	2.297467263595045495e-01
5.190605342969999765e+04	2.350323347963154674e-01
5.190624942970000120e+04	1.873371702898261049e-01
5.190644442970000091e+04	2.325364752005008029e-01
5.190663942970000062e+04	2.830521253425537509e-01
5.190683542969999689e+04	3.011053253219149184e-01
5.190703042969999660e+04	2.698073605738393610e-01
5.190722542970000359e+04	2.681285776154709311e-01
5.190742042970000330e+04	2.397056415672444984e-01
5.190761642969999957e+04	2.421731112470570935e-01
5.190781142969999928e+04	2.171250899118781774e-01
5.190800642969999899e+04	2.652923106521516416e-01
5.190820242970000254e+04	2.478289277584355688e-01
5.190839742970000225e+04	2.462364862472998794e-01
5.190859242970000196e+04	2.209782275771505766e-01
5.190878842969999823e+04	2.687606906121953187e-01
5.190898342969999794e+04	2.582988124496754523e-01
5.190917842969999765e+04	2.927076650337490094e-01
5.190937442970000120e+04	2.214056542667126593e-01
5.190956942970000091e+04	2.393362891405175219e-01
5.190976442970000062e+04	2.607043265410968758e-01
5.190996042969999689e+04	2.322368171743587340e-01
5.191015542969999660e+04	2.235245910675676129e-01
5.191035042970000359e+04	2.199487661209413858e-01
5.191054542970000330e+04	2.325689766173173467e-01
5.191074142969999957e+04	2.387226842834486717e-01
5.191093642969999928e+04	2.301354711318914781e-01
5.191113142969999899e+04	2.100518338957648723e-01
5.191132742970000254e+04	2.154271083549748056e-01
5.191152242970000225e+04	2.290931632959463116e-01
5.191171742970000196e+04	2.484459246493280205e-01
5.191191342969999823e+04	2.372307240283220153e-01
5.191210842969999794e+04	1.796283729257588391e-01
5.191230342969999765e+04	2.176188138208985379e-01
5.191249942970000120e+04	2.191853924920845742e-01
5.191269442970000091e+04	2.088195586665069214e-01
5.191288942970000062e+04	2.283926426516025288e-01
5.191308542969999689e+04	2.583937891526275621e-01
5.191328042969999660e+04	2.768564921375098464e-01
5.191347542970000359e+04	1.978251896468847804e-01
5.191367042970000330e+04	2.456434880563396206e-01
5.191386642969999957e+04	2.194358398639106866e-01
5.191406142969999928e+04	1.897868872663526219e-01
5.191425642969999899e+04	2.080546241053902179e-01
5.191445242970000254e+04	2.033645373294650227e-01
5.191464742970000225e+04	2.843251723194875069e-01
5.191484242970000196e+04	2.462316612326294063e-01
5.191503842969999823e+04	1.544391646492684345e-01
5.191523342969999794e+04	1.998400783070852782e-01
5.191542842969999765e+04	2.473201691726387708e-01
5.191562442970000120e+04	2.300103013723759915e-01
5.191581942970000091e+04	2.532850636664107924e-01
5.191601442970000062e+04	2.448111342833776405e-01
5.191621042969999689e+04	2.085834604122904778e-01
5.191640542969999660e+04	2.190673874071524807e-01
5.191660042970000359e+04	2.198139161056751334e-01
5.191679542970000330e+04	2.107877886155034020e-01
5.191699142969999957e+04	1.902088206160392758e-01
5.191718642969999928e+04	1.964621395340397925e-01
5.191738142969999899e+04	1.866318646009901272e-01
5.191757742970000254e+04	1.924883037034597066e-01
5.191777242970000225e+04	1.787431381821296128e-01
5.191796742970000196e+04	2.170696874626703021e-01
5.191816342969999823e+04	1.864317121230705254e-01
5.191835842969999794e+04	1.886621111307373866e-01
5.191855342969999765e+04	1.288584878449299254e-01
5.191874942970000120e+04	2.214947419422692576e-01
5.191894442970000091e+04	1.926317500872301025e-01
5.191913942970000062e+04	1.580352135806979419e-01
5.191933542969999689e+04	1.618129659984930413e-01
5.191953042969999660e+04	2.009980850319141865e-01
5.191972542970000359e+04	2.250125514622389744e-01
5.191992042970000330e+04	2.052392390753876583e-01
5.192011642969999957e+04	2.097494952804641599e-01
5.192031142969999928e+04	2.311055335928084986e-01
5.192050642969999899e+04	2.040175728834885405e-01
5.192070242970000254e+04	2.095603714093474679e-01
5.192089742970000225e+04	2.121596905244782505e-01
5.192109242970000196e+04	2.276487793480885813e-01
5.192128842969999823e+04	1.819703180200633597e-01
5.192148342969999794e+04	2.116983873629330049e-01
5.192167842969999765e+04	2.202184846541062058e-01
5.192187442970000120e+04	2.480454187267113753e-01
5.192206942970000091e+04	2.184039151914447530e-01
5.192226442970000062e+04	1.526065369716107512e-01
5.192246042969999689e+04	1.930126338323745472e-01
5.192265542969999660e+04	1.849595490494380101e-01
5.192285042970000359e+04	1.522962653159183333e-01
5.192304542970000330e+04	1.323796539690924590e-01
5.192324142969999957e+04	1.807258133806470823e-01
5.192343642969999928e+04	2.027741535944080908e-01
5.192363142969999899e+04	1.783571991926038436e-01
5.192382742970000254e+04	1.744769973266286911e-01
5.192402242970000225e+04	1.383381831066543555e-01
5.192421742970000196e+04	1.717121033040847067e-01
5.192441342969999823e+04	1.535216697771950578e-01
5.192460842969999794e+04	2.053572990923093755e-01
5.192480342969999765e+04	1.608607306431828476e-01
5.192499942970000120e+04	2.179234570160719642e-01
5.192519442970000091e+04	1.997063205489961746e-01
5.192538942970000062e+04	1.771921149159165765e-01
5.192558542969999689e+04	1.983590454585026919e-01
5.192578042969999660e+04	1.434716213133828688e-01
5.192597542970000359e+04	1.629486095949062019e-01
5.192617042970000330e+04	1.814240446567172427e-01
5.192636642969999957e+04	1.803242210986883975e-01
5.192656142969999928e+04	1.719823318451645378e-01
5.192675642969999899e+04	1.504586479376790464e-01
5.192695242970000254e+04	1.937261980160940311e-01
5.192714742970000225e+04	1.638476605774012995e-01
5.192734242970000196e+04	2.095278607497359502e-01
5.192753842969999823e+04	1.882908025450547029e-01
5.192773342969999794e+04	2.186290808833000199e-01
5.192792842969999765e+04	1.809561353081647894e-01
5.192812442970000120e+04	1.871418598846634751e-01
5.192831942970000091e+04	1.582512699272591306e-01
5.192851442970000062e+04	1.933525520976768775e-01
5.192871042969999689e+04	1.853682859266907457e-01
5.192890542969999660e+04	1.711668186867054686e-01
5.192910042970000359e+04	2.258335395651673849e-01
5.192929542970000330e+04	1.708869332953444342e-01
5.192949142969999957e+04	2.128642769905084720e-01
5.192968642969999928e+04	2.160894596350892982e-01
5.192988142969999899e+04	1.691110058883698031e-01
5.193007742970000254e+04	1.860350479782546529e-01
5.193027242970000225e+04	2.198620828191408805e-01
5.193046742970000196e+04	1.678501706964201645e-01
5.193066342969999823e+04	1.875023321711406510e-01
5.193085842969999794e+04	2.068608080049685327e-01
5.193105342969999765e+04	2.063644707821961077e-01
5.193124942970000120e+04	2.194129714151582533e-01
5.193144442970000091e+04	2.398235595297393274e-01
5.193163942970000062e+04	1.968369502593692033e-01
5.193183542969999689e+04	2.061584532234643774e-01
5.193203042969999660e+04	2.016463487295858670e-01
5.193222542970000359e+04	2.401832833837040937e-01
5.193242042970000330e+04	2.373979855248453674e-01
5.193261642969999957e+04	2.010101331955773674e-01
5.193281142969999928e+04	2.195333640990675406e-01
5.193300642969999899e+04	2.821189220039599377e-01
5.193320242970000254e+04	2.048838241441650609e-01
5.193339742970000225e+04	2.398668614287320366e-01
5.193359242970000196e+04	2.574464224333024021e-01
5.193378842969999823e+04	2.002136273736745409e-01
5.193398342969999794e+04	1.965151755149978641e-01
5.193417842969999765e+04	2.320382492377941475e-01
5.193437442970000120e+04	2.317638511408972590e-01
5.193456942970000091e+04	2.141132156416407639e-01
5.193476442970000062e+04	2.714848125241431376e-01
5.193496042969999689e+04	2.804157414447487895e-01
5.193515542969999660e+04	2.537732599183062376e-01
5.193535042970000359e+04	2.455304227359285107e-01
5.193554542970000330e+04	2.014089717508014132e-01
5.193574142969999957e+04	2.402999796316791503e-01
5.193593642969999928e+04	2.980171334909798020e-01
5.193613142969999899e+04	2.186688200538533522e-01
5.193632742970000254e+04	2.048043122594478405e-01
5.193652242970000225e+04	1.908103527710700575e-01
5.193671742970000196e+04	2.174285495805428070e-01
5.193691342969999823e+04	2.255879749709794879e-01
5.193710842969999794e+04	2.372740510958397664e-01
5.193730342969999765e+04	2.004883720095875788e-01
5.193749942970000120e+04	2.111515520182152272e-01
5.193769442970000091e+04	2.270637665429546814e-01
5.193788942970000062e+04	2.387756306719737154e-01
5.193808542969999689e+04	2.111479411042456178e-01
5.193828042969999660e+04	2.400076282525471782e-01
5.193847542970000359e+04	2.265666205193603844e-01
5.193867042970000330e+04	2.419132607260543466e-01
5.193886642969999957e+04	2.360924520357237100e-01
5.193906142969999928e+04	2.360960490106442933e-01
5.193925642969999899e+04	2.490039691947210088e-01
5.193945242970000254e+04	2.561383329752349169e-01
5.193964742970000225e+04	2.649858291468039084e-01
5.193984242970000196e+04	2.705908220488097982e-01
5.194003842969999823e+04	2.485625822708215082e-01
5.194023342969999794e+04	1.948615967845945818e-01
5.194042842969999765e+04	2.388033078532192377e-01
5.194062442970000120e+04	2.099819714439661311e-01
5.194081942970000091e+04	2.020174592236543276e-01
5.194101442970000062e+04	2.214574169958893890e-01
5.194121042969999689e+04	2.543937144908703374e-01
5.194140542969999660e+04	2.874450692298964327e-01
5.194160042970000359e+04	2.639774158369370127e-01
5.194179542970000330e+04	2.209746180823497497e-01
5.194199142969999957e+04	2.238171251079830171e-01
5.194218642969999928e+04	2.471241284266660898e-01
5.194238142969999899e+04	2.308335444138354120e-01
5.194257742970000254e+04	2.844644917028205100e-01
5.194277242970000225e+04	2.442325474347164516e-01
5.194296742970000196e+04	2.791869355410518949e-01
5.194316342969999823e+04	2.536145468311161721e-01
5.194335842969999794e+04	2.485469411725738098e-01
5.194355342969999765e+04	2.333933447861529231e-01
5.194374942970000120e+04	2.685984496335755978e-01
5.194394442970000091e+04	2.110274873371906779e-01
5.194413942970000062e+04	2.402638815679036810e-01
5.194433542969999689e+04	2.309466659715191383e-01
5.194453042969999660e+04	2.477158826705601058e-01
5.194472542970000359e+04	2.339047854695941453e-01
5.194492042970000330e+04	1.966344879443902016e-01
5.194511642969999957e+04	2.119645737860622603e-01
5.194531142969999928e+04	2.259695565773505166e-01
5.194550642969999899e+04	1.857902937450273129e-01
5.194570242970000254e+04	2.267363523299295025e-01
5.194589742970000225e+04	2.069475467433221638e-01
5.194609242970000196e+04	2.452128906695136834e-01
5.194628842969999823e+04	2.371934225876888291e-01
5.194648342969999794e+04	1.925955831213883584e-01
5.194667842969999765e+04	2.339324680503711562e-01
5.194687442970000120e+04	2.149032478445995764e-01
5.194706942970000091e+04	2.510700417324844835e-01
5.194726442970000062e+04	2.315014938440302927e-01
5.194746042969999689e+04	2.150128415300329721e-01
5.194765542969999660e+04	2.119862489005814865e-01
5.194785042970000359e+04	2.507946648060332961e-01
5.194804542970000330e+04	2.610421065888512970e-01
5.194824142969999957e+04	2.222460277894793279e-01
5.194843642969999928e+04	2.421526610078466035e-01
5.194863142969999899e+04	2.380561268784742168e-01
5.194882742970000254e+04	2.600708113993839277e-01
5.194902242970000225e+04	2.108937997376880702e-01
5.194921742970000196e+04	2.211528065313466129e-01
5.194941342969999823e+04	2.254326811079092607e-01
5.194960842969999794e+04	2.270228516333627766e-01
5.194980342969999765e+04	1.854563109688260880e-01
5.194999942970000120e+04	2.427974399961243535e-01
5.195019442970000091e+04	2.432569706161906709e-01
5.195038942970000062e+04	2.031512812740992047e-01
5.195058542969999689e+04	2.230622979847307619e-01
5.195078042969999660e+04	2.124258616907415131e-01
5.195097542970000359e+04	2.418759662811282851e-01
5.195117042970000330e+04	2.341322096757174620e-01
5.195136642969999957e+04	2.504964241788893986e-01
5.195156142969999928e+04	2.547772729019328608e-01
5.195175642969999899e+04	2.261248574437146885e-01
5.195195242970000254e+04	1.995291696053058672e-01
5.195214742970000225e+04	2.055488660143804935e-01
5.195234242970000196e+04	1.685077398045962127e-01
5.195253842969999823e+04	2.402843333545057192e-01
5.195273342969999794e+04	2.379923578559228758e-01
5.195292842969999765e+04	2.184966441075815169e-01
5.195312442970000120e+04	2.443961352471468729e-01
5.195331942970000091e+04	2.493274757990384671e-01
5.195351442970000062e+04	1.965224015681172887e-01
5.195371042969999689e+04	2.067487674356449645e-01
5.195390542969999660e+04	2.106456672023409027e-01
5.195410042970000359e+04	1.758930914165475201e-01
5.195429542970000330e+04	2.409941415489509353e-01
5.195449142969999957e+04	2.280435846803197109e-01
5.195468642969999928e+04	1.871768126779329577e-01
5.195488142969999899e+04	1.795656460869938797e-01
5.195507742970000254e+04	2.018993834432443180e-01
5.195527242970000225e+04	1.950194928966642038e-01
5.195546742970000196e+04	1.862207248646559066e-01
5.195566342969999823e+04	2.291725979579339878e-01
5.195585842969999794e+04	2.233416004319650483e-01
5.195605342969999765e+04	1.955268947455230943e-01
5.195624942970000120e+04	1.871888778530212960e-01
5.195644442970000091e+04	2.276066349785192955e-01
5.195663942970000062e+04	1.501411102785628060e-01
5.195683542969999689e+04	1.811032733853323862e-01
5.195703042969999660e+04	2.079546337033111314e-01
5.195722542970000359e+04	1.628568771946437010e-01
5.195742042970000330e+04	1.772138305260799740e-01
5.195761642969999957e+04	1.702945707590703961e-01
5.195781142969999928e+04	1.889478353187268311e-01
5.195800642969999899e+04	1.937406724381691703e-01
5.195820242970000254e+04	1.883474700488356746e-01
5.195839742970000225e+04	2.209565602581307076e-01
5.195859242970000196e+04	1.641143458487306361e-01
5.195878842969999823e+04	2.075655437859857955e-01
5.195898342969999794e+04	2.170275459356929559e-01
5.195917842969999765e+04	1.729667133944641222e-01
5.195937442970000120e+04	1.771860954614865591e-01
5.195956942970000091e+04	2.220040269403007471e-01
5.195976442970000062e+04	2.436635568661937867e-01
5.195996042969999689e+04	2.197561200641455770e-01
5.196015542969999660e+04	2.128835407675637725e-01
5.196035042970000359e+04	2.241361495956866179e-01
5.196054542970000330e+04	1.841577056555792069e-01
5.196074142969999957e+04	2.099060868594531115e-01
5.196093642969999928e+04	2.249126392103626415e-01
5.196113142969999899e+04	1.766770992532329387e-01
5.196132742970000254e+04	2.665950989115390968e-01
5.196152242970000225e+04	1.944795298329182742e-01
5.196171742970000196e+04	1.598541533033337458e-01
5.196191342969999823e+04	2.331875499091253801e-01
5.196210842969999794e+04	2.596368384043437061e-01
5.196230342969999765e+04	2.101915685606705608e-01
5.196249942970000120e+04	2.149429929387736138e-01
5.196269442970000091e+04	2.355629985504279489e-01
5.196288942970000062e+04	2.154379495860929694e-01
5.196308542969999689e+04	1.726977078651401598e-01
5.196328042969999660e+04	2.180559175160805552e-01
5.196347542970000359e+04	1.532246732049316051e-01
5.196367042970000330e+04	2.066343255527396394e-01
5.196386642969999957e+04	2.047247897728752264e-01
5.196406142969999928e+04	2.037139400697078884e-01
5.196425642969999899e+04	2.259779839412345837e-01
5.196445242970000254e+04	2.122283364087262925e-01
5.196464742970000225e+04	1.781630308761084081e-01
5.196484242970000196e+04	1.723647525307647754e-01
5.196503842969999823e+04	2.074294162466117086e-01
5.196523342969999794e+04	1.725083142199146380e-01
5.196542842969999765e+04	1.800673424464527272e-01
5.196562442970000120e+04	1.753261805494670256e-01
5.196581942970000091e+04	2.054681350842262333e-01
5.196601442970000062e+04	2.241638430041366092e-01
5.196621042969999689e+04	2.206615622362129159e-01
5.196640542969999660e+04	1.589066750784535742e-01
5.196660042970000359e+04	1.842469467909868541e-01
5.196679542970000330e+04	2.127390103488373541e-01
5.196699142969999957e+04	1.933718412595464287e-01
5.196718642969999928e+04	2.063030216799113248e-01
5.196738142969999899e+04	2.002124266596077007e-01
5.196757742970000254e+04	1.657337498218964811e-01
5.196777242970000225e+04	2.165037189633789438e-01
5.196796742970000196e+04	1.794643504573336656e-01
5.196816342969999823e+04	2.242276576832260560e-01
5.196835842969999794e+04	2.291401024603345604e-01
5.196855342969999765e+04	2.003052127045137354e-01
5.196874942970000120e+04	2.338951616824580526e-01
5.196894442970000091e+04	2.243155357413613160e-01
5.196913942970000062e+04	2.071631711964414535e-01
5.196933542969999689e+04	1.992700967720537619e-01
5.196953042969999660e+04	2.440196398868099692e-01
5.196972542970000359e+04	1.825539625580994141e-01
5.196992042970000330e+04	1.972696138894729501e-01
5.197011642969999957e+04	2.687510699384567658e-01
5.197031142969999928e+04	2.612440578812424974e-01
5.197050642969999899e+04	2.264546889198086888e-01
5.197070242970000254e+04	2.458672304479989634e-01
5.197089742970000225e+04	2.286189383814107856e-01
5.197109242970000196e+04	2.166614681699812195e-01
5.197128842969999823e+04	1.963741635363813742e-01
5.197148342969999794e+04	1.765070274816356033e-01
5.197167842969999765e+04	1.897434985370178850e-01
5.197187442970000120e+04	1.908272312083845179e-01
5.197206942970000091e+04	2.173442573216632923e-01
5.197226442970000062e+04	1.561630101949607052e-01
5.197246042969999689e+04	1.927028620795283587e-01
5.197265542969999660e+04	1.540625161948980804e-01
5.197285042970000359e+04	1.764961693725748404e-01
5.197304542970000330e+04	2.059440205474150076e-01
5.197324142969999957e+04	1.518205729822668104e-01
5.197343642969999928e+04	1.654574212652057952e-01
5.197363142969999899e+04	1.827119259519811578e-01
5.197382742970000254e+04	2.208193058881988691e-01
