# time(sec)	crack length FEA(mm)
4.462792842969999765e+04	2.552942865906171477e-01
4.462812442970000120e+04	2.952407142786874772e-01
4.462831942970000091e+04	2.772469181353933720e-01
4.462851442970000062e+04	2.742218570581265169e-01
4.462871042969999689e+04	2.948625629387038316e-01
4.462890542969999660e+04	2.839961051975024020e-01
4.462910042970000359e+04	2.870295931182873517e-01
4.462929542970000330e+04	2.615121225140644157e-01
4.462949142969999957e+04	3.181776196019363567e-01
4.462968642969999928e+04	2.880610759554507183e-01
4.462988142969999899e+04	2.730960778078781459e-01
4.463007742970000254e+04	2.634497617433240180e-01
4.463027242970000225e+04	2.821789673158221490e-01
4.463046742970000196e+04	2.757764863357099472e-01
4.463066342969999823e+04	2.679579296490626206e-01
4.463085842969999794e+04	2.281795999999971514e-01
4.463105342969999765e+04	3.068773803222519803e-01
4.463124942970000120e+04	3.162933804240459779e-01
4.463144442970000091e+04	2.894263221840187583e-01
4.463163942970000062e+04	2.832911309472017081e-01
4.463183542969999689e+04	3.105211302030248532e-01
4.463203042969999660e+04	3.151611053902314552e-01
4.463222542970000359e+04	2.799761278339207848e-01
4.463242042970000330e+04	3.020174365870236244e-01
4.463261642969999957e+04	3.297352249812046665e-01
4.463281142969999928e+04	2.818138441884023848e-01
4.463300642969999899e+04	2.943319431535265096e-01
4.463320242970000254e+04	2.588433977798345609e-01
4.463339742970000225e+04	3.803662636121707408e-01
4.463359242970000196e+04	3.305803342283368806e-01
4.463378842969999823e+04	2.925023591617819108e-01
4.463398342969999794e+04	3.058970692111095957e-01
4.463417842969999765e+04	3.196803156932013223e-01
4.463437442970000120e+04	2.921674082987841814e-01
4.463456942970000091e+04	3.351638445544011802e-01
4.463476442970000062e+04	3.205677442118837206e-01
4.463496042969999689e+04	3.245835680326081274e-01
4.463515542969999660e+04	3.116176320428571955e-01
4.463535042970000359e+04	3.076045054148508484e-01
4.463554542970000330e+04	3.200292872669869837e-01
4.463574142969999957e+04	3.173068679044899199e-01
4.463593642969999928e+04	3.483654899046246811e-01
4.463613142969999899e+04	3.068185901613844635e-01
4.463632742970000254e+04	2.589972757046865581e-01
4.463652242970000225e+04	3.059618603399947290e-01
4.463671742970000196e+04	3.169194807392905489e-01
4.463691342969999823e+04	2.833295705346507987e-01
4.463710842969999794e+04	3.004812494592421501e-01
4.463730342969999765e+04	3.028694882108560194e-01
4.463749942970000120e+04	2.675529367070055287e-01
4.463769442970000091e+04	2.929093391752513043e-01
4.463788942970000062e+04	3.050679216372884639e-01
4.463808542969999689e+04	3.333839958899176281e-01
4.463828042969999660e+04	3.192749684897240314e-01
4.463847542970000359e+04	2.727728691092128344e-01
4.463867042970000330e+04	2.921301889662419882e-01
4.463886642969999957e+04	2.981984015511525143e-01
4.463906142969999928e+04	3.481534713865119812e-01
4.463925642969999899e+04	3.163269679072442386e-01
4.463945242970000254e+04	2.845953820949276292e-01
4.463964742970000225e+04	3.172025343100255412e-01
4.463984242970000196e+04	3.152306840531480248e-01
4.464003842969999823e+04	2.881595390727849093e-01
4.464023342969999794e+04	2.835073038514543953e-01
4.464042842969999765e+04	2.789442894313829413e-01
4.464062442970000120e+04	3.558366866308020349e-01
4.464081942970000091e+04	2.879746187048262129e-01
4.464101442970000062e+04	2.908815507233075692e-01
4.464121042969999689e+04	2.827446654566614370e-01
4.464140542969999660e+04	2.703913411514342613e-01
4.464160042970000359e+04	3.272776319499790532e-01
4.464179542970000330e+04	2.930282226142288948e-01
4.464199142969999957e+04	2.765117027644912184e-01
4.464218642969999928e+04	3.190506896001288339e-01
4.464238142969999899e+04	3.107430643305697515e-01
4.464257742970000254e+04	2.709260735254552799e-01
4.464277242970000225e+04	2.560710057187449706e-01
4.464296742970000196e+04	2.792974545092814509e-01
4.464316342969999823e+04	2.723547433724675670e-01
4.464335842969999794e+04	2.614652338696021872e-01
4.464355342969999765e+04	2.869779456492551617e-01
4.464374942970000120e+04	2.996603032298690295e-01
4.464394442970000091e+04	2.878605487233176774e-01
4.464413942970000062e+04	2.435529005090852905e-01
4.464433542969999689e+04	2.629821983937041807e-01
4.464453042969999660e+04	2.808829881312053800e-01
4.464472542970000359e+04	3.156420833653594826e-01
4.464492042970000330e+04	2.915875270457828350e-01
4.464511642969999957e+04	2.779532707748693099e-01
4.464531142969999928e+04	2.591691932242756735e-01
4.464550642969999899e+04	2.766474540882928324e-01
4.464570242970000254e+04	2.873105835927916019e-01
4.464589742970000225e+04	2.838051497763327546e-01
4.464609242970000196e+04	2.574921103435166003e-01
4.464628842969999823e+04	2.962418512828417505e-01
4.464648342969999794e+04	2.954399653034496254e-01
4.464667842969999765e+04	2.802704047455506497e-01
4.464687442970000120e+04	2.713141772148031095e-01
4.464706942970000091e+04	2.871989036425759423e-01
4.464726442970000062e+04	2.965539391830631644e-01
4.464746042969999689e+04	2.787220715636671287e-01
4.464765542969999660e+04	2.891429420720115218e-01
4.464785042970000359e+04	3.108570294559047653e-01
4.464804542970000330e+04	2.944748157343575201e-01
4.464824142969999957e+04	2.795220713737229801e-01
4.464843642969999928e+04	2.729579023706492080e-01
4.464863142969999899e+04	2.504952052185061007e-01
4.464882742970000254e+04	2.974229844255980026e-01
4.464902242970000225e+04	2.606273878010227918e-01
4.464921742970000196e+04	2.939130036385897426e-01
4.464941342969999823e+04	3.073837182289871350e-01
4.464960842969999794e+04	2.868506677562834284e-01
4.464980342969999765e+04	2.922070304808066510e-01
4.464999942970000120e+04	2.438476179411566136e-01
4.465019442970000091e+04	2.617513348008486673e-01
4.465038942970000062e+04	2.488187477661121250e-01
4.465058542969999689e+04	2.402049340306149361e-01
4.465078042969999660e+04	2.740704674216427605e-01
4.465097542970000359e+04	2.548494166715560283e-01
4.465117042970000330e+04	2.825897373321097916e-01
4.465136642969999957e+04	2.422849827492470354e-01
4.465156142969999928e+04	2.618751477092988722e-01
4.465175642969999899e+04	2.266075671963179161e-01
4.465195242970000254e+04	2.368180072027570304e-01
4.465214742970000225e+04	2.801046480613873513e-01
4.465234242970000196e+04	2.672536989355460690e-01
4.465253842969999823e+04	2.501524787154547624e-01
4.465273342969999794e+04	2.829776593645849658e-01
4.465292842969999765e+04	2.508078872652497182e-01
4.465312442970000120e+04	2.854840733513146489e-01
4.465331942970000091e+04	2.805370576283401363e-01
4.465351442970000062e+04	2.825765110867770602e-01
4.465371042969999689e+04	2.980999781382678293e-01
4.465390542969999660e+04	2.980483536343765394e-01
4.465410042970000359e+04	2.737028310594311620e-01
4.465429542970000330e+04	2.810763699380665059e-01
4.465449142969999957e+04	3.187017042855124771e-01
4.465468642969999928e+04	2.355557734374240653e-01
4.465488142969999899e+04	2.517230296969259484e-01
4.465507742970000254e+04	2.637370272429429008e-01
4.465527242970000225e+04	3.035259028832761885e-01
4.465546742970000196e+04	2.841342194215847883e-01
4.465566342969999823e+04	3.095241643947908017e-01
4.465585842969999794e+04	2.803460756842497403e-01
4.465605342969999765e+04	2.653091388410047102e-01
4.465624942970000120e+04	2.699227209438763708e-01
4.465644442970000091e+04	2.591932438207393830e-01
4.465663942970000062e+04	2.556513810624689853e-01
4.465683542969999689e+04	2.852282740635061487e-01
4.465703042969999660e+04	2.956992790025267936e-01
4.465722542970000359e+04	2.978911286766354749e-01
4.465742042970000330e+04	2.911180678616318573e-01
4.465761642969999957e+04	2.838063464761315657e-01
4.465781142969999928e+04	2.350467646499971863e-01
4.465800642969999899e+04	2.739142881654910155e-01
4.465820242970000254e+04	3.083375868536126774e-01
4.465839742970000225e+04	3.098828627466758689e-01
4.465859242970000196e+04	2.870488100341788140e-01
4.465878842969999823e+04	3.404822349836855722e-01
4.465898342969999794e+04	2.773238055895070886e-01
4.465917842969999765e+04	2.567478950876989074e-01
4.465937442970000120e+04	3.353100756321243381e-01
4.465956942970000091e+04	3.285807835039271652e-01
4.465976442970000062e+04	3.135477592894702070e-01
4.465996042969999689e+04	3.358397906042718262e-01
4.466015542969999660e+04	2.904829328358395912e-01
4.466035042970000359e+04	3.037863280643691155e-01
4.466054542970000330e+04	2.701654446029451151e-01
4.466074142969999957e+04	2.969512637853082282e-01
4.466093642969999928e+04	2.617801842650244737e-01
4.466113142969999899e+04	3.027914838271232867e-01
4.466132742970000254e+04	3.027038613256074484e-01
4.466152242970000225e+04	2.314665822724304434e-01
4.466171742970000196e+04	3.236591107386175281e-01
4.466191342969999823e+04	2.658631825480952671e-01
4.466210842969999794e+04	2.919873029263531095e-01
4.466230342969999765e+04	3.110202009667606404e-01
4.466249942970000120e+04	2.570220186437932597e-01
4.466269442970000091e+04	2.969548623001028176e-01
4.466288942970000062e+04	3.161926383080881919e-01
4.466308542969999689e+04	3.107958578973679664e-01
4.466328042969999660e+04	2.931182407599681738e-01
4.466347542970000359e+04	3.200412986585341457e-01
4.466367042970000330e+04	2.787821250647688487e-01
4.466386642969999957e+04	3.220835010630374029e-01
4.466406142969999928e+04	3.344579102529792181e-01
4.466425642969999899e+04	3.408429157605432636e-01
4.466445242970000254e+04	2.907290659540855415e-01
4.466464742970000225e+04	3.128448377102586164e-01
4.466484242970000196e+04	3.412934660244779650e-01
4.466503842969999823e+04	2.983100321601526161e-01
4.466523342969999794e+04	3.578400188913448687e-01
4.466542842969999765e+04	3.238269876363979449e-01
4.466562442970000120e+04	2.848848281563078899e-01
4.466581942970000091e+04	3.368776405140465613e-01
4.466601442970000062e+04	3.076572747255905682e-01
4.466621042969999689e+04	2.903532491488487466e-01
4.466640542969999660e+04	3.296668814144609883e-01
4.466660042970000359e+04	3.135081813870677081e-01
4.466679542970000330e+04	2.830689312244913936e-01
4.466699142969999957e+04	3.040563266411115961e-01
4.466718642969999928e+04	3.202583474180435985e-01
4.466738142969999899e+04	2.750604537380603176e-01
4.466757742970000254e+04	3.225691347445263091e-01
4.466777242970000225e+04	3.203842801553768993e-01
4.466796742970000196e+04	2.871424600524044024e-01
4.466816342969999823e+04	3.150939478347591916e-01
4.466835842969999794e+04	3.189391520528204182e-01
4.466855342969999765e+04	2.819207404962487118e-01
4.466874942970000120e+04	3.010081092803886804e-01
4.466894442970000091e+04	2.597245918929722563e-01
4.466913942970000062e+04	2.579261206620344637e-01
4.466933542969999689e+04	2.724184142851626689e-01
4.466953042969999660e+04	3.087251077545456468e-01
4.466972542970000359e+04	2.435324514003127661e-01
4.466992042970000330e+04	3.255763356420082744e-01
4.467011642969999957e+04	2.683509002989623582e-01
4.467031142969999928e+04	2.721120203931999271e-01
4.467050642969999899e+04	2.681910618759548726e-01
4.467070242970000254e+04	2.609832081228997680e-01
4.467089742970000225e+04	2.790091610734570793e-01
4.467109242970000196e+04	2.521463151026672733e-01
4.467128842969999823e+04	2.786199699610030223e-01
4.467148342969999794e+04	2.898285668495361733e-01
4.467167842969999765e+04	2.736199258436364801e-01
4.467187442970000120e+04	2.724616802753239142e-01
4.467206942970000091e+04	2.670469959754164790e-01
4.467226442970000062e+04	2.480887063638110845e-01
4.467246042969999689e+04	2.963414678313984751e-01
4.467265542969999660e+04	2.934039680985307541e-01
4.467285042970000359e+04	2.855032914600190708e-01
4.467304542970000330e+04	2.758029047627026387e-01
4.467324142969999957e+04	3.052154946521135059e-01
4.467343642969999928e+04	3.211301494214762187e-01
4.467363142969999899e+04	3.259492312034915074e-01
4.467382742970000254e+04	3.124045806641220224e-01
4.467402242970000225e+04	2.863078907432576869e-01
4.467421742970000196e+04	3.422651668481169196e-01
4.467441342969999823e+04	3.501945567198099241e-01
4.467460842969999794e+04	3.155293662565448187e-01
4.467480342969999765e+04	3.111089586466579959e-01
4.467499942970000120e+04	2.865276271680237130e-01
4.467519442970000091e+04	3.108966218837494466e-01
4.467538942970000062e+04	2.861229359919210680e-01
4.467558542969999689e+04	2.975058207402643262e-01
4.467578042969999660e+04	3.102091865664036163e-01
4.467597542970000359e+04	3.046371130975380481e-01
4.467617042970000330e+04	2.996003000697022856e-01
4.467636642969999957e+04	3.191502251322280159e-01
4.467656142969999928e+04	2.845665590332870920e-01
4.467675642969999899e+04	2.766714878259755039e-01
4.467695242970000254e+04	2.739695542469178235e-01
4.467714742970000225e+04	3.283314307743623317e-01
4.467734242970000196e+04	2.998595291794856621e-01
4.467753842969999823e+04	2.677295851309580144e-01
4.467773342969999794e+04	2.988945510100737835e-01
4.467792842969999765e+04	3.117292024446030041e-01
4.467812442970000120e+04	2.871976967908356215e-01
4.467831942970000091e+04	2.943259518711212053e-01
4.467851442970000062e+04	3.003924229180761074e-01
4.467871042969999689e+04	2.696126732552066585e-01
4.467890542969999660e+04	3.074545142215612259e-01
4.467910042970000359e+04	2.888343712403269592e-01
4.467929542970000330e+04	3.131891138038174205e-01
4.467949142969999957e+04	3.320079919728087248e-01
4.467968642969999928e+04	2.468871934369509802e-01
4.467988142969999899e+04	3.006684583976433345e-01
4.468007742970000254e+04	3.216734032365309304e-01
4.468027242970000225e+04	2.700392781412279675e-01
4.468046742970000196e+04	3.239133306534505152e-01
4.468066342969999823e+04	3.203878649797857747e-01
4.468085842969999794e+04	2.783196474598721437e-01
4.468105342969999765e+04	2.845917817930594396e-01
4.468124942970000120e+04	2.706929668803663702e-01
4.468144442970000091e+04	2.932659156015322566e-01
4.468163942970000062e+04	2.955468237452549829e-01
4.468183542969999689e+04	2.704189832752526002e-01
4.468203042969999660e+04	3.294631058757566677e-01
4.468222542970000359e+04	2.786403903150116435e-01
4.468242042970000330e+04	2.638428034656890020e-01
4.468261642969999957e+04	2.717551616115443380e-01
4.468281142969999928e+04	2.361658488265288014e-01
4.468300642969999899e+04	2.886026182820167207e-01
4.468320242970000254e+04	2.807580727763756556e-01
4.468339742970000225e+04	3.331035461543727649e-01
4.468359242970000196e+04	2.604759155762064182e-01
4.468378842969999823e+04	3.060110668529532063e-01
4.468398342969999794e+04	2.903076317663852990e-01
4.468417842969999765e+04	3.043707182671084865e-01
4.468437442970000120e+04	3.011485208748876374e-01
4.468456942970000091e+04	3.155773277579108083e-01
4.468476442970000062e+04	3.321026672076357045e-01
4.468496042969999689e+04	3.140539819980769920e-01
4.468515542969999660e+04	3.130259565259763122e-01
4.468535042970000359e+04	2.702916104259642793e-01
4.468554542970000330e+04	2.744501317774421523e-01
4.468574142969999957e+04	2.792746305407067808e-01
4.468593642969999928e+04	2.775568502093292977e-01
4.468613142969999899e+04	2.998019183619398120e-01
4.468632742970000254e+04	2.466514443505687382e-01
4.468652242970000225e+04	2.840093100563461093e-01
4.468671742970000196e+04	3.244504983990452729e-01
4.468691342969999823e+04	3.064898306292462848e-01
4.468710842969999794e+04	2.788698318079774197e-01
4.468730342969999765e+04	2.866621273493201727e-01
4.468749942970000120e+04	3.106231010188391650e-01
4.468769442970000091e+04	2.791509040433037825e-01
4.468788942970000062e+04	3.021350394666004746e-01
4.468808542969999689e+04	2.996363122929839307e-01
4.468828042969999660e+04	3.107634480399550370e-01
4.468847542970000359e+04	2.796013559278076599e-01
4.468867042970000330e+04	3.074797034881129321e-01
4.468886642969999957e+04	2.793755325474389650e-01
4.468906142969999928e+04	2.969788558224237818e-01
4.468925642969999899e+04	2.955408018207545950e-01
4.468945242970000254e+04	3.114724568387536863e-01
4.468964742970000225e+04	2.722562074376497776e-01
4.468984242970000196e+04	2.811328169614508710e-01
4.469003842969999823e+04	2.796770392171374908e-01
4.469023342969999794e+04	3.404546911989108082e-01
4.469042842969999765e+04	2.623811830849973603e-01
4.469062442970000120e+04	3.169026771009963994e-01
4.469081942970000091e+04	2.613390233673769103e-01
4.469101442970000062e+04	2.997311315162143330e-01
4.469121042969999689e+04	2.899618424819259133e-01
4.469140542969999660e+04	3.020558369572672319e-01
4.469160042970000359e+04	2.479684512628779203e-01
4.469179542970000330e+04	2.690815358897822307e-01
4.469199142969999957e+04	3.042147186697459205e-01
4.469218642969999928e+04	3.059270529091389079e-01
4.469238142969999899e+04	2.876348002241453372e-01
4.469257742970000254e+04	3.216518232900611451e-01
4.469277242970000225e+04	2.861121357473166427e-01
4.469296742970000196e+04	2.811628511416426335e-01
4.469316342969999823e+04	2.605540526005860613e-01
4.469335842969999794e+04	2.666011175149236578e-01
4.469355342969999765e+04	3.179065380468983903e-01
4.469374942970000120e+04	3.254768258464366681e-01
4.469394442970000091e+04	2.637983351756734152e-01
4.469413942970000062e+04	3.114772486232837423e-01
4.469433542969999689e+04	3.226327082054005757e-01
4.469453042969999660e+04	3.103327793712509219e-01
4.469472542970000359e+04	3.124213770385253497e-01
4.469492042970000330e+04	2.844596740814715474e-01
4.469511642969999957e+04	2.961674144358443783e-01
4.469531142969999928e+04	3.104587314834272860e-01
4.469550642969999899e+04	3.140011953489167951e-01
4.469570242970000254e+04	3.170789859541400801e-01
4.469589742970000225e+04	2.698145551293524846e-01
4.469609242970000196e+04	3.375116017017614212e-01
4.469628842969999823e+04	2.864591853903046825e-01
4.469648342969999794e+04	3.023474510428059148e-01
4.469667842969999765e+04	3.036879267548933115e-01
4.469687442970000120e+04	2.956920506749316502e-01
4.469706942970000091e+04	2.789707251360482587e-01
4.469726442970000062e+04	3.290734779433464041e-01
4.469746042969999689e+04	2.825861264233946457e-01
4.469765542969999660e+04	3.193816833648810416e-01
4.469785042970000359e+04	2.959201286616774951e-01
4.469804542970000330e+04	3.229336602072869766e-01
4.469824142969999957e+04	2.871760869142985229e-01
4.469843642969999928e+04	2.477627765047767383e-01
4.469863142969999899e+04	3.158651875507363371e-01
4.469882742970000254e+04	2.887827378292904257e-01
4.469902242970000225e+04	2.624773522900802902e-01
4.469921742970000196e+04	2.401435784253980188e-01
4.469941342969999823e+04	2.970544863054200846e-01
4.469960842969999794e+04	2.726491103193229293e-01
4.469980342969999765e+04	2.793743253165210660e-01
4.469999942970000120e+04	2.867377788691420903e-01
4.470019442970000091e+04	3.152246978023782731e-01
4.470038942970000062e+04	2.752815071595051677e-01
4.470058542969999689e+04	3.108390366242890224e-01
4.470078042969999660e+04	2.865228305763167782e-01
4.470097542970000359e+04	3.241303455960533597e-01
4.470117042970000330e+04	3.138104700588186802e-01
4.470136642969999957e+04	3.184630283097931169e-01
4.470156142969999928e+04	2.553099234591904576e-01
4.470175642969999899e+04	2.941674968804814938e-01
4.470195242970000254e+04	2.824768291272619081e-01
4.470214742970000225e+04	2.984156410395044645e-01
4.470234242970000196e+04	2.672729207887947211e-01
4.470253842969999823e+04	3.149799918253677333e-01
4.470273342969999794e+04	2.806847967889698481e-01
4.470292842969999765e+04	3.131231256033970567e-01
4.470312442970000120e+04	3.185314027002394965e-01
4.470331942970000091e+04	2.950678493430807237e-01
4.470351442970000062e+04	2.667237088199048145e-01
4.470371042969999689e+04	2.553868786054920292e-01
4.470390542969999660e+04	2.514957450510717507e-01
4.470410042970000359e+04	2.949021705187622189e-01
4.470429542970000330e+04	2.878041066330556674e-01
4.470449142969999957e+04	3.286083404621003012e-01
4.470468642969999928e+04	3.045375194502000227e-01
4.470488142969999899e+04	2.817501766491243842e-01
4.470507742970000254e+04	2.982572120868081100e-01
4.470527242970000225e+04	3.046491216194642249e-01
4.470546742970000196e+04	2.736763897644944876e-01
4.470566342969999823e+04	3.009168928654641917e-01
4.470585842969999794e+04	2.495740156975241320e-01
4.470605342969999765e+04	2.953439335824157297e-01
4.470624942970000120e+04	2.767543725691545831e-01
4.470644442970000091e+04	2.931194370122049975e-01
4.470663942970000062e+04	2.985740689834948114e-01
4.470683542969999689e+04	2.637803083050709319e-01
4.470703042969999660e+04	2.928421215180634363e-01
4.470722542970000359e+04	3.007296857964050218e-01
4.470742042970000330e+04	2.704105709069857255e-01
4.470761642969999957e+04	2.927268672544443007e-01
4.470781142969999928e+04	2.542602484968696785e-01
4.470800642969999899e+04	2.590357424558860089e-01
4.470820242970000254e+04	2.418843882789687427e-01
4.470839742970000225e+04	2.611514876099825244e-01
4.470859242970000196e+04	2.662237493043111414e-01
4.470878842969999823e+04	2.808841849714198702e-01
4.470898342969999794e+04	3.056474888246398791e-01
4.470917842969999765e+04	2.777574707399139697e-01
4.470937442970000120e+04	2.785166606673676881e-01
4.470956942970000091e+04	2.414513078990623285e-01
4.470976442970000062e+04	2.766150306922536828e-01
4.470996042969999689e+04	2.701293897347376571e-01
4.471015542969999660e+04	2.931494670495116139e-01
4.471035042970000359e+04	2.837150876351941520e-01
4.471054542970000330e+04	3.061970282500645624e-01
4.471074142969999957e+04	2.764167950712526078e-01
4.471093642969999928e+04	3.142135159038055292e-01
4.471113142969999899e+04	3.124669538917750344e-01
4.471132742970000254e+04	3.343392659391035693e-01
4.471152242970000225e+04	2.802283698215433105e-01
4.471171742970000196e+04	2.954651976720601425e-01
4.471191342969999823e+04	3.395308347804579796e-01
4.471210842969999794e+04	2.736763897644944876e-01
4.471230342969999765e+04	2.552738471023161537e-01
4.471249942970000120e+04	2.672020207753948995e-01
4.471269442970000091e+04	2.605540526005860613e-01
4.471288942970000062e+04	3.142639013268766490e-01
4.471308542969999689e+04	2.933943775636134177e-01
4.471328042969999660e+04	2.827014173217499149e-01
4.471347542970000359e+04	3.244061176638624033e-01
4.471367042970000330e+04	2.514572563403838501e-01
4.471386642969999957e+04	2.874907021725690015e-01
4.471406142969999928e+04	3.275557479812434281e-01
4.471425642969999899e+04	3.170022212352492375e-01
4.471445242970000254e+04	2.975238335294712044e-01
4.471464742970000225e+04	3.244912639244290631e-01
4.471484242970000196e+04	3.380041395822601658e-01
4.471503842969999823e+04	2.617825797809540944e-01
4.471523342969999794e+04	3.087599112696288728e-01
4.471542842969999765e+04	3.113692941310617357e-01
4.471562442970000120e+04	3.360135664442065462e-01
4.471581942970000091e+04	3.237442595590529493e-01
4.471601442970000062e+04	3.135429679039614115e-01
4.471621042969999689e+04	3.491620480218067257e-01
4.471640542969999660e+04	3.140455740599019663e-01
4.471660042970000359e+04	3.415582713921967439e-01
4.471679542970000330e+04	3.289608114447020171e-01
4.471699142969999957e+04	3.572341431820582613e-01
4.471718642969999928e+04	3.508461417391330883e-01
4.471738142969999899e+04	3.211337753419343244e-01
4.471757742970000254e+04	3.404438939445970647e-01
4.471777242970000225e+04	3.509994515588026331e-01
4.471796742970000196e+04	3.200377034827734946e-01
4.471816342969999823e+04	3.648343098660120631e-01
4.471835842969999794e+04	3.546714741371239654e-01
4.471855342969999765e+04	3.670775222739131038e-01
4.471874942970000120e+04	2.992006155339836937e-01
4.471894442970000091e+04	3.167131691884055300e-01
4.471913942970000062e+04	3.403660074152057291e-01
4.471933542969999689e+04	3.193181324919009967e-01
4.471953042969999660e+04	3.273075795711939406e-01
4.471972542970000359e+04	3.319480359522977153e-01
4.471992042970000330e+04	3.429349400041949991e-01
4.472011642969999957e+04	3.229744591217276195e-01
4.472031142969999928e+04	3.189331666950838695e-01
4.472050642969999899e+04	3.146249320489715728e-01
4.472070242970000254e+04	3.190770621251974859e-01
4.472089742970000225e+04	2.815171712576631791e-01
4.472109242970000196e+04	2.857554774735184822e-01
4.472128842969999823e+04	2.734325031017412755e-01
4.472148342969999794e+04	3.296021520470802102e-01
4.472167842969999765e+04	2.619208068553664503e-01
4.472187442970000120e+04	2.946320725889748360e-01
4.472206942970000091e+04	3.272212792443625062e-01
4.472226442970000062e+04	2.910940686887553142e-01
4.472246042969999689e+04	2.881079145767948546e-01
4.472265542969999660e+04	3.086867176791940892e-01
4.472285042970000359e+04	3.637269829569724777e-01
4.472304542970000330e+04	2.960329759147146689e-01
4.472324142969999957e+04	2.844969048826069269e-01
4.472343642969999928e+04	3.229157070156833953e-01
4.472363142969999899e+04	2.909463809617633956e-01
4.472382742970000254e+04	3.192449699791382045e-01
4.472402242970000225e+04	2.823975640427711653e-01
4.472421742970000196e+04	2.656456589369486920e-01
4.472441342969999823e+04	2.813478117821262003e-01
4.472460842969999794e+04	2.954399653034496254e-01
4.472480342969999765e+04	3.200136909917734584e-01
4.472499942970000120e+04	3.039027268480722910e-01
4.472519442970000091e+04	2.801562891509981057e-01
4.472538942970000062e+04	3.488841636295347826e-01
4.472558542969999689e+04	2.793442992978985018e-01
4.472578042969999660e+04	3.211265647041354754e-01
4.472597542970000359e+04	2.669796775210464546e-01
4.472617042970000330e+04	2.704682497627057813e-01
4.472636642969999957e+04	2.956992790025267936e-01
4.472656142969999928e+04	2.980075550441529941e-01
4.472675642969999899e+04	2.949621953201209124e-01
4.472695242970000254e+04	2.896352530000552150e-01
4.472714742970000225e+04	3.256423010858249256e-01
4.472734242970000196e+04	2.904361193098736749e-01
4.472753842969999823e+04	2.691283998887286089e-01
4.472773342969999794e+04	3.725733787658107588e-01
