# time(sec)	crack length FEA(mm)
7.472695642970000335e+04	3.175791201689115439e-01
7.472715142969999579e+04	3.821583010593716523e-01
7.472734642970000277e+04	3.386344795218132475e-01
7.472754242969999905e+04	3.510808954075947952e-01
7.472773742970000603e+04	3.293156458552815025e-01
7.472793242969999847e+04	3.282571002330225696e-01
7.472812842969999474e+04	2.785370811060658980e-01
7.472832342970000172e+04	2.914746699487871240e-01
7.472851842969999416e+04	3.125581279565636805e-01
7.472871342970000114e+04	3.098360857080031394e-01
7.472890942969999742e+04	3.377548814509587771e-01
7.472910442970000440e+04	3.442540552840700485e-01
7.472929942969999684e+04	3.595845854792258933e-01
7.472949542969999311e+04	3.468609063992822428e-01
7.472969042970000010e+04	3.401467463105483091e-01
7.472988542970000708e+04	3.106590972868019662e-01
7.473008142970000335e+04	3.038703183147610787e-01
7.473027642969999579e+04	3.353040633321882069e-01
7.473047142970000277e+04	3.819298117054934494e-01
7.473066742969999905e+04	3.320798916430547365e-01
7.473086242970000603e+04	3.590290162007629959e-01
7.473105742969999847e+04	3.353196500108666100e-01
7.473125342969999474e+04	3.535804618797975252e-01
7.473144842970000172e+04	3.476347926775638086e-01
7.473164342969999416e+04	3.430775334738118687e-01
7.473183842970000114e+04	3.782451143978491359e-01
7.473203442969999742e+04	3.816235734776256550e-01
7.473222942970000440e+04	3.666633860997130512e-01
7.473242442969999684e+04	3.185817793720104874e-01
7.473262042969999311e+04	3.499298434884590137e-01
7.473281542970000010e+04	3.440923265926265628e-01
7.473301042970000708e+04	3.332293829082075831e-01
7.473320642970000335e+04	3.863375908534756320e-01
7.473340142969999579e+04	3.446482304648696982e-01
7.473359642970000277e+04	3.243605626982120071e-01
7.473379242969999905e+04	3.681188779182242854e-01
7.473398742970000603e+04	4.027859922084768840e-01
7.473418242969999847e+04	3.466476813469032692e-01
7.473437842969999474e+04	3.577011205389357684e-01
7.473457342970000172e+04	3.079968301941278241e-01
7.473476842969999416e+04	3.004008148541696954e-01
7.473496342970000114e+04	3.562294434764705642e-01
7.473515942969999742e+04	3.466872064804640274e-01
7.473535442970000440e+04	3.467662668490092415e-01
7.473554942969999684e+04	3.356768128805249773e-01
7.473574542969999311e+04	3.375211958198693907e-01
7.473594042970000010e+04	2.997551223616703453e-01
7.473613542970000708e+04	3.288013515884031790e-01
7.473633142970000335e+04	3.120566973768301722e-01
7.473652642969999579e+04	3.561264768152767601e-01
7.473672142970000277e+04	3.124033853388894499e-01
7.473691742969999905e+04	3.552223268255012556e-01
7.473711242970000603e+04	3.170130286835046718e-01
7.473730742969999847e+04	3.636623526544759955e-01
7.473750342969999474e+04	3.122894169963608135e-01
7.473769842970000172e+04	3.153494196483581646e-01
7.473789342969999416e+04	3.582172128619909302e-01
7.473808842970000114e+04	3.264887545297021632e-01
7.473828442969999742e+04	2.954879964923140534e-01
7.473847942970000440e+04	3.480600303763878856e-01
7.473867442969999684e+04	3.285136313115444295e-01
7.473887042969999311e+04	2.974302019397079277e-01
7.473906542970000010e+04	3.071113543031422921e-01
7.473926042970000708e+04	3.392659974914344900e-01
7.473945642970000335e+04	3.626890523703174551e-01
7.473965142969999579e+04	3.290902630557006603e-01
7.473984642970000277e+04	3.475413497142554320e-01
7.474004242969999905e+04	3.022430340476329746e-01
7.474023742970000603e+04	2.962178467386920033e-01
7.474043242969999847e+04	2.898465748817962151e-01
7.474062842969999474e+04	3.432177075621218876e-01
7.474082342970000172e+04	3.406428241098744536e-01
7.474101842969999416e+04	3.368872451715088090e-01
7.474121342970000114e+04	3.170502108027619670e-01
7.474140942969999742e+04	3.257370211833929829e-01
7.474160442970000440e+04	3.245787787741054586e-01
7.474179942969999684e+04	3.386512581730993787e-01
7.474199542969999311e+04	3.072913193127302378e-01
7.474219042970000010e+04	3.471316412298701692e-01
7.474238542970000708e+04	3.117711841951535945e-01
7.474258142970000335e+04	3.191190623739519339e-01
7.474277642969999579e+04	3.657847812851393599e-01
7.474297142970000277e+04	3.208531563770744555e-01
7.474316742969999905e+04	2.656264358288691341e-01
7.474336242970000603e+04	3.371137513593680524e-01
7.474355742969999847e+04	3.246926804805596589e-01
7.474375342969999474e+04	2.835877724307689363e-01
7.474394842970000172e+04	3.216230225303995383e-01
7.474414342969999416e+04	2.964135016589697358e-01
7.474433842970000114e+04	3.166855990357237971e-01
7.474453442969999742e+04	2.976018544298284496e-01
7.474472942970000440e+04	2.986737174371043579e-01
7.474492442969999684e+04	3.075001001791228816e-01
7.474512042969999311e+04	2.934267688070200109e-01
7.474531542970000010e+04	3.120674760612303089e-01
7.474551042970000708e+04	2.759975334044177941e-01
7.474570642970000335e+04	3.286850693351777153e-01
7.474590142969999579e+04	2.873177937247604063e-01
7.474609642970000277e+04	3.246255589757041093e-01
7.474629242969999905e+04	3.270042912985680061e-01
7.474648742970000603e+04	3.225547658013958596e-01
7.474668242969999847e+04	2.920869777566821313e-01
7.474687842969999474e+04	3.377321213639241648e-01
7.474707342970000172e+04	3.237526436172828426e-01
7.474726842969999416e+04	3.020102100946093771e-01
7.474746342970000114e+04	3.269647245215185904e-01
7.474765942969999742e+04	3.346065340032531310e-01
7.474785442970000440e+04	3.107946521895961212e-01
7.474804942969999684e+04	3.070237470177534789e-01
7.474824542969999311e+04	2.877764837944418730e-01
7.474844042970000010e+04	3.126828734850040092e-01
7.474863542970000708e+04	3.213640202076817332e-01
7.474883142970000335e+04	2.888475735335909178e-01
7.474902642969999579e+04	2.967891960379009930e-01
7.474922142970000277e+04	2.575798713792885053e-01
7.474941742969999905e+04	3.209670751620681273e-01
7.474961242970000603e+04	3.462032379299060381e-01
7.474980742969999847e+04	3.513911327030108112e-01
7.475000342969999474e+04	3.217561279078378078e-01
7.475019842970000172e+04	3.376865908332309374e-01
7.475039342969999416e+04	3.566018479997055124e-01
7.475058842970000114e+04	3.197426706677042318e-01
7.475078442969999742e+04	2.786115603611278857e-01
7.475097942970000440e+04	2.757140107722975131e-01
7.475117442969999684e+04	3.571095904012224764e-01
7.475137042969999311e+04	3.334691113823957664e-01
7.475156542970000010e+04	2.785046498507330881e-01
7.475176042970000708e+04	2.959489592037201078e-01
7.475195642970000335e+04	3.284968458095498534e-01
7.475215142969999579e+04	3.466836254503906645e-01
7.475234642970000277e+04	3.139124170814824311e-01
7.475254242969999905e+04	2.582326889536208370e-01
7.475273742970000603e+04	3.615768577994789013e-01
7.475293242969999847e+04	3.028262853373853147e-01
7.475312842969999474e+04	3.071029646305856176e-01
7.475332342970000172e+04	2.945288400209111757e-01
7.475351842969999416e+04	3.268939840751592385e-01
7.475371342970000114e+04	3.228101712392987821e-01
7.475390942969999742e+04	3.362329052319594780e-01
7.475410442970000440e+04	2.682343248827621096e-01
7.475429942969999684e+04	2.938541725237264757e-01
7.475449542969999311e+04	3.422879639480953529e-01
7.475469042970000010e+04	3.132622632298023291e-01
7.475488542970000708e+04	3.482313334813262884e-01
7.475508142970000335e+04	3.198589947782348730e-01
7.475527642969999579e+04	3.488434381329561518e-01
7.475547142970000277e+04	3.343979910330645566e-01
7.475566742969999905e+04	3.310730198983335981e-01
7.475586242970000603e+04	3.103639531452184741e-01
7.475605742969999847e+04	3.364905584025272844e-01
7.475625342969999474e+04	3.238006201516103744e-01
7.475644842970000172e+04	3.370861729543133123e-01
7.475664342969999416e+04	3.220739215813317458e-01
7.475683842970000114e+04	3.164613070833475206e-01
7.475703442969999742e+04	2.959765523521600272e-01
7.475722942970000440e+04	2.922142185690148608e-01
7.475742442969999684e+04	3.356060869484203124e-01
7.475762042969999311e+04	2.895908307237284873e-01
7.475781542970000010e+04	3.438610985299366263e-01
7.475801042970000708e+04	3.119223343977868268e-01
7.475820642970000335e+04	2.956464533873983669e-01
7.475840142969999579e+04	3.193097572391057071e-01
7.475859642970000277e+04	3.248293638989441234e-01
7.475879242969999905e+04	3.062234453338668061e-01
7.475898742970000603e+04	3.066134006919298827e-01
7.475918242969999847e+04	2.824672240653747224e-01
7.475937842969999474e+04	2.881991573196849288e-01
7.475957342970000172e+04	3.355701370961057250e-01
7.475976842969999416e+04	3.201132226672438463e-01
7.475996342970000114e+04	3.040551309145556047e-01
7.476015942969999742e+04	3.038067174762062450e-01
7.476035442970000440e+04	3.233101901342916307e-01
7.476054942969999684e+04	3.114448808736938190e-01
7.476074542969999311e+04	3.436406333068475760e-01
7.476094042970000010e+04	2.967172045419186333e-01
7.476113542970000708e+04	3.111233651228122454e-01
7.476133142970000335e+04	2.920941658795594975e-01
7.476152642969999579e+04	3.102919906188876809e-01
7.476172142970000277e+04	2.789947359957132278e-01
7.476191742969999905e+04	2.861253497995335238e-01
7.476211242970000603e+04	3.076812888475082275e-01
7.476230742969999847e+04	3.184522523980461983e-01
7.476250342969999474e+04	3.054723048621177384e-01
7.476269842970000172e+04	3.228305553559618346e-01
7.476289342969999416e+04	3.308992094835865316e-01
7.476308842970000114e+04	3.304197212006858564e-01
7.476328442969999742e+04	3.226303082381036802e-01
7.476347942970000440e+04	3.431302583724509248e-01
7.476367442969999684e+04	3.498052848939998682e-01
7.476387042969999311e+04	3.016093684272025399e-01
7.476406542970000010e+04	3.099044838288875781e-01
7.476426042970000708e+04	3.439198011048727466e-01
7.476445642970000335e+04	2.935468460063255236e-01
7.476465142969999579e+04	3.507000124519024098e-01
7.476484642970000277e+04	3.461337459763633717e-01
7.476504242969999905e+04	3.656949952478711907e-01
7.476523742970000603e+04	2.921626127935574857e-01
7.476543242969999847e+04	2.988129462274073944e-01
7.476562842969999474e+04	2.637081800429168510e-01
7.476582342970000172e+04	2.878905644757843163e-01
7.476601842969999416e+04	3.219491922722426125e-01
7.476621342970000114e+04	2.849724927797652185e-01
7.476640942969999742e+04	3.067285906487153824e-01
7.476660442970000440e+04	3.032487136499018021e-01
7.476679942969999684e+04	2.975166057318254786e-01
7.476699542969999311e+04	3.317059245939706358e-01
7.476719042970000010e+04	3.360255598148391698e-01
7.476738542970000708e+04	3.072301286758456484e-01
7.476758142970000335e+04	3.091618332023120530e-01
7.476777642969999579e+04	2.834952954411669168e-01
7.476797142970000277e+04	3.233281739408830902e-01
7.476816742969999905e+04	3.078360711593504107e-01
7.476836242970000603e+04	3.054519065081002793e-01
7.476855742969999847e+04	3.380532929821260524e-01
7.476875342969999474e+04	3.410669979677987129e-01
7.476894842970000172e+04	3.569994168816386093e-01
7.476914342969999416e+04	3.303921250636854268e-01
7.476933842970000114e+04	3.085091537919240068e-01
7.476953442969999742e+04	2.985152591967157321e-01
7.476972942970000440e+04	3.718122875974216868e-01
7.476992442969999684e+04	3.087310955703532755e-01
7.477012042969999311e+04	3.375211958198693907e-01
7.477031542970000010e+04	3.290998707253365296e-01
7.477051042970000708e+04	3.161902377188354762e-01
7.477070642970000335e+04	3.812527367475198048e-01
7.477090142969999579e+04	3.668225719883455582e-01
7.477109642970000277e+04	3.508030325057163168e-01
7.477129242969999905e+04	3.311137745576981928e-01
7.477148742970000603e+04	3.097304943868763871e-01
7.477168242969999847e+04	3.478767487385869828e-01
7.477187842969999474e+04	3.237298603959359866e-01
7.477207342970000172e+04	3.846307958894499279e-01
7.477226842969999416e+04	3.376817732184953513e-01
7.477246342970000114e+04	3.703988953859713718e-01
7.477265942969999742e+04	3.720600112657983516e-01
7.477285442970000440e+04	3.719403130774239230e-01
7.477304942969999684e+04	3.724680848129615640e-01
7.477324542969999311e+04	3.742235971696938890e-01
7.477344042970000010e+04	3.821308035314920915e-01
7.477363542970000708e+04	3.806139017633505262e-01
7.477383142970000335e+04	3.677717745128461502e-01
7.477402642969999579e+04	3.938929914537130372e-01
7.477422142970000277e+04	3.721688945845649243e-01
7.477441742969999905e+04	3.836990180920452076e-01
7.477461242970000603e+04	3.696125803082157546e-01
7.477480742969999847e+04	3.792512652372597159e-01
7.477500342969999474e+04	3.916294956270611749e-01
7.477519842970000172e+04	4.055982320125721685e-01
7.477539342969999416e+04	3.576951445186153933e-01
7.477558842970000114e+04	3.585416987651885989e-01
7.477578442969999742e+04	3.928754592510514954e-01
7.477597942970000440e+04	3.711696213563477897e-01
7.477617442969999684e+04	3.627968148108706714e-01
7.477637042969999311e+04	3.806115073985267827e-01
7.477656542970000010e+04	3.547792302754224636e-01
7.477676042970000708e+04	3.545612897869823144e-01
7.477695642970000335e+04	3.556223043143909024e-01
7.477715142969999579e+04	3.449357535480288561e-01
7.477734642970000277e+04	3.747177706550370857e-01
7.477754242969999905e+04	3.744389801900371850e-01
7.477773742970000603e+04	3.249121192615334053e-01
7.477793242969999847e+04	3.472334824500755701e-01
7.477812842969999474e+04	3.684683617203319272e-01
7.477832342970000172e+04	3.438143545499663389e-01
7.477851842969999416e+04	3.114484669874748590e-01
7.477871342970000114e+04	3.191622369486211142e-01
7.477890942969999742e+04	3.761428905302910408e-01
7.477910442970000440e+04	3.621084290419496199e-01
7.477929942969999684e+04	3.981743255210261623e-01
7.477949542969999311e+04	3.635486193661900955e-01
7.477969042970000010e+04	3.878266200391866647e-01
7.477988542970000708e+04	2.981875859238378723e-01
7.478008142970000335e+04	3.545780576731676348e-01
7.478027642969999579e+04	3.362520738633918427e-01
7.478047142970000277e+04	3.732207884821505672e-01
7.478066742969999905e+04	3.829848772914843380e-01
7.478086242970000603e+04	3.494674939839708117e-01
7.478105742969999847e+04	3.873984683407520890e-01
7.478125342969999474e+04	3.299809698822642190e-01
7.478144842970000172e+04	3.203590730564993549e-01
7.478164342969999416e+04	3.197258792394386262e-01
7.478183842970000114e+04	3.529792350328904149e-01
7.478203442969999742e+04	3.099248785312482823e-01
7.478222942970000440e+04	3.297376139649177418e-01
7.478242442969999684e+04	3.459564495420721641e-01
7.478262042969999311e+04	2.932274913520842574e-01
7.478281542970000010e+04	3.278590707140605076e-01
7.478301042970000708e+04	3.019130078978307097e-01
7.478320642970000335e+04	3.203362970248591068e-01
7.478340142969999579e+04	3.222969371380202119e-01
7.478359642970000277e+04	2.869947591969701506e-01
7.478379242969999905e+04	3.485463601791405353e-01
7.478398742970000603e+04	3.351075200338993199e-01
7.478418242969999847e+04	3.107466505455658279e-01
7.478437842969999474e+04	3.172469073063073353e-01
7.478457342970000172e+04	3.693767785885953003e-01
7.478476842969999416e+04	3.540738845591118178e-01
7.478496342970000114e+04	3.175731344836592029e-01
7.478515942969999742e+04	3.376913775648926475e-01
7.478535442970000440e+04	3.534786775715765827e-01
7.478554942969999684e+04	3.261566298589997359e-01
7.478574542969999311e+04	3.587655903287014780e-01
7.478594042970000010e+04	3.272704127965475607e-01
7.478613542970000708e+04	3.385410026686663798e-01
7.478633142970000335e+04	2.948265438063621957e-01
7.478652642969999579e+04	3.207967890990932602e-01
7.478672142970000277e+04	3.095049648284167176e-01
7.478691742969999905e+04	3.208675572071939541e-01
7.478711242970000603e+04	3.260798931761836883e-01
7.478730742969999847e+04	3.631176621325202802e-01
7.478750342969999474e+04	3.019202241096046180e-01
7.478769842970000172e+04	3.187244818151580006e-01
7.478789342969999416e+04	3.574317044774648622e-01
7.478808842970000114e+04	3.224480336497599353e-01
7.478828442969999742e+04	3.363323616491875612e-01
7.478847942970000440e+04	2.799040464334350276e-01
7.478867442969999684e+04	2.960737880536594702e-01
7.478887042969999311e+04	3.231459250717012566e-01
7.478906542970000010e+04	3.568652968557870508e-01
7.478926042970000708e+04	2.862634522145057758e-01
7.478945642970000335e+04	3.440348182299608482e-01
7.478965142969999579e+04	3.022286533529907615e-01
7.478984642970000277e+04	2.865852687182233183e-01
7.479004242969999905e+04	3.018193928236811985e-01
7.479023742970000603e+04	3.326432718437253300e-01
7.479043242969999847e+04	2.982223938744716918e-01
7.479062842969999474e+04	2.847575086160460955e-01
7.479082342970000172e+04	3.397045847882260716e-01
7.479101842969999416e+04	3.236051496984551079e-01
7.479121342970000114e+04	3.176786925012677898e-01
7.479140942969999742e+04	3.030062916609885804e-01
7.479160442970000440e+04	3.265450985982791821e-01
7.479179942969999684e+04	3.147617017577353238e-01
7.479199542969999311e+04	2.934231800944520074e-01
7.479219042970000010e+04	3.646320157243021498e-01
7.479238542970000708e+04	3.351842185361082471e-01
7.479258142970000335e+04	3.530546849563052092e-01
7.479277642969999579e+04	3.678064542274519511e-01
7.479297142970000277e+04	3.143226738876698789e-01
7.479316742969999905e+04	3.220943063019490182e-01
7.479336242970000603e+04	2.931926764146197684e-01
7.479355742969999847e+04	3.259611985381596355e-01
7.479375342969999474e+04	3.869727029883200942e-01
7.479394842970000172e+04	3.519863897790553864e-01
7.479414342969999416e+04	3.486110607513470683e-01
7.479433842970000114e+04	3.491812169603747407e-01
7.479453442969999742e+04	3.490590417327865680e-01
7.479472942970000440e+04	3.518067174346040105e-01
7.479492442969999684e+04	3.663761044963642632e-01
7.479512042969999311e+04	3.512006943375016732e-01
7.479531542970000010e+04	3.536091947305131100e-01
7.479551042970000708e+04	3.226962506028456801e-01
7.479570642970000335e+04	3.351866172908142261e-01
7.479590142969999579e+04	3.050270933265064599e-01
7.479609642970000277e+04	3.514042812298896479e-01
7.479629242969999905e+04	3.448435044776250180e-01
7.479648742970000603e+04	3.316795345809726570e-01
7.479668242969999847e+04	3.455455520309307360e-01
7.479687842969999474e+04	3.413941063947962817e-01
7.479707342970000172e+04	3.392779892910713357e-01
7.479726842969999416e+04	3.447907832183751964e-01
7.479746342970000114e+04	3.651599122548248033e-01
7.479765942969999742e+04	3.620808784047859774e-01
7.479785442970000440e+04	3.464656035453312910e-01
7.479804942969999684e+04	3.271217760372007177e-01
7.479824542969999311e+04	2.986413020915357208e-01
7.479844042970000010e+04	2.982668007479247763e-01
7.479863542970000708e+04	3.492027729954454429e-01
7.479883142970000335e+04	3.063302265493756948e-01
7.479902642969999579e+04	3.129971869871379653e-01
7.479922142970000277e+04	3.556666292780796823e-01
7.479941742969999905e+04	3.679740327516523024e-01
7.479961242970000603e+04	3.322776944592256143e-01
7.479980742969999847e+04	3.315560890795339333e-01
7.480000342969999474e+04	3.136761268611358844e-01
7.480019842970000172e+04	3.077844668559954755e-01
7.480039342969999416e+04	3.081612160027766834e-01
7.480058842970000114e+04	3.310957860894614413e-01
7.480078442969999742e+04	3.215762675780275970e-01
7.480097942970000440e+04	3.360722875787125474e-01
7.480117442969999684e+04	3.556642427886664848e-01
7.480137042969999311e+04	3.084599522211632916e-01
7.480156542970000010e+04	3.414432427906248790e-01
7.480176042970000708e+04	3.567096368965589903e-01
7.480195642970000335e+04	3.672510794453067717e-01
7.480215142969999579e+04	3.634409013268005140e-01
7.480234642970000277e+04	3.089014746063138972e-01
7.480254242969999905e+04	3.502053497327910492e-01
7.480273742970000603e+04	3.594049990225389735e-01
7.480293242969999847e+04	3.328314330621608974e-01
7.480312842969999474e+04	3.249480639442392516e-01
7.480332342970000172e+04	3.074761064953932532e-01
7.480351842969999416e+04	3.207152561599500018e-01
7.480371342970000114e+04	3.782893680942009951e-01
7.480390942969999742e+04	3.166016211512978629e-01
7.480410442970000440e+04	2.832106510927623333e-01
7.480429942969999684e+04	3.208339655582985728e-01
7.480449542969999311e+04	3.010681193547135592e-01
7.480469042970000010e+04	3.629081554720503533e-01
7.480488542970000708e+04	3.193865045300015026e-01
7.480508142970000335e+04	2.855957609930861452e-01
7.480527642969999579e+04	3.069529807193287496e-01
7.480547142970000277e+04	3.047391080413479614e-01
7.480566742969999905e+04	3.035739184656307543e-01
7.480586242970000603e+04	2.996110841534829206e-01
7.480605742969999847e+04	2.875447313035195407e-01
7.480625342969999474e+04	3.184762251896167129e-01
7.480644842970000172e+04	3.390742720180597303e-01
7.480664342969999416e+04	3.152522695753656734e-01
7.480683842970000114e+04	3.162046412508772164e-01
7.480703442969999742e+04	2.963954983772065788e-01
7.480722942970000440e+04	3.304400990747069500e-01
7.480742442969999684e+04	3.334079645738938780e-01
7.480762042969999311e+04	3.582459300562401694e-01
7.480781542970000010e+04	3.182063831460624215e-01
7.480801042970000708e+04	3.719487117067199478e-01
7.480820642970000335e+04	2.869131153911972376e-01
7.480840142969999579e+04	3.646008791642980640e-01
7.480859642970000277e+04	3.146645390843723078e-01
7.480879242969999905e+04	3.254804202353511755e-01
7.480898742970000603e+04	3.070357646942234453e-01
7.480918242969999847e+04	3.251459132583036649e-01
7.480937842969999474e+04	2.694829015091730895e-01
7.480957342970000172e+04	2.728161344839552527e-01
7.480976842969999416e+04	3.041487272676928200e-01
7.480996342970000114e+04	2.957628902571425300e-01
7.481015942969999742e+04	2.967219991696481429e-01
7.481035442970000440e+04	3.622520744213257871e-01
7.481054942969999684e+04	3.206241017082493983e-01
7.481074542969999311e+04	2.832610993334387928e-01
7.481094042970000010e+04	3.177794285946689001e-01
7.481113542970000708e+04	3.305335961297739544e-01
7.481133142970000335e+04	2.927172558332618024e-01
7.481152642969999579e+04	3.317095180816682642e-01
7.481172142970000277e+04	3.507479369444119754e-01
7.481191742969999905e+04	3.209682803765545600e-01
7.481211242970000603e+04	2.698193652614335747e-01
7.481230742969999847e+04	3.204142360859805194e-01
7.481250342969999474e+04	3.119355141407886833e-01
7.481269842970000172e+04	3.212069013919069960e-01
7.481289342969999416e+04	3.322644946118558096e-01
7.481308842970000114e+04	2.989905690300886931e-01
7.481328442969999742e+04	2.878845716428735102e-01
7.481347942970000440e+04	3.245919724065906564e-01
7.481367442969999684e+04	3.315489020592128355e-01
7.481387042969999311e+04	2.976654608213422648e-01
7.481406542970000010e+04	3.088115135489566399e-01
7.481426042970000708e+04	3.289032680253249907e-01
7.481445642970000335e+04	2.947449153707637493e-01
7.481465142969999579e+04	3.385494126146930682e-01
7.481484642970000277e+04	3.482924232081092697e-01
7.481504242969999905e+04	3.449992389038740725e-01
7.481523742970000603e+04	3.298634986653130596e-01
7.481543242969999847e+04	3.499969377770248968e-01
7.481562842969999474e+04	3.484673054818987481e-01
7.481582342970000172e+04	3.019346049825362144e-01
7.481601842969999416e+04	3.370514090906340243e-01
7.481621342970000114e+04	3.203123157261131837e-01
7.481640942969999742e+04	3.592924392745686646e-01
7.481660442970000440e+04	3.478839516131451148e-01
7.481679942969999684e+04	3.262609464645720436e-01
7.481699542969999311e+04	2.924831464551065352e-01
7.481719042970000010e+04	3.639891632802054744e-01
7.481738542970000708e+04	3.066589881911916393e-01
7.481758142970000335e+04	3.401886800693869617e-01
7.481777642969999579e+04	3.288217307901515341e-01
7.481797142970000277e+04	3.940292939812621853e-01
7.481816742969999905e+04	3.088858713485276297e-01
7.481836242970000603e+04	3.395056471043567115e-01
7.481855742969999847e+04	3.088870668428675970e-01
7.481875342969999474e+04	3.470717423034503923e-01
7.481894842970000172e+04	3.513899083875582363e-01
7.481914342969999416e+04	3.405792967320291353e-01
7.481933842970000114e+04	3.512102625884754303e-01
7.481953442969999742e+04	4.119243126931060317e-01
7.481972942970000440e+04	3.669111612378941345e-01
7.481992442969999684e+04	3.347263815873890991e-01
7.482012042969999311e+04	3.025406661709872935e-01
7.482031542970000010e+04	2.968660231694784102e-01
7.482051042970000708e+04	3.085295496386528669e-01
7.482070642970000335e+04	3.445020543828078985e-01
7.482090142969999579e+04	3.369543438431321647e-01
7.482109642970000277e+04	3.364318279626150598e-01
7.482129242969999905e+04	3.207620127322456938e-01
7.482148742970000603e+04	3.446218542050782929e-01
7.482168242969999847e+04	3.885477814622202430e-01
7.482187842969999474e+04	3.428894190149449628e-01
7.482207342970000172e+04	3.383193269931705771e-01
7.482226842969999416e+04	3.460918222603481809e-01
7.482246342970000114e+04	3.235823663418706531e-01
7.482265942969999742e+04	3.495130337760148365e-01
7.482285442970000440e+04	3.554953877931907869e-01
7.482304942969999684e+04	3.428666636349610997e-01
7.482324542969999311e+04	3.038415278742760961e-01
7.482344042970000010e+04	3.304280927093152798e-01
7.482363542970000708e+04	3.064934277646091942e-01
7.482383142970000335e+04	3.335242556052531171e-01
7.482402642969999579e+04	3.117951634302897901e-01
7.482422142970000277e+04	3.727947793522545794e-01
7.482441742969999905e+04	3.179509406931160242e-01
7.482461242970000603e+04	3.125257307005888663e-01
7.482480742969999847e+04	3.528007941249811097e-01
7.482500342969999474e+04	3.212512878413100736e-01
7.482519842970000172e+04	3.393175364553524531e-01
7.482539342969999416e+04	2.959657666931470033e-01
7.482558842970000114e+04	3.225763449637533142e-01
7.482578442969999742e+04	3.375403737508584356e-01
7.482597942970000440e+04	3.043659251131280996e-01
7.482617442969999684e+04	3.191298379966056586e-01
7.482637042969999311e+04	3.430439821428947766e-01
7.482656542970000010e+04	3.239600812087140014e-01
7.482676042970000708e+04	3.509791008433627013e-01
