# time(sec)	crack length FEA(mm)
1.160253942970000026e+04	1.225423501955376082e-01
1.160273442969999996e+04	1.341062305668785370e-01
1.160292942969999967e+04	1.045291203912217526e-01
1.160312542969999959e+04	1.333740492844999181e-01
1.160332042969999929e+04	1.711969749904174165e-01
1.160351542970000082e+04	1.324449047791720346e-01
1.160371142970000074e+04	1.737532271330373135e-01
1.160390642970000044e+04	1.402709003131246135e-01
1.160410142970000015e+04	1.638030037078603840e-01
1.160429642969999986e+04	1.459196017129968936e-01
1.160449242969999978e+04	1.646199796373402080e-01
1.160468742969999948e+04	1.605783145613575158e-01
1.160488242969999919e+04	1.876675033191474995e-01
1.160507842970000092e+04	1.696286021695456725e-01
1.160527342970000063e+04	1.801433175579063573e-01
1.160546842970000034e+04	2.182437565967969562e-01
1.160566442970000026e+04	1.450464648509779408e-01
1.160585942969999996e+04	1.581148740771283201e-01
1.160605442969999967e+04	1.545574747128775073e-01
1.160625042969999959e+04	1.512832977825411263e-01
1.160644542969999929e+04	1.480739161441917418e-01
1.160664042970000082e+04	1.399350966446668565e-01
1.160683642970000074e+04	1.123758969358323867e-01
1.160703142970000044e+04	1.524073363308815487e-01
1.160722642970000015e+04	1.191165109526828303e-01
1.160742142969999986e+04	1.197306331071956720e-01
1.160761742969999978e+04	1.626806886755929327e-01
1.160781242969999948e+04	1.472455303008004535e-01
1.160800742969999919e+04	1.415029097700433169e-01
1.160820342970000092e+04	1.347888447704921333e-01
1.160839842970000063e+04	1.416732294744385001e-01
1.160859342970000034e+04	1.421720533001185061e-01
1.160878942970000026e+04	1.247204217830564232e-01
1.160898442969999996e+04	1.519980512086842594e-01
1.160917942969999967e+04	1.805798954604416195e-01
1.160937542969999959e+04	1.537872619388771511e-01
1.160957042969999929e+04	1.151086317022596006e-01
1.160976542970000082e+04	1.032565703790098155e-01
1.160996142970000074e+04	1.497981991124159862e-01
1.161015642970000044e+04	1.634518412068182158e-01
1.161035142970000015e+04	1.222800437739515189e-01
1.161054642969999986e+04	1.405426713874504685e-01
1.161074242969999978e+04	1.557972443391477668e-01
1.161093742969999948e+04	1.246624070400912387e-01
1.161113242969999919e+04	1.807571598284756220e-01
1.161132842970000092e+04	1.704103913792121006e-01
1.161152342970000063e+04	1.766867450803051298e-01
1.161171842970000034e+04	1.794667642360519011e-01
1.161191442970000026e+04	1.504779701446175011e-01
1.161210942969999996e+04	1.969080503043159069e-01
1.161230442969999967e+04	1.758677586542507498e-01
1.161250042969999959e+04	1.565867128990063861e-01
1.161269542969999929e+04	1.287714794938779050e-01
1.161289042970000082e+04	1.349700653775123271e-01
1.161308642970000074e+04	1.431310362778166478e-01
1.161328142970000044e+04	1.710896038755933546e-01
1.161347642970000015e+04	2.215982979507558071e-01
1.161367142969999986e+04	1.507097939813881737e-01
1.161386742969999978e+04	1.374684144144602271e-01
1.161406242969999948e+04	1.606688319522611152e-01
1.161425742969999919e+04	1.549437803020907722e-01
1.161445342970000092e+04	1.594486184258965267e-01
1.161464842970000063e+04	1.177286366000309670e-01
1.161484342970000034e+04	1.433810314775705308e-01
1.161503942970000026e+04	1.301792849154139731e-01
1.161523442969999996e+04	1.430078377440953119e-01
1.161542942969999967e+04	1.831448234106520800e-01
1.161562542969999959e+04	1.657965112943671215e-01
1.161582042969999929e+04	1.312450600885188834e-01
1.161601542970000082e+04	9.905137402066266361e-02
1.161621142970000074e+04	1.713429475682275438e-01
1.161640642970000044e+04	1.672553317923775040e-01
1.161660142970000015e+04	1.745324837850219524e-01
1.161679642969999986e+04	1.724624707325101980e-01
1.161699242969999978e+04	1.636461235360826549e-01
1.161718742969999948e+04	1.396947168132278705e-01
1.161738242969999919e+04	2.097265972754431829e-01
1.161757842970000092e+04	1.333015555536256613e-01
1.161777342970000063e+04	1.915661642515864571e-01
1.161796842970000034e+04	1.123093942565471792e-01
1.161816442970000026e+04	1.902968182866793256e-01
1.161835942969999996e+04	1.637897351704804549e-01
1.161855442969999967e+04	1.889068580041808332e-01
1.161875042969999959e+04	1.537510388636587066e-01
1.161894542969999929e+04	1.594148192368027850e-01
1.161914042970000082e+04	1.425452594602418799e-01
1.161933642970000074e+04	1.464279986259580113e-01
1.161953142970000044e+04	1.459956699985553996e-01
1.161972642970000015e+04	1.511311722944945757e-01
1.161992142969999986e+04	1.580931522826176661e-01
1.162011742969999978e+04	1.597020797888042409e-01
1.162031242969999948e+04	2.007968570695854993e-01
1.162050742969999919e+04	1.898688596581106225e-01
1.162070342970000092e+04	1.689493293489974235e-01
1.162089842970000063e+04	1.705117236194944041e-01
1.162109342970000034e+04	1.670465772200824262e-01
1.162128942970000026e+04	1.228965099306265074e-01
1.162148442969999996e+04	1.719726945695363440e-01
1.162167942969999967e+04	1.785284705187528687e-01
1.162187542969999959e+04	1.507411883565179522e-01
1.162207042969999929e+04	1.327191830052427690e-01
1.162226542970000082e+04	1.775394691764660138e-01
1.162246142970000074e+04	1.684365590870200435e-01
1.162265642970000044e+04	1.809585593020734962e-01
1.162285142970000015e+04	1.459111473618275312e-01
1.162304642969999986e+04	1.691447816439666241e-01
1.162324242969999978e+04	1.701123926286012278e-01
1.162343742969999948e+04	2.102313107984983276e-01
1.162363242969999919e+04	1.923400417763758696e-01
1.162382842970000092e+04	1.769388303570362808e-01
1.162402342970000063e+04	1.894710383797395536e-01
1.162421842970000034e+04	1.892347678423167423e-01
1.162441442970000026e+04	1.712609248876084678e-01
1.162460942969999996e+04	1.859325563985496643e-01
1.162480442969999967e+04	1.706046301457497805e-01
1.162500042969999959e+04	1.935695051314230142e-01
1.162519542969999929e+04	2.384519769354511709e-01
1.162539042970000082e+04	2.000136041767301975e-01
1.162558642970000074e+04	1.622993227479074818e-01
1.162578142970000044e+04	1.508908996777442724e-01
1.162597642970000015e+04	1.628086110348405668e-01
1.162617142969999986e+04	1.566337882311774621e-01
1.162636742969999978e+04	1.485943428083515983e-01
1.162656242969999948e+04	1.810682913961674245e-01
1.162675742969999919e+04	1.786864593016339597e-01
1.162695342970000092e+04	8.265335374462523532e-02
1.162714842970000063e+04	1.558238106049287808e-01
1.162734342970000034e+04	1.720595335430346040e-01
1.162753942970000026e+04	1.182738840211339237e-01
1.162773442969999996e+04	1.422855864963583628e-01
1.162792942969999967e+04	1.452372797325462983e-01
1.162812542969999959e+04	1.829603356160998118e-01
1.162832042969999929e+04	1.344783527762576369e-01
1.162851542970000082e+04	1.706504563054789259e-01
1.162871142970000074e+04	1.641384880493195197e-01
1.162890642970000044e+04	1.366674688014910544e-01
1.162910142970000015e+04	1.118220630142001681e-01
1.162929642969999986e+04	1.782739769840642197e-01
1.162949242969999978e+04	1.789710852343358027e-01
1.162968742969999948e+04	1.330224575621414829e-01
1.162988242969999919e+04	1.790639396790254523e-01
1.163007842970000092e+04	1.504840167581189547e-01
1.163027342970000063e+04	1.281551574738575283e-01
1.163046842970000034e+04	1.310251393108625706e-01
1.163066442970000026e+04	1.110747203276893913e-01
1.163085942969999996e+04	1.051181988406426626e-01
1.163105442969999967e+04	1.169282733600311985e-01
1.163125042969999959e+04	1.119974038377762326e-01
1.163144542969999929e+04	1.394398496297544199e-01
1.163164042970000082e+04	9.676823080134866473e-02
1.163183642970000074e+04	1.368837092012959999e-01
1.163203142970000044e+04	1.544681381707295742e-01
1.163222642970000015e+04	1.269998303358654823e-01
1.163242142969999986e+04	1.451551508782316091e-01
1.163261742969999978e+04	9.386650118843320456e-02
1.163281242969999948e+04	1.281358222307815709e-01
1.163300742969999919e+04	1.374527037400206098e-01
1.163320342970000092e+04	1.252498075216745832e-01
1.163339842970000063e+04	1.393371674000434268e-01
1.163359342970000034e+04	1.169984007847943985e-01
1.163378942970000026e+04	1.330538678392834129e-01
1.163398442969999996e+04	1.603719407381767326e-01
1.163417942969999967e+04	1.152488882002629111e-01
1.163437542969999959e+04	1.248582035354175446e-01
1.163457042969999929e+04	1.411381440738956883e-01
1.163476542970000082e+04	1.328581352151942951e-01
1.163496142970000074e+04	1.048895874099446957e-01
1.163515642970000044e+04	1.437542300365830528e-01
1.163535142970000015e+04	1.306602203340379020e-01
1.163554642969999986e+04	7.872079122589425992e-02
1.163574242969999978e+04	1.523433487007004317e-01
1.163593742969999948e+04	1.367556649740624408e-01
1.163613242969999919e+04	1.044904124882641838e-01
1.163632842970000092e+04	1.381992612181619506e-01
1.163652342970000063e+04	1.216019199715780985e-01
1.163671842970000034e+04	1.502389047552821211e-01
1.163691442970000026e+04	1.312921871275598562e-01
1.163710942969999996e+04	1.503765569140558256e-01
1.163730442969999967e+04	6.687823194728181875e-02
1.163750042969999959e+04	1.041142238052152891e-01
1.163769542969999929e+04	1.054496283710033566e-01
1.163789042970000082e+04	1.187103122895543095e-01
1.163808642970000074e+04	9.227391855650779462e-02
1.163828142970000044e+04	1.383490577484849382e-01
1.163847642970000015e+04	1.890623684729568765e-01
1.163867142969999986e+04	1.291207172898154454e-01
1.163886742969999978e+04	1.567653602053109552e-01
1.163906242969999948e+04	1.134762854370325869e-01
1.163925742969999919e+04	1.212078532386371421e-01
1.163945342970000092e+04	1.440887688367791242e-01
1.163964842970000063e+04	1.489891935462921424e-01
1.163984342970000034e+04	1.388249951158933015e-01
1.164003942970000026e+04	9.612692341476325453e-02
1.164023442969999996e+04	1.300971140560065464e-01
1.164042942969999967e+04	1.234464721707162482e-01
1.164062542969999959e+04	1.168496888702268421e-01
1.164082042969999929e+04	1.490169701925871948e-01
1.164101542970000082e+04	1.014286762950185050e-01
1.164121142970000074e+04	1.100334907977629229e-01
1.164140642970000044e+04	1.429812682799962431e-01
1.164160142970000015e+04	1.359462389164605156e-01
1.164179642969999986e+04	9.204519039761827059e-02
1.164199242969999978e+04	1.554628616160158572e-01
1.164218742969999948e+04	7.124747209489257216e-02
1.164238242969999919e+04	1.463048266485671434e-01
1.164257842970000092e+04	1.220503818067157908e-01
1.164277342970000063e+04	1.204378202234366313e-01
1.164296842970000034e+04	1.012641483181990765e-01
1.164316442970000026e+04	9.518550481162968424e-02
1.164335942969999996e+04	1.044722736907068850e-01
1.164355442969999967e+04	1.148922058800661006e-01
1.164375042969999959e+04	7.626262809882611293e-02
1.164394542969999929e+04	1.374841147021488297e-01
1.164414042970000082e+04	1.074344588753977092e-01
1.164433642970000074e+04	1.063108299493986664e-01
1.164453142970000044e+04	8.814071993331396015e-02
1.164472642970000015e+04	9.478981503690064869e-02
1.164492142969999986e+04	8.925185149740499924e-02
1.164511742969999978e+04	8.120050806687473255e-02
1.164531242969999948e+04	9.553400161454739248e-02
1.164550742969999919e+04	1.101338692824356258e-01
1.164570342970000092e+04	1.073993782110385098e-01
1.164589842970000063e+04	6.673892007483850364e-02
1.164609342970000034e+04	6.938334059899631256e-02
1.164628942970000026e+04	6.325216583965520556e-02
1.164648442969999996e+04	5.848285063253300109e-02
1.164667942969999967e+04	1.297889711986055516e-01
1.164687542969999959e+04	1.220455463035321486e-01
1.164707042969999929e+04	1.137241662077137505e-01
1.164726542970000082e+04	1.292053120395451060e-01
1.164746142970000074e+04	7.537375585885364160e-02
1.164765642970000044e+04	1.205055152840621702e-01
1.164785142970000015e+04	5.245690483910614432e-02
1.164804642969999986e+04	1.404218776894001763e-01
1.164824242969999978e+04	1.473409295629490856e-01
1.164843742969999948e+04	1.237643621411343986e-01
1.164863242969999919e+04	1.232603341775408978e-01
1.164882842970000092e+04	1.083185656397276375e-01
1.164902342970000063e+04	9.844763440653991893e-02
1.164921842970000034e+04	7.819890470385715275e-02
1.164941442970000026e+04	1.254915309856947658e-01
1.164960942969999996e+04	9.951233314138718811e-02
1.164980442969999967e+04	7.711151129818105687e-02
1.165000042969999959e+04	4.895363180916767476e-02
1.165019542969999929e+04	1.134254958040070704e-01
1.165039042970000082e+04	9.874285870812826715e-02
1.165058642970000074e+04	5.623359058493804241e-02
1.165078142970000044e+04	9.278583325958322803e-02
1.165097642970000015e+04	7.988318973650265775e-02
1.165117142969999986e+04	7.333189438314846598e-02
1.165136742969999978e+04	8.504189041811471839e-02
1.165156242969999948e+04	7.682330214382560030e-02
1.165175742969999919e+04	7.965676614221273155e-02
1.165195342970000092e+04	8.315940854414272110e-02
1.165214842970000063e+04	1.100226090881673002e-01
1.165234342970000034e+04	1.105885795159284868e-01
1.165253942970000026e+04	1.271098008017155223e-01
1.165273442969999996e+04	9.826372766550406368e-02
1.165292942969999967e+04	1.040162371417547860e-01
1.165312542969999959e+04	6.820229055201743051e-02
1.165332042969999929e+04	1.390291389435844849e-01
1.165351542970000082e+04	1.144956118231412745e-01
1.165371142970000074e+04	9.893159358401781844e-02
1.165390642970000044e+04	1.106236484600149339e-01
1.165410142970000015e+04	9.508749064554322672e-02
1.165429642969999986e+04	1.081165948799380772e-01
1.165449242969999978e+04	1.193667577549035741e-01
1.165468742969999948e+04	1.056225906631258482e-01
1.165488242969999919e+04	8.852320485508258230e-02
1.165507842970000092e+04	1.416720155771287182e-01
1.165527342970000063e+04	1.234839444281305987e-01
1.165546842970000034e+04	1.485496691448346951e-01
1.165566442970000026e+04	1.156902046811953966e-01
1.165585942969999996e+04	1.300729463492587001e-01
1.165605442969999967e+04	1.089510944693365957e-01
1.165625042969999959e+04	1.016246621248289017e-01
1.165644542969999929e+04	1.407069382633689969e-01
1.165664042970000082e+04	1.050153856206144098e-01
1.165683642970000074e+04	1.597744983316218281e-01
1.165703142970000044e+04	1.595862096852869172e-01
1.165722642970000015e+04	1.394797042502755602e-01
1.165742142969999986e+04	1.507834519478130630e-01
1.165761742969999978e+04	1.648745911388953544e-01
1.165781242969999948e+04	1.446008337320847659e-01
1.165800742969999919e+04	1.506409689105403515e-01
1.165820342970000092e+04	1.860796652406211393e-01
1.165839842970000063e+04	1.089777051405924624e-01
1.165859342970000034e+04	1.184310438500020268e-01
1.165878942970000026e+04	1.706227243382336667e-01
1.165898442969999996e+04	1.033339899227208036e-01
1.165917942969999967e+04	1.686018559905093639e-01
1.165937542969999959e+04	1.557236114624522827e-01
1.165957042969999929e+04	1.236870065234647598e-01
1.165976542970000082e+04	1.356997914725805998e-01
1.165996142970000074e+04	1.516744867075736636e-01
1.166015642970000044e+04	8.455161201983685260e-02
1.166035142970000015e+04	1.285551640439024368e-01
1.166054642969999986e+04	1.152960452499023347e-01
1.166074242969999978e+04	9.675975885901522133e-02
1.166093742969999948e+04	1.352660742113886982e-01
1.166113242969999919e+04	1.263181982911287804e-01
1.166132842970000092e+04	9.229328139444348267e-02
1.166152342970000063e+04	1.250527993771477497e-01
1.166171842970000034e+04	9.027336792641449392e-02
1.166191442970000026e+04	1.548604803247659589e-01
1.166210942969999996e+04	1.206046453539038055e-01
1.166230442969999967e+04	1.249536878918462435e-01
1.166250042969999959e+04	1.486692101719953030e-01
1.166269542969999929e+04	1.277321891455862612e-01
1.166289042970000082e+04	1.048605576836241227e-01
1.166308642970000074e+04	1.056225906631258482e-01
1.166328142970000044e+04	1.353687627139521510e-01
1.166347642970000015e+04	1.043029183894716994e-01
1.166367142969999986e+04	1.598420853270088315e-01
1.166386742969999978e+04	1.409460944701343976e-01
1.166406242969999948e+04	1.227599166582216128e-01
1.166425742969999919e+04	1.059189308178876132e-01
1.166445342970000092e+04	1.439076036673654357e-01
1.166464842970000063e+04	1.792665544864302518e-01
1.166484342970000034e+04	1.597141478325081465e-01
1.166503942970000026e+04	1.756253191971417493e-01
1.166523442969999996e+04	1.481970794384785961e-01
1.166542942969999967e+04	1.039037424702033974e-01
1.166562542969999959e+04	8.641583384742368423e-02
1.166582042969999929e+04	1.593605019782913246e-01
1.166601542970000082e+04	1.467238620088515688e-01
1.166621142970000074e+04	1.136661250379269461e-01
1.166640642970000044e+04	1.163370568604253918e-01
1.166660142970000015e+04	1.186002967502126637e-01
1.166679642969999986e+04	1.745553932840984146e-01
1.166699242969999978e+04	1.343514897777549066e-01
1.166718742969999948e+04	1.576730832925186121e-01
1.166738242969999919e+04	1.533755830378176199e-01
1.166757842970000092e+04	1.461659592180382106e-01
1.166777342970000063e+04	1.685137717081808262e-01
1.166796842970000034e+04	1.436938409871615363e-01
1.166816442970000026e+04	1.629582607071196065e-01
1.166835942969999996e+04	1.406851910176278864e-01
1.166855442969999967e+04	1.396367356123739967e-01
1.166875042969999959e+04	1.763924576166449043e-01
1.166894542969999929e+04	1.720535128554150361e-01
1.166914042970000082e+04	1.610659185858054343e-01
1.166933642970000074e+04	1.296475896587363508e-01
1.166953142970000044e+04	1.557223982446753752e-01
1.166972642970000015e+04	1.715757806713575917e-01
1.166992142969999986e+04	1.904752254178099236e-01
1.167011742969999978e+04	1.667944027778389682e-01
1.167031242969999948e+04	1.554411375245390303e-01
1.167050742969999919e+04	1.418966685817029116e-01
1.167070342970000092e+04	2.013607694790842118e-01
1.167089842970000063e+04	2.063704935725816370e-01
1.167109342970000034e+04	1.936430372257547106e-01
1.167128942970000026e+04	1.733503210607096889e-01
1.167148442969999996e+04	1.790000304144552246e-01
1.167167942969999967e+04	2.099747389307715650e-01
1.167187542969999959e+04	1.623644978785403481e-01
1.167207042969999929e+04	1.283388456930936172e-01
1.167226542970000082e+04	1.571443943731836157e-01
1.167246142970000074e+04	1.582488541045119490e-01
1.167265642970000044e+04	1.253730828233976524e-01
1.167285142970000015e+04	1.724986564216752782e-01
1.167304642969999986e+04	1.094445274681277169e-01
1.167324242969999978e+04	1.865064769143298662e-01
1.167343742969999948e+04	1.878784887427382699e-01
1.167363242969999919e+04	1.113976043535931382e-01
1.167382842970000092e+04	1.469641745313801096e-01
1.167402342970000063e+04	1.810357333445864469e-01
1.167421842970000034e+04	1.913805270049593332e-01
1.167441442970000026e+04	1.529288968398923032e-01
1.167460942969999996e+04	1.678586176554492937e-01
1.167480442969999967e+04	1.632237529505520257e-01
1.167500042969999959e+04	1.497172986924226734e-01
1.167519542969999929e+04	1.227478329122071443e-01
1.167539042970000082e+04	1.699217669129602371e-01
1.167558642970000074e+04	1.549570535207749344e-01
1.167578142970000044e+04	1.554664909373393300e-01
1.167597642970000015e+04	1.625141502015985395e-01
1.167617142969999986e+04	1.735047261517319583e-01
1.167636742969999978e+04	1.465946439342538099e-01
1.167656242969999948e+04	1.404279163505393058e-01
1.167675742969999919e+04	1.762115256803458152e-01
1.167695342970000092e+04	1.520499679935589654e-01
1.167714842970000063e+04	1.536254865631114797e-01
1.167734342970000034e+04	1.216732409145198091e-01
1.167753942970000026e+04	1.928945155548351664e-01
1.167773442969999996e+04	1.457577756010159931e-01
1.167792942969999967e+04	1.431938335798488282e-01
1.167812542969999959e+04	1.695646481070163247e-01
1.167832042969999929e+04	1.496351948712781876e-01
1.167851542970000082e+04	1.358121397609313163e-01
1.167871142970000074e+04	1.304209599133479003e-01
1.167890642970000044e+04	1.149188029938681410e-01
1.167910142970000015e+04	1.116696910532795073e-01
1.167929642969999986e+04	1.345798406379845602e-01
1.167949242969999978e+04	1.401307751472629093e-01
1.167968742969999948e+04	1.556644540658105313e-01
1.167988242969999919e+04	1.175448708023303368e-01
1.168007842970000092e+04	1.681120043742101444e-01
1.168027342970000063e+04	1.409702486015618206e-01
1.168046842970000034e+04	1.498658129940970696e-01
1.168066442970000026e+04	1.540202581274545679e-01
1.168085942969999996e+04	1.604190089655155305e-01
1.168105442969999967e+04	1.914661182893766522e-01
1.168125042969999959e+04	1.972732164551693756e-01
1.168144542969999929e+04	1.669778073350336456e-01
1.168164042970000082e+04	1.702680301854631040e-01
1.168183642970000074e+04	1.763743572292248984e-01
1.168203142970000044e+04	1.494697729027887334e-01
1.168222642970000015e+04	2.181968073024993515e-01
1.168242142969999986e+04	1.959451182394200686e-01
1.168261742969999978e+04	2.186290808833000199e-01
1.168281242969999948e+04	1.962403872503752922e-01
1.168300742969999919e+04	1.866511485853017405e-01
1.168320342970000092e+04	1.614774505383387293e-01
1.168339842970000063e+04	2.259996675871320804e-01
1.168359342970000034e+04	1.682471436011176991e-01
1.168378942970000026e+04	2.119597524931151611e-01
1.168398442969999996e+04	1.955112307696911245e-01
1.168417942969999967e+04	1.651074843357829280e-01
1.168437542969999959e+04	1.934574257351187043e-01
1.168457042969999929e+04	2.204424445986177261e-01
1.168476542970000082e+04	2.038645563984893272e-01
1.168496142970000074e+04	1.720728184286670626e-01
1.168515642970000044e+04	2.452104728971633563e-01
1.168535142970000015e+04	1.338597546855861964e-01
1.168554642969999986e+04	2.031235645807267787e-01
1.168574242969999978e+04	2.326712669008905721e-01
1.168593742969999948e+04	2.126041214348042274e-01
1.168613242969999919e+04	1.731102612727966061e-01
1.168632842970000092e+04	1.961005849875228080e-01
1.168652342970000063e+04	1.944759061583241078e-01
1.168671842970000034e+04	1.993749249113001554e-01
1.168691442970000026e+04	1.542967127436369879e-01
1.168710942969999996e+04	1.792701803628311552e-01
1.168730442969999967e+04	1.912949354278836722e-01
1.168750042969999959e+04	1.305454242769954476e-01
1.168769542969999929e+04	1.543063671860345210e-01
1.168789042970000082e+04	1.677174546044195580e-01
1.168808642970000074e+04	1.879773373859254804e-01
1.168828142970000044e+04	1.786092676607928809e-01
1.168847642970000015e+04	1.544041557970121659e-01
1.168867142969999986e+04	1.272004431280855385e-01
1.168886742969999978e+04	1.766228193901575594e-01
1.168906242969999948e+04	1.473916527372143292e-01
1.168925742969999919e+04	1.718255028584092514e-01
1.168945342970000092e+04	2.039946799795639976e-01
1.168964842970000063e+04	1.940998487101524006e-01
1.168984342970000034e+04	9.794430640552853617e-02
1.169003942970000026e+04	1.641867516489732282e-01
1.169023442969999996e+04	1.411478139556638922e-01
1.169042942969999967e+04	1.723683690436423888e-01
1.169062542969999959e+04	1.518821455098358086e-01
1.169082042969999929e+04	1.916264484294671888e-01
1.169101542970000082e+04	1.879809723573995228e-01
1.169121142970000074e+04	1.140131589667721101e-01
1.169140642970000044e+04	1.372026391188079231e-01
1.169160142970000015e+04	1.495603200179473902e-01
1.169179642969999986e+04	1.690603369876910733e-01
1.169199242969999978e+04	1.564116831356798798e-01
1.169218742969999948e+04	1.641964126504582566e-01
1.169238242969999919e+04	1.802229078181518673e-01
1.169257842970000092e+04	1.625479348467031571e-01
1.169277342970000063e+04	1.883836224408277360e-01
1.169296842970000034e+04	1.958426672260991097e-01
1.169316442970000026e+04	1.588632224741566290e-01
1.169335942969999996e+04	1.257296236924254629e-01
1.169355442969999967e+04	1.309598920778487496e-01
1.169375042969999959e+04	1.510478596561384279e-01
1.169394542969999929e+04	1.556125551305491683e-01
1.169414042970000082e+04	1.896518745483888324e-01
1.169433642970000074e+04	9.361479262937422163e-02
1.169453142970000044e+04	1.669005796175184742e-01
1.169472642970000015e+04	1.977878293549579780e-01
1.169492142969999986e+04	1.580931522826176661e-01
1.169511742969999978e+04	1.361806149577677871e-01
1.169531242969999948e+04	1.128716850026130203e-01
1.169550742969999919e+04	1.401778813621170627e-01
1.169570342970000092e+04	1.039134194174557990e-01
1.169589842970000063e+04	1.025634165797875141e-01
1.169609342970000034e+04	1.568100296097618696e-01
1.169628942970000026e+04	1.293237338302475337e-01
1.169648442969999996e+04	1.169536688053263163e-01
1.169667942969999967e+04	1.129285199904082049e-01
1.169687542969999959e+04	9.254863639248434026e-02
1.169707042969999929e+04	1.424413968219777615e-01
1.169726542970000082e+04	1.564841008114861154e-01
1.169746142970000074e+04	1.150554316164775770e-01
1.169765642970000044e+04	1.349869918260271362e-01
1.169785142970000015e+04	1.533345371464900353e-01
1.169804642969999986e+04	1.604358975215838257e-01
1.169824242969999978e+04	1.351730367163579416e-01
1.169843742969999948e+04	1.485387989216668814e-01
1.169863242969999919e+04	1.601064079292022768e-01
1.169882842970000092e+04	1.084588672915316465e-01
1.169902342970000063e+04	1.399725432718224027e-01
1.169921842970000034e+04	1.246926213600278999e-01
1.169941442970000026e+04	1.444812733234162039e-01
1.169960942969999996e+04	1.193776354206050883e-01
1.169980442969999967e+04	1.633528750215162972e-01
1.170000042969999959e+04	1.513774786371762104e-01
1.170019542969999929e+04	1.317924274528543549e-01
1.170039042970000082e+04	1.144641710678016011e-01
1.170058642970000074e+04	1.253936276100215963e-01
1.170078142970000044e+04	1.350606855685221319e-01
1.170097642970000015e+04	1.100008363053976979e-01
1.170117142969999986e+04	7.788044159446450010e-02
1.170136742969999978e+04	1.689119259549016761e-01
1.170156242969999948e+04	1.786249525739194155e-01
1.170175742969999919e+04	1.422674718491983015e-01
1.170195342970000092e+04	1.489131239624708058e-01
1.170214842970000063e+04	1.663564030127595572e-01
