# time(sec)	crack length FEA(mm)
5.326757742970000254e+04	2.733135364041636706e-01
5.326777242970000225e+04	2.932719071391094445e-01
5.326796742970000196e+04	2.757140107722975131e-01
5.326816342969999823e+04	2.694937192879205412e-01
5.326835842969999794e+04	2.812024805215038725e-01
5.326855342969999765e+04	2.591740054107383173e-01
5.326874942970000120e+04	2.095182172232270545e-01
5.326894442970000091e+04	2.709404826319268267e-01
5.326913942970000062e+04	2.227709340553936102e-01
5.326933542969999689e+04	2.644990499781734172e-01
5.326953042969999660e+04	2.536506049301365806e-01
5.326972542970000359e+04	2.427649725580565132e-01
5.326992042970000330e+04	2.683833344495738515e-01
5.327011642969999957e+04	2.709981602612359097e-01
5.327031142969999928e+04	3.074773020574994575e-01
5.327050642969999899e+04	2.700909400969457863e-01
5.327070242970000254e+04	2.488283658015220112e-01
5.327089742970000225e+04	2.992594237009367220e-01
5.327109242970000196e+04	2.510351781775650437e-01
5.327128842969999823e+04	2.730912683082191705e-01
5.327148342969999794e+04	2.216392217439313583e-01
5.327167842969999765e+04	2.799629002006192025e-01
5.327187442970000120e+04	2.902704096530595024e-01
5.327206942970000091e+04	3.007548818736367480e-01
5.327226442970000062e+04	2.453740542998676943e-01
5.327246042969999689e+04	2.635507278439046530e-01
5.327265542969999660e+04	2.690791410751369739e-01
5.327285042970000359e+04	2.153500403074488645e-01
5.327304542970000330e+04	2.610228799310032599e-01
5.327324142969999957e+04	2.053211608644005537e-01
5.327343642969999928e+04	2.643668460155002009e-01
5.327363142969999899e+04	2.490039691947210088e-01
5.327382742970000254e+04	2.687414595836230546e-01
5.327402242970000225e+04	2.409460259028310958e-01
5.327421742970000196e+04	2.807112203288539831e-01
5.327441342969999823e+04	3.133918275533211784e-01
5.327460842969999794e+04	3.232598127465315940e-01
5.327480342969999765e+04	3.000851771369141829e-01
5.327499942970000120e+04	2.636949644211625809e-01
5.327519442970000091e+04	3.148324458364690770e-01
5.327538942970000062e+04	2.725181571418247017e-01
5.327558542969999689e+04	2.822462344004801338e-01
5.327578042969999660e+04	2.120826020581461080e-01
5.327597542970000359e+04	2.236329370247780446e-01
5.327617042970000330e+04	2.639978481926945619e-01
5.327636642969999957e+04	2.400713817933368688e-01
5.327656142969999928e+04	2.723319027217314670e-01
5.327675642969999899e+04	2.677896857761226102e-01
5.327695242970000254e+04	2.020500106973095455e-01
5.327714742970000225e+04	2.576556112388495023e-01
5.327734242970000196e+04	2.919116673567891951e-01
5.327753842969999823e+04	3.081060257787768819e-01
5.327773342969999794e+04	2.876708297641190626e-01
5.327792842969999765e+04	2.936896921570983920e-01
5.327812442970000120e+04	2.552678464206614706e-01
5.327831942970000091e+04	2.541532334969005547e-01
5.327851442970000062e+04	2.539452031209421534e-01
5.327871042969999689e+04	2.530024911245210006e-01
5.327890542969999660e+04	2.964543131738750503e-01
5.327910042970000359e+04	2.216548693630855382e-01
5.327929542970000330e+04	2.552979014554246362e-01
5.327949142969999957e+04	2.531768463116002010e-01
5.327968642969999928e+04	2.543612414808364974e-01
5.327988142969999899e+04	2.540245587388749726e-01
5.328007742970000254e+04	3.071545394279162622e-01
5.328027242970000225e+04	2.948049405513906152e-01
5.328046742970000196e+04	3.114268781625195714e-01
5.328066342969999823e+04	2.594997965360708037e-01
5.328085842969999794e+04	2.961770348359884508e-01
5.328105342969999765e+04	2.552209563628267119e-01
5.328124942970000120e+04	2.605444390853595138e-01
5.328144442970000091e+04	3.068137665585659590e-01
5.328163942970000062e+04	2.736763897644944876e-01
5.328183542969999689e+04	2.955048146045911039e-01
5.328203042969999660e+04	3.049179151463032866e-01
5.328222542970000359e+04	2.993506565025416677e-01
5.328242042970000330e+04	2.528149133303063678e-01
5.328261642969999957e+04	2.820048148783556030e-01
5.328281142969999928e+04	2.991129803849457147e-01
5.328300642969999899e+04	3.106374974712249326e-01
5.328320242970000254e+04	2.819856043868043116e-01
5.328339742970000225e+04	2.942983568925843230e-01
5.328359242970000196e+04	2.994106602647370607e-01
5.328378842969999823e+04	3.188552126874100168e-01
5.328398342969999794e+04	3.032594961523429333e-01
5.328417842969999765e+04	2.848091606908038642e-01
5.328437442970000120e+04	2.613125689538478014e-01
5.328456942970000091e+04	2.696235012998791092e-01
5.328476442970000062e+04	2.802968287250422463e-01
5.328496042969999689e+04	2.895992263028084324e-01
5.328515542969999660e+04	3.219911567657156581e-01
5.328535042970000359e+04	2.964423006960181795e-01
5.328554542970000330e+04	3.457671631819323466e-01
5.328574142969999957e+04	3.285280277023794326e-01
5.328593642969999928e+04	2.814030716924964537e-01
5.328613142969999899e+04	3.340408406561063970e-01
5.328632742970000254e+04	3.322141456756284583e-01
5.328652242970000225e+04	2.724484486517653181e-01
5.328671742970000196e+04	2.823747325978249734e-01
5.328691342969999823e+04	2.858719606159798587e-01
5.328710842969999794e+04	3.054842820586518570e-01
5.328730342969999765e+04	3.229336602072869766e-01
5.328749942970000120e+04	2.924423284278816482e-01
5.328769442970000091e+04	3.406703676859095253e-01
5.328788942970000062e+04	3.414624176920622034e-01
5.328808542969999689e+04	3.018361963482298904e-01
5.328828042969999660e+04	3.006732831922391824e-01
5.328847542970000359e+04	3.366775169024887049e-01
5.328867042970000330e+04	2.997887424976664050e-01
5.328886642969999957e+04	2.982427981570232589e-01
5.328906142969999928e+04	2.909199785942249150e-01
5.328925642969999899e+04	3.128604384839821506e-01
5.328945242970000254e+04	2.612512755600064907e-01
5.328964742970000225e+04	2.684650596508255660e-01
5.328984242970000196e+04	2.853771923376413611e-01
5.329003842969999823e+04	2.668931677237278421e-01
5.329023342969999794e+04	2.835673561325062764e-01
5.329042842969999765e+04	3.407278838440497282e-01
5.329062442970000120e+04	2.847875384252933628e-01
5.329081942970000091e+04	2.507044626551291344e-01
5.329101442970000062e+04	2.758365469377785928e-01
5.329121042969999689e+04	2.669604451183111848e-01
5.329140542969999660e+04	2.915346927032036461e-01
5.329160042970000359e+04	3.153866042560711236e-01
5.329179542970000330e+04	2.645242930604059239e-01
5.329199142969999957e+04	3.174699970885299649e-01
5.329218642969999928e+04	3.210954044238878424e-01
5.329238142969999899e+04	3.253149851144954141e-01
5.329257742970000254e+04	2.878149061437795808e-01
5.329277242970000225e+04	3.113285173838935549e-01
5.329296742970000196e+04	3.068833788897595838e-01
5.329316342969999823e+04	2.902211720034042486e-01
5.329335842969999794e+04	2.676082168971198882e-01
5.329355342969999765e+04	3.211925316610830805e-01
5.329374942970000120e+04	2.876552131877794238e-01
5.329394442970000091e+04	3.207356419950802007e-01
5.329413942970000062e+04	2.921902204529303049e-01
5.329433542969999689e+04	2.991814079977253016e-01
5.329453042969999660e+04	2.625939443053830757e-01
5.329472542970000359e+04	2.542891066279011625e-01
5.329492042970000330e+04	2.317783035590785801e-01
5.329511642969999957e+04	2.755722379265375110e-01
5.329531142969999928e+04	3.029690782282088435e-01
5.329550642969999899e+04	2.833091540247139051e-01
5.329570242970000254e+04	3.039711103641060674e-01
5.329589742970000225e+04	2.890853167570384130e-01
5.329609242970000196e+04	2.891285641197463008e-01
5.329628842969999823e+04	2.820780766652770666e-01
5.329648342969999794e+04	2.589431846398060344e-01
5.329667842969999765e+04	2.844884972668246803e-01
5.329687442970000120e+04	2.804601904093111386e-01
5.329706942970000091e+04	2.865252340299111466e-01
5.329726442970000062e+04	2.480285788857887752e-01
5.329746042969999689e+04	3.077496619757909002e-01
5.329765542969999660e+04	3.208783320717678578e-01
5.329785042970000359e+04	3.268028522875265907e-01
5.329804542970000330e+04	2.773790537894242902e-01
5.329824142969999957e+04	3.412958538964474542e-01
5.329843642969999928e+04	3.023066595015340141e-01
5.329863142969999899e+04	2.836226008019124833e-01
5.329882742970000254e+04	3.289404323570543909e-01
5.329902242970000225e+04	3.423226793111400212e-01
5.329921742970000196e+04	3.265139142163970831e-01
5.329941342969999823e+04	2.867978336752674551e-01
5.329960842969999794e+04	3.075289069982112267e-01
5.329980342969999765e+04	2.694480533655649879e-01
5.329999942970000120e+04	3.221722398497472994e-01
5.330019442970000091e+04	3.237910104324228655e-01
5.330038942970000062e+04	3.261446523196376290e-01
5.330058542969999689e+04	2.807532750732928406e-01
5.330078042969999660e+04	3.475796797907744207e-01
5.330097542970000359e+04	2.562176816162384796e-01
5.330117042970000330e+04	2.950942473111872744e-01
5.330136642969999957e+04	3.091642344702698608e-01
5.330156142969999928e+04	2.317397844345610025e-01
5.330175642969999899e+04	2.803977162733257700e-01
5.330195242970000254e+04	2.829716550324707924e-01
5.330214742970000225e+04	2.905489811153536550e-01
5.330234242970000196e+04	2.930186009968522853e-01
5.330253842969999823e+04	2.874762923215428145e-01
5.330273342969999794e+04	2.865384478629078302e-01
5.330292842969999765e+04	2.956272431076012452e-01
5.330312442970000120e+04	2.692293429915544323e-01
5.330331942970000091e+04	2.679843666889425435e-01
5.330351442970000062e+04	2.816793281362617307e-01
5.330371042969999689e+04	2.901923760810589670e-01
5.330390542969999660e+04	2.858971820535423092e-01
5.330410042970000359e+04	2.963162775959951034e-01
5.330429542970000330e+04	3.187748683974778174e-01
5.330449142969999957e+04	2.899786540146553904e-01
5.330468642969999928e+04	2.899414314094439504e-01
5.330488142969999899e+04	3.096525115178394572e-01
5.330507742970000254e+04	2.892582129300507177e-01
5.330527242970000225e+04	2.467729249406289682e-01
5.330546742970000196e+04	2.886494455702059980e-01
5.330566342969999823e+04	2.475763577539211724e-01
5.330585842969999794e+04	2.903124276289741346e-01
5.330605342969999765e+04	1.930090202993639537e-01
5.330624942970000120e+04	2.587881084794734221e-01
5.330644442970000091e+04	2.891525651875053171e-01
5.330663942970000062e+04	2.803761004953226887e-01
5.330683542969999689e+04	2.935408235978993474e-01
5.330703042969999660e+04	2.889376274269004341e-01
5.330722542970000359e+04	3.177134422756662246e-01
5.330742042970000330e+04	2.732366468943006055e-01
5.330761642969999957e+04	2.689469510786839379e-01
5.330781142969999928e+04	3.063122201352275198e-01
5.330800642969999899e+04	2.867305891995446387e-01
5.330820242970000254e+04	2.812469280821119355e-01
5.330839742970000225e+04	2.516184106343359872e-01
5.330859242970000196e+04	2.709573070078832302e-01
5.330878842969999823e+04	2.596945421922836061e-01
5.330898342969999794e+04	2.753295669272084467e-01
5.330917842969999765e+04	2.875063085372495664e-01
5.330937442970000120e+04	2.591764115036205851e-01
5.330956942970000091e+04	2.721324460817857727e-01
5.330976442970000062e+04	3.366104174827668771e-01
5.330996042969999689e+04	2.782403691449246708e-01
5.331015542969999660e+04	2.588926974747245424e-01
5.331035042970000359e+04	2.620975158425729035e-01
5.331054542970000330e+04	2.251353368888331374e-01
5.331074142969999957e+04	2.883540711769256859e-01
5.331093642969999928e+04	2.530229324740300711e-01
5.331113142969999899e+04	2.583541131617437259e-01
5.331132742970000254e+04	2.728341548206447698e-01
5.331152242970000225e+04	2.566096393372916395e-01
5.331171742970000196e+04	2.843480019763884314e-01
5.331191342969999823e+04	3.231782878881404031e-01
5.331210842969999794e+04	2.991766241538655891e-01
5.331230342969999765e+04	2.883108430978609249e-01
5.331249942970000120e+04	3.178405932744396978e-01
5.331269442970000091e+04	2.800361783117555348e-01
5.331288942970000062e+04	2.957688811936378670e-01
5.331308542969999689e+04	2.947437191966493231e-01
5.331328042969999660e+04	2.960798098491892461e-01
5.331347542970000359e+04	2.918984770014461105e-01
5.331367042970000330e+04	2.406584875140609370e-01
5.331386642969999957e+04	2.960521858813258689e-01
5.331406142969999928e+04	2.866681307916589816e-01
5.331425642969999899e+04	2.804109436757222795e-01
5.331445242970000254e+04	2.725097454821394649e-01
5.331464742970000225e+04	2.773598294110080076e-01
5.331484242970000196e+04	3.009073052255732961e-01
5.331503842969999823e+04	3.070033499360818041e-01
5.331523342969999794e+04	2.769345778265801528e-01
5.331542842969999765e+04	2.420131049868032846e-01
5.331562442970000120e+04	2.971433247632404573e-01
5.331581942970000091e+04	2.810187156355308247e-01
5.331601442970000062e+04	2.908563549614679999e-01
5.331621042969999689e+04	2.876456101230893125e-01
5.331640542969999660e+04	2.746880124709853987e-01
5.331660042970000359e+04	3.222753577330230712e-01
5.331679542970000330e+04	3.020726403221125622e-01
5.331699142969999957e+04	3.287366302633003556e-01
5.331718642969999928e+04	2.765994071820898625e-01
5.331738142969999899e+04	3.251219160022422727e-01
5.331757742970000254e+04	3.084347639474334102e-01
5.331777242970000225e+04	2.997407196093515580e-01
5.331796742970000196e+04	2.666780274988376220e-01
5.331816342969999823e+04	2.709176613283563739e-01
5.331835842969999794e+04	2.821537421122322087e-01
5.331855342969999765e+04	2.447906862054711752e-01
5.331874942970000120e+04	2.500033498440927815e-01
5.331894442970000091e+04	2.779688934360020625e-01
5.331913942970000062e+04	2.532069038658484317e-01
5.331933542969999689e+04	2.880046343197726344e-01
5.331953042969999660e+04	2.398752841044178297e-01
5.331972542970000359e+04	3.001307766012288880e-01
5.331992042970000330e+04	2.389476669031473932e-01
5.332011642969999957e+04	2.837282926430475527e-01
5.332031142969999928e+04	3.007776758478755141e-01
5.332050642969999899e+04	2.394626213277479820e-01
5.332070242970000254e+04	2.288945600271752312e-01
5.332089742970000225e+04	2.737232554440787169e-01
5.332109242970000196e+04	2.583565193337307164e-01
5.332128842969999823e+04	2.618450799491753855e-01
5.332148342969999794e+04	2.766066100961808161e-01
5.332167842969999765e+04	2.768036265320574785e-01
5.332187442970000120e+04	2.680300352931013208e-01
5.332206942970000091e+04	2.306144952910305079e-01
5.332226442970000062e+04	2.370815282671649982e-01
5.332246042969999689e+04	2.719882789637839693e-01
5.332265542969999660e+04	2.049007034405398997e-01
5.332285042970000359e+04	2.463459322073688895e-01
5.332304542970000330e+04	2.700957501756882095e-01
5.332324142969999957e+04	2.258961401582659789e-01
5.332343642969999928e+04	2.960245825054297342e-01
5.332363142969999899e+04	2.435456777080524660e-01
5.332382742970000254e+04	2.507886423867429215e-01
5.332402242970000225e+04	2.403866023705525379e-01
5.332421742970000196e+04	2.817850179073584371e-01
5.332441342969999823e+04	2.784866336149232069e-01
5.332460842969999794e+04	2.589059156419555308e-01
5.332480342969999765e+04	2.276391428105775105e-01
5.332499942970000120e+04	2.967303820326918640e-01
5.332519442970000091e+04	2.937737164952398672e-01
5.332538942970000062e+04	2.733712085412083326e-01
5.332558542969999689e+04	2.890817171043362777e-01
5.332578042969999660e+04	2.576640279120727683e-01
5.332597542970000359e+04	2.417340112716015454e-01
5.332617042970000330e+04	2.701450173021129331e-01
5.332636642969999957e+04	2.772084794789080320e-01
5.332656142969999928e+04	2.370574563493654807e-01
5.332675642969999899e+04	2.646961724762064705e-01
5.332695242970000254e+04	2.848367661895228053e-01
5.332714742970000225e+04	2.643716468745189729e-01
5.332734242970000196e+04	3.423251082526022060e-01
5.332753842969999823e+04	2.672548964305949681e-01
5.332773342969999794e+04	2.734505229926966763e-01
5.332792842969999765e+04	2.823207025654355107e-01
5.332812442970000120e+04	2.714968267252189094e-01
5.332831942970000091e+04	3.135297684049085376e-01
5.332851442970000062e+04	2.737208507548913872e-01
5.332871042969999689e+04	3.058346898101511613e-01
5.332890542969999660e+04	2.890144787967159345e-01
5.332910042970000359e+04	2.881295236445851060e-01
5.332929542970000330e+04	2.840729718205317056e-01
5.332949142969999957e+04	2.864904200335249840e-01
5.332968642969999928e+04	2.984192393425431078e-01
5.332988142969999899e+04	3.051614935645634574e-01
5.333007742970000254e+04	3.011017274073211070e-01
5.333027242970000225e+04	2.555972827404815462e-01
5.333046742970000196e+04	2.923174916760640230e-01
5.333066342969999823e+04	3.128568113564877962e-01
5.333085842969999794e+04	3.189499586589210622e-01
5.333105342969999765e+04	2.955888328150120259e-01
5.333124942970000120e+04	2.705343408142653061e-01
5.333144442970000091e+04	3.368273318134722416e-01
5.333163942970000062e+04	3.071305557175207923e-01
5.333183542969999689e+04	2.904481037459234471e-01
5.333203042969999660e+04	2.660026052029014210e-01
5.333222542970000359e+04	3.291202496821767909e-01
5.333242042970000330e+04	3.413270197216107249e-01
5.333261642969999957e+04	2.958985263559643641e-01
5.333281142969999928e+04	3.206145319650879344e-01
5.333300642969999899e+04	2.768408687787697886e-01
5.333320242970000254e+04	3.157152564836174236e-01
5.333339742970000225e+04	3.025034623503017883e-01
5.333359242970000196e+04	3.118155565819851205e-01
5.333378842969999823e+04	3.257753849344489083e-01
5.333398342969999794e+04	2.630807606718299496e-01
5.333417842969999765e+04	3.405900939274495443e-01
5.333437442970000120e+04	2.700657129735049011e-01
5.333456942970000091e+04	3.078360711593504107e-01
5.333476442970000062e+04	2.926776344634127724e-01
5.333496042969999689e+04	3.026294850424484650e-01
5.333515542969999660e+04	3.409387718528726907e-01
5.333535042970000359e+04	3.409855212484238507e-01
5.333554542970000330e+04	3.166832087968316500e-01
5.333574142969999957e+04	3.221866399154897920e-01
5.333593642969999928e+04	3.575478521339654492e-01
5.333613142969999899e+04	2.709825435505148761e-01
5.333632742970000254e+04	3.213615892154120246e-01
5.333652242970000225e+04	3.016405840634881486e-01
5.333671742970000196e+04	2.971241156388906290e-01
5.333691342969999823e+04	3.771395787876166139e-01
5.333710842969999794e+04	3.359057185009373114e-01
5.333730342969999765e+04	3.464500238635501717e-01
5.333749942970000120e+04	3.014677635826839008e-01
5.333769442970000091e+04	3.146897210480492646e-01
5.333788942970000062e+04	2.984792453508866572e-01
5.333808542969999689e+04	3.145805543721778008e-01
5.333828042969999660e+04	3.022814340696591273e-01
5.333847542970000359e+04	3.162094321234203420e-01
5.333867042970000330e+04	3.317215135311180063e-01
5.333886642969999957e+04	3.040455135600836911e-01
5.333906142969999928e+04	3.117819630033231704e-01
5.333925642969999899e+04	2.815724307922824465e-01
5.333945242970000254e+04	3.196275409906945697e-01
5.333964742970000225e+04	2.549023288555662958e-01
5.333984242970000196e+04	3.017137983909528032e-01
5.334003842969999823e+04	3.298443148049337026e-01
5.334023342969999794e+04	3.196827056438920067e-01
5.334042842969999765e+04	3.475389521531386805e-01
5.334062442970000120e+04	3.033950913911809266e-01
5.334081942970000091e+04	3.299378243999164795e-01
5.334101442970000062e+04	2.831470077574671507e-01
5.334121042969999689e+04	3.015709673678141911e-01
5.334140542969999660e+04	2.613786842837129143e-01
5.334160042970000359e+04	3.359668385698242332e-01
5.334179542970000330e+04	2.405393953856904687e-01
5.334199142969999957e+04	2.849736894234684570e-01
5.334218642969999928e+04	3.035511270532769146e-01
5.334238142969999899e+04	3.326768166403297755e-01
5.334257742970000254e+04	2.818246566144928522e-01
5.334277242970000225e+04	3.002015932387145369e-01
5.334296742970000196e+04	3.509263926185468563e-01
5.334316342969999823e+04	2.850097021824478105e-01
5.334335842969999794e+04	2.557331480057118966e-01
5.334355342969999765e+04	2.747468785619151532e-01
5.334374942970000120e+04	3.261050944723304923e-01
5.334394442970000091e+04	3.139304179930384464e-01
5.334413942970000062e+04	3.003684326871187693e-01
5.334433542969999689e+04	3.347371813283928077e-01
5.334453042969999660e+04	2.687114207492431461e-01
5.334472542970000359e+04	2.624653337410354226e-01
5.334492042970000330e+04	2.905489811153536550e-01
5.334511642969999957e+04	2.747841238831671973e-01
5.334531142969999928e+04	2.874546826867998561e-01
5.334550642969999899e+04	2.925047517253958063e-01
5.334570242970000254e+04	2.908719385895857101e-01
5.334589742970000225e+04	2.704430230211869457e-01
5.334609242970000196e+04	3.020942372682391408e-01
5.334628842969999823e+04	3.026978720586512850e-01
5.334648342969999794e+04	3.422855658794219380e-01
5.334667842969999765e+04	3.126624810446703151e-01
5.334687442970000120e+04	2.919500833245098903e-01
5.334706942970000091e+04	3.021434308149135717e-01
5.334726442970000062e+04	2.875855676765493030e-01
5.334746042969999689e+04	2.592749784996772888e-01
5.334765542969999660e+04	2.839420580499307789e-01
5.334785042970000359e+04	3.136641123934573727e-01
5.334804542970000330e+04	3.155305614314940499e-01
5.334824142969999957e+04	2.920389400041596417e-01
5.334843642969999928e+04	3.133618528545589754e-01
5.334863142969999899e+04	2.886458561688538538e-01
5.334882742970000254e+04	2.992342261092524325e-01
5.334902242970000225e+04	2.793803408341126726e-01
5.334921742970000196e+04	2.818714966504032304e-01
5.334941342969999823e+04	2.965023424050770018e-01
5.334960842969999794e+04	2.634269232558512641e-01
5.334980342969999765e+04	2.910208231113227129e-01
5.334999942970000120e+04	3.218760375047047262e-01
5.335019442970000091e+04	2.734529173873063712e-01
5.335038942970000062e+04	3.371089645163465320e-01
5.335058542969999689e+04	3.032463118107724398e-01
5.335078042969999660e+04	2.775592545283078749e-01
5.335097542970000359e+04	3.276181140903826616e-01
5.335117042970000330e+04	3.431206561300736979e-01
5.335136642969999957e+04	3.062486358472593651e-01
5.335156142969999928e+04	2.552654296224794450e-01
5.335175642969999899e+04	2.941302805386136754e-01
5.335195242970000254e+04	3.322824822336496453e-01
5.335214742970000225e+04	2.888583829059854224e-01
5.335234242970000196e+04	2.980315475514849766e-01
5.335253842969999823e+04	2.933139509861462102e-01
5.335273342969999794e+04	3.035391180012787515e-01
5.335292842969999765e+04	2.652189891715828196e-01
5.335312442970000120e+04	3.120314818320757411e-01
5.335331942970000091e+04	2.893518752662576077e-01
5.335351442970000062e+04	2.745090087506092402e-01
5.335371042969999689e+04	3.007176753823657123e-01
5.335390542969999660e+04	2.908695355555757089e-01
5.335410042970000359e+04	3.318485516779361433e-01
5.335429542970000330e+04	2.878857681466318041e-01
5.335449142969999957e+04	3.453047361098633417e-01
5.335468642969999928e+04	3.141139606020022512e-01
5.335488142969999899e+04	2.734781410820641412e-01
5.335507742970000254e+04	2.831289948792736766e-01
5.335527242970000225e+04	3.036638984690327447e-01
5.335546742970000196e+04	2.732979314651089453e-01
5.335566342969999823e+04	2.830785566876752313e-01
5.335585842969999794e+04	3.332149892420979143e-01
5.335605342969999765e+04	3.120039064869999379e-01
5.335624942970000120e+04	3.230763685638784466e-01
5.335644442970000091e+04	3.115864289259810960e-01
5.335663942970000062e+04	2.750928791572633259e-01
5.335683542969999689e+04	2.994166503230886178e-01
5.335703042969999660e+04	2.937533085481742745e-01
5.335722542970000359e+04	2.513935318791364892e-01
5.335742042970000330e+04	2.979691381148761309e-01
5.335761642969999957e+04	2.857830922387361028e-01
5.335781142969999928e+04	3.163617607829305456e-01
5.335800642969999899e+04	2.240362338392714037e-01
5.335820242970000254e+04	2.968216241072028083e-01
5.335839742970000225e+04	2.596404423134064388e-01
5.335859242970000196e+04	2.502114027619875003e-01
5.335878842969999823e+04	2.712288694435827097e-01
5.335898342969999794e+04	2.687727061265405837e-01
5.335917842969999765e+04	2.421514416398462544e-01
5.335937442970000120e+04	2.614640360964237686e-01
5.335956942970000091e+04	2.418591222769332916e-01
5.335976442970000062e+04	2.229045684906001412e-01
5.335996042969999689e+04	2.318541217589231707e-01
5.336015542969999660e+04	2.501007651055449088e-01
5.336035042970000359e+04	2.688508068285919705e-01
5.336054542970000330e+04	2.033500891726944815e-01
5.336074142969999957e+04	2.731994095806271616e-01
5.336093642969999928e+04	2.566601311243221772e-01
5.336113142969999899e+04	2.503424938039167102e-01
5.336132742970000254e+04	2.592124718893291657e-01
5.336152242970000225e+04	2.644053148082363691e-01
5.336171742970000196e+04	2.809454507324709027e-01
5.336191342969999823e+04	2.320935978311204906e-01
5.336210842969999794e+04	2.939910255476778644e-01
5.336230342969999765e+04	2.476413110646689120e-01
5.336249942970000120e+04	2.788602047181942822e-01
5.336269442970000091e+04	2.807904907803120409e-01
5.336288942970000062e+04	2.469990334793479292e-01
5.336308542969999689e+04	2.783052426201511054e-01
5.336328042969999660e+04	2.601321076949432154e-01
5.336347542970000359e+04	2.726623315153435811e-01
5.336367042970000330e+04	2.608461736536540343e-01
5.336386642969999957e+04	2.507658026324399714e-01
5.336406142969999928e+04	2.603352848370672490e-01
5.336425642969999899e+04	2.513466345383257305e-01
5.336445242970000254e+04	2.697292319025628160e-01
5.336464742970000225e+04	2.476605480394695746e-01
5.336484242970000196e+04	2.882567950003167567e-01
5.336503842969999823e+04	2.532021008570328746e-01
5.336523342969999794e+04	2.485770043051722666e-01
5.336542842969999765e+04	2.600587916903371877e-01
5.336562442970000120e+04	3.021818309906834088e-01
5.336581942970000091e+04	2.649726142023105524e-01
5.336601442970000062e+04	2.487586117163154142e-01
5.336621042969999689e+04	2.639762181844389488e-01
5.336640542969999660e+04	2.565375109864103109e-01
5.336660042970000359e+04	3.132754628708767086e-01
5.336679542970000330e+04	2.657442106857388353e-01
5.336699142969999957e+04	2.575798713792885053e-01
5.336718642969999928e+04	2.409941415489509353e-01
