# time(sec)	crack length FEA(mm)
6.608750342969999474e+04	3.236998775624062574e-01
6.608769842970000172e+04	3.219000481963067983e-01
6.608789342969999416e+04	3.336464970204229274e-01
6.608808842970000114e+04	3.276792545576139304e-01
6.608828442969999742e+04	3.513096590074624714e-01
6.608847942970000440e+04	2.985584901772835309e-01
6.608867442969999684e+04	3.082691844229437095e-01
6.608887042969999311e+04	3.388693487272291804e-01
6.608906542970000010e+04	3.539133926159561128e-01
6.608926042970000708e+04	3.042783081572366655e-01
6.608945642970000335e+04	3.405757045277457706e-01
6.608965142969999579e+04	2.970641063626473510e-01
6.608984642970000277e+04	3.362868388462363356e-01
6.609004242969999905e+04	3.270390280344859235e-01
6.609023742970000603e+04	3.257681756434713805e-01
6.609043242969999847e+04	3.086399383904883109e-01
6.609062842969999474e+04	3.220067517999645190e-01
6.609082342970000172e+04	3.122654073241299955e-01
6.609101842969999416e+04	3.469579432061102864e-01
6.609121342970000114e+04	3.349816927967541602e-01
6.609140942969999742e+04	2.871004367261882351e-01
6.609160442970000440e+04	3.273183825384862189e-01
6.609179942969999684e+04	3.352489333565227270e-01
6.609199542969999311e+04	2.896772720480136343e-01
6.609219042970000010e+04	3.025238631222606500e-01
6.609238542970000708e+04	3.038319104372178003e-01
6.609258142970000335e+04	3.282798690051826895e-01
6.609277642969999579e+04	3.153086494285144425e-01
6.609297142970000277e+04	3.281180362344713330e-01
6.609316742969999905e+04	3.385158551631270996e-01
6.609336242970000603e+04	2.743864557357547085e-01
6.609355742969999847e+04	3.178429834020377598e-01
6.609375342969999474e+04	2.753487825524274513e-01
6.609394842970000172e+04	2.745666781207454221e-01
6.609414342969999416e+04	3.067837942363276227e-01
6.609433842970000114e+04	3.334151716478856997e-01
6.609453442969999742e+04	3.301164297342182863e-01
6.609472942970000440e+04	3.107322747668170848e-01
6.609492442969999684e+04	3.481103266052798517e-01
6.609512042969999311e+04	2.899390282856053602e-01
6.609531542970000010e+04	2.850553395884993790e-01
6.609551042970000708e+04	2.512095471143673819e-01
6.609570642970000335e+04	3.104191383583518871e-01
6.609590142969999579e+04	2.998487452033860023e-01
6.609609642970000277e+04	3.051855100963116740e-01
6.609629242969999905e+04	2.906798292115908566e-01
6.609648742970000603e+04	3.203602679992396673e-01
6.609668242969999847e+04	3.061718479915143121e-01
6.609687842969999474e+04	2.935888584519688038e-01
6.609707342970000172e+04	2.961145898143957567e-01
6.609726842969999416e+04	2.813658362659925416e-01
6.609746342970000114e+04	2.715941477333423393e-01
6.609765942969999742e+04	3.131842914365776664e-01
6.609785442970000440e+04	3.028562727371273411e-01
6.609804942969999684e+04	3.033483021490894771e-01
6.609824542969999311e+04	2.997131203248155629e-01
6.609844042970000010e+04	3.025118535743445136e-01
6.609863542970000708e+04	2.809430364227480936e-01
6.609883142970000335e+04	2.750352110050400256e-01
6.609902642969999579e+04	2.805466737523349963e-01
6.609922142970000277e+04	2.853687850190649300e-01
6.609941742969999905e+04	3.156048991397941705e-01
6.609961242970000603e+04	2.787761300396347508e-01
6.609980742969999847e+04	2.941914930902438385e-01
6.610000342969999474e+04	2.368216350806591208e-01
6.610019842970000172e+04	2.617357019705970345e-01
6.610039342969999416e+04	3.050355146220500302e-01
6.610058842970000114e+04	2.475402702123652432e-01
6.610078442969999742e+04	2.550610337493015578e-01
6.610097942970000440e+04	2.379394201416786814e-01
6.610117442969999684e+04	2.850373280905884599e-01
6.610137042969999311e+04	2.650351063741638313e-01
6.610156542970000010e+04	2.677776697878897494e-01
6.610176042970000708e+04	2.852246841689272117e-01
6.610195642970000335e+04	3.058862569302505108e-01
6.610215142969999579e+04	3.137085226181177688e-01
6.610234642970000277e+04	3.230919629170827534e-01
6.610254242969999905e+04	2.478181005778967716e-01
6.610273742970000603e+04	2.944496132975409353e-01
6.610293242969999847e+04	2.764804762435950636e-01
6.610312842969999474e+04	2.790391874960498342e-01
6.610332342970000172e+04	2.624989835987214803e-01
6.610351842969999416e+04	3.378519435688893680e-01
6.610371342970000114e+04	2.949670212212431863e-01
6.610390942969999742e+04	2.938841707379697965e-01
6.610410442970000440e+04	2.946680920027660022e-01
6.610429942969999684e+04	2.904769406269203103e-01
6.610449542969999311e+04	2.840909840159611122e-01
6.610469042970000010e+04	2.966055667872957713e-01
6.610488542970000708e+04	3.204994063268866711e-01
6.610508142970000335e+04	2.705547677959945219e-01
6.610527642969999579e+04	2.500117690996219721e-01
6.610547142970000277e+04	2.685383715839009255e-01
6.610566742969999905e+04	3.135021947215204108e-01
6.610586242970000603e+04	2.131834413074003010e-01
6.610605742969999847e+04	3.433147483229710417e-01
6.610625342969999474e+04	2.738482060775204729e-01
6.610644842970000172e+04	3.061394321074217828e-01
6.610664342969999416e+04	3.116656010910094921e-01
6.610683842970000114e+04	2.731056968044107691e-01
6.610703442969999742e+04	2.621660348955465736e-01
6.610722942970000440e+04	3.202199751483334467e-01
6.610742442969999684e+04	3.259588091912508645e-01
6.610762042969999311e+04	3.236938933511783745e-01
6.610781542970000010e+04	3.016645833767679363e-01
6.610801042970000708e+04	3.111089586466579959e-01
6.610820642970000335e+04	3.251602807030948838e-01
6.610840142969999579e+04	3.390083731214055263e-01
6.610859642970000277e+04	3.075073147702198639e-01
6.610879242969999905e+04	3.004548262768480527e-01
6.610898742970000603e+04	2.909199785942249150e-01
6.610918242969999847e+04	2.947257147069226590e-01
6.610937842969999474e+04	2.967483953832061871e-01
6.610957342970000172e+04	3.137936746228220386e-01
6.610976842969999416e+04	3.039423200402762149e-01
6.610996342970000114e+04	3.167467664071210720e-01
6.611015942969999742e+04	3.402701491111788101e-01
6.611035442970000440e+04	2.815459978487133696e-01
6.611054942969999684e+04	2.793286774993255506e-01
6.611074542969999311e+04	2.731897906202700455e-01
6.611094042970000010e+04	2.904565299767636333e-01
6.611113542970000708e+04	2.814919453837951835e-01
6.611133142970000335e+04	3.155677457682557474e-01
6.611152642969999579e+04	2.874858954515335796e-01
6.611172142970000277e+04	2.872817636739135594e-01
6.611191742969999905e+04	2.846734538423572047e-01
6.611211242970000603e+04	3.081828076630515056e-01
6.611230742969999847e+04	2.978503195180692842e-01
6.611250342969999474e+04	2.938685580589606161e-01
6.611269842970000172e+04	3.041331210279896169e-01
6.611289342969999416e+04	2.609880096334826760e-01
6.611308842970000114e+04	2.706641277292298753e-01
6.611328442969999742e+04	3.111725614240867799e-01
6.611347942970000440e+04	2.736619822399113389e-01
6.611367442969999684e+04	3.129084051344790396e-01
6.611387042969999311e+04	3.001139925440465817e-01
6.611406542970000010e+04	3.363251863056433422e-01
6.611426042970000708e+04	2.883888825675722245e-01
6.611445642970000335e+04	3.422088893125696529e-01
6.611465142969999579e+04	3.340300406122604926e-01
6.611484642970000277e+04	3.397608988811064989e-01
6.611504242969999905e+04	2.989581540972974238e-01
6.611523742970000603e+04	2.987553329865697549e-01
6.611543242969999847e+04	3.001631900063923553e-01
6.611562842969999474e+04	2.866693376690676587e-01
6.611582342970000172e+04	2.907254768525575628e-01
6.611601842969999416e+04	3.076021039962881787e-01
6.611621342970000114e+04	3.461864643827450294e-01
6.611640942969999742e+04	3.279430105634659753e-01
6.611660442970000440e+04	3.467506873559891289e-01
6.611679942969999684e+04	3.162238253413960365e-01
6.611699542969999311e+04	3.270702117572295009e-01
6.611719042970000010e+04	3.696305408721833885e-01
6.611738542970000708e+04	2.981143612194401271e-01
6.611758142970000335e+04	3.291346354238555705e-01
6.611777642969999579e+04	3.384091812819285394e-01
6.611797142970000277e+04	3.030543082462955340e-01
6.611816742969999905e+04	3.392516073242184405e-01
6.611836242970000603e+04	3.397501013250341373e-01
6.611855742969999847e+04	3.776349274107726472e-01
6.611875342969999474e+04	2.877296651790928195e-01
6.611894842970000172e+04	3.322980708089140478e-01
6.611914342969999416e+04	3.211385652644533906e-01
6.611933842970000114e+04	3.548846405288390571e-01
6.611953442969999742e+04	2.915082909596389271e-01
6.611972942970000440e+04	3.175719394069140833e-01
6.611992442969999684e+04	2.771147714613686475e-01
6.612012042969999311e+04	2.991658089517379437e-01
6.612031542970000010e+04	3.412407372241172965e-01
6.612051042970000708e+04	3.177962213379750267e-01
6.612070642970000335e+04	3.428402854818113354e-01
6.612090142969999579e+04	3.410549967396718785e-01
6.612109642970000277e+04	3.327283589865963620e-01
6.612129242969999905e+04	3.559803683438218513e-01
6.612148742970000603e+04	3.053043039734788522e-01
6.612168242969999847e+04	3.034287066086029938e-01
6.612187842969999474e+04	3.138896351421021080e-01
6.612207342970000172e+04	2.970869037181422811e-01
6.612226842969999416e+04	3.009144908011904818e-01
6.612246342970000114e+04	3.014881652039669291e-01
6.612265942969999742e+04	2.890264742313739532e-01
6.612285442970000440e+04	3.390119655524852504e-01
6.612304942969999684e+04	3.208579463536835874e-01
6.612324542969999311e+04	3.228809233138019152e-01
6.612344042970000010e+04	3.278770512283113447e-01
6.612363542970000708e+04	3.436633879772656996e-01
6.612383142970000335e+04	3.109014137792538435e-01
6.612402642969999579e+04	3.791723083899150026e-01
6.612422142970000277e+04	3.105319095530933993e-01
6.612441742969999905e+04	2.781346643325299794e-01
6.612461242970000603e+04	2.799244657348243237e-01
6.612480742969999847e+04	3.216949831642619273e-01
6.612500342969999474e+04	3.473796115742686652e-01
6.612519842970000172e+04	2.884117084989252788e-01
6.612539342969999416e+04	2.640122819538746057e-01
6.612558842970000114e+04	2.979259370419704567e-01
6.612578442969999742e+04	2.772348963874566863e-01
6.612597942970000440e+04	3.438550883005433434e-01
6.612617442969999684e+04	3.179545258685134712e-01
6.612637042969999311e+04	2.848079640391905087e-01
6.612656542970000010e+04	2.990061784960200697e-01
6.612676042970000708e+04	3.239288935821438287e-01
6.612695642970000335e+04	3.129779901022686772e-01
6.612715142969999579e+04	3.159335690874964797e-01
6.612734642970000277e+04	3.199093790605971321e-01
6.612754242969999905e+04	2.890973327859356345e-01
6.612773742970000603e+04	2.808829881312053800e-01
6.612793242969999847e+04	3.008184802055033913e-01
6.612812842969999474e+04	2.964194924388472430e-01
6.612832342970000172e+04	3.173872169397835563e-01
6.612851842969999416e+04	2.778883963830409698e-01
6.612871342970000114e+04	3.181044537318733489e-01
6.612890942969999742e+04	3.205689391445893932e-01
6.612910442970000440e+04	2.902476060532279689e-01
6.612929942969999684e+04	3.080196175331639807e-01
6.612949542969999311e+04	3.514989030914339452e-01
6.612969042970000010e+04	3.399981454269873637e-01
6.612988542970000708e+04	2.998079392553414380e-01
6.613008142970000335e+04	3.212596727406982211e-01
6.613027642969999579e+04	3.136305522244260402e-01
6.613047142970000277e+04	3.223461113302850123e-01
6.613066742969999905e+04	3.444601279103274294e-01
6.613086242970000603e+04	3.176330942948997205e-01
6.613105742969999847e+04	3.257489886202780127e-01
6.613125342969999474e+04	3.267009581289066489e-01
6.613144842970000172e+04	3.150195776882043219e-01
6.613164342969999416e+04	3.407590503823048067e-01
6.613183842970000114e+04	2.896904842082328457e-01
6.613203442969999742e+04	3.015061751104148868e-01
6.613222942970000440e+04	2.776481419349074997e-01
6.613242442969999684e+04	2.647141986845795714e-01
6.613262042969999311e+04	3.265630903622209757e-01
6.613281542970000010e+04	2.509545941120308044e-01
6.613301042970000708e+04	3.114100811162963112e-01
6.613320642970000335e+04	2.804613872698418220e-01
6.613340142969999579e+04	3.089230656238939332e-01
6.613359642970000277e+04	2.663427188780591592e-01
6.613379242969999905e+04	2.502691283584645987e-01
6.613398742970000603e+04	2.863535051394539011e-01
6.613418242969999847e+04	2.428335343963166082e-01
6.613437842969999474e+04	3.019406253598475587e-01
6.613457342970000172e+04	2.678161333174493564e-01
6.613476842969999416e+04	2.995930831850213139e-01
6.613496342970000114e+04	2.588229611999040003e-01
6.613515942969999742e+04	2.656408479993661587e-01
6.613535442970000440e+04	3.172409215410567640e-01
6.613554942969999684e+04	2.638055314657385964e-01
6.613574542969999311e+04	3.149655875837371610e-01
6.613594042970000010e+04	3.079008469308135432e-01
6.613613542970000708e+04	2.722465984343624967e-01
6.613633142970000335e+04	2.816360781513758127e-01
6.613652642969999579e+04	2.525647901951426633e-01
6.613672142970000277e+04	2.343271533979685017e-01
6.613691742969999905e+04	2.587532350568260142e-01
6.613711242970000603e+04	2.763711624733140582e-01
6.613730742969999847e+04	2.656648923540938512e-01
6.613750342969999474e+04	2.733952454393762110e-01
6.613769842970000172e+04	3.272956128850665891e-01
6.613789342969999416e+04	2.853327624636410320e-01
6.613808842970000114e+04	3.090694511981020298e-01
6.613828442969999742e+04	2.658307451181478598e-01
6.613847942970000440e+04	2.827206375780022540e-01
6.613867442969999684e+04	2.559147033307080932e-01
6.613887042969999311e+04	2.599650191736646576e-01
6.613906542970000010e+04	2.608641923198806722e-01
6.613926042970000708e+04	2.236437746970452167e-01
6.613945642970000335e+04	3.044031261484789752e-01
6.613965142969999579e+04	2.736103070456064046e-01
6.613984642970000277e+04	3.137888832847046672e-01
6.614004242969999905e+04	2.580655877053654734e-01
6.614023742970000603e+04	2.769718198775343865e-01
6.614043242969999847e+04	2.685455665057308039e-01
6.614062842969999474e+04	2.527403569628958735e-01
6.614082342970000172e+04	2.977578851860656073e-01
6.614101842969999416e+04	2.436214601830588578e-01
6.614121342970000114e+04	2.917171733635886000e-01
6.614140942969999742e+04	2.492889837433676092e-01
6.614160442970000440e+04	2.543660545950423568e-01
6.614179942969999684e+04	2.589287582706880642e-01
6.614199542969999311e+04	2.917135740914247322e-01
6.614219042970000010e+04	2.489209818174042965e-01
6.614238542970000708e+04	2.729939428259537948e-01
6.614258142970000335e+04	2.425267768315961803e-01
6.614277642969999579e+04	2.805382648029066672e-01
6.614297142970000277e+04	2.822330286067789018e-01
6.614316742969999905e+04	2.506936367222891704e-01
6.614336242970000603e+04	2.462473037821428790e-01
6.614355742969999847e+04	3.035355204386487316e-01
6.614375342969999474e+04	2.592521465146209181e-01
6.614394842970000172e+04	2.642995409720700906e-01
6.614414342969999416e+04	3.015734002957515258e-01
6.614433842970000114e+04	2.856798126536030935e-01
6.614453442969999742e+04	2.500358285270785075e-01
6.614472942970000440e+04	2.708227323257350605e-01
6.614492442969999684e+04	2.363162490401506943e-01
6.614512042969999311e+04	3.040347313983371436e-01
6.614531542970000010e+04	2.970520838682553233e-01
6.614551042970000708e+04	2.808902001243840374e-01
6.614570642970000335e+04	2.265509863159103077e-01
6.614590142969999579e+04	2.469834120642779851e-01
6.614609642970000277e+04	2.735586523853790197e-01
6.614629242969999905e+04	2.587604534565723924e-01
6.614648742970000603e+04	3.089410598418886877e-01
6.614668242969999847e+04	3.140743732971138513e-01
6.614687842969999474e+04	3.098576759141380421e-01
6.614707342970000172e+04	2.830389096594725373e-01
6.614726842969999416e+04	3.153338204364342090e-01
6.614746342970000114e+04	3.164457085691303462e-01
6.614765942969999742e+04	2.798608140018394863e-01
6.614785442970000440e+04	2.948193564725407612e-01
6.614804942969999684e+04	2.991358171035169988e-01
6.614824542969999311e+04	3.128856119707439376e-01
6.614844042970000010e+04	2.593074451127126423e-01
6.614863542970000708e+04	2.593326831249456177e-01
6.614883142970000335e+04	2.917147704111684448e-01
6.614902642969999579e+04	2.871148571097474900e-01
6.614922142970000277e+04	2.506876246087053062e-01
6.614941742969999905e+04	2.923931260125129938e-01
6.614961242970000603e+04	2.497592211892367686e-01
6.614980742969999847e+04	2.369756488640373249e-01
6.615000342969999474e+04	3.120746893273391720e-01
6.615019842970000172e+04	2.549949016688053405e-01
6.615039342969999416e+04	2.781022325532962469e-01
6.615058842970000114e+04	2.880118442507573207e-01
6.615078442969999742e+04	2.805166388291340240e-01
6.615097942970000440e+04	2.381006410737001033e-01
6.615117442969999684e+04	3.039207246985284883e-01
6.615137042969999311e+04	3.102164106770448626e-01
6.615156542970000010e+04	2.986712945358256377e-01
6.615176042970000708e+04	3.058922454295736060e-01
6.615195642970000335e+04	3.005352607073099591e-01
6.615215142969999579e+04	2.205688620370906960e-01
6.615234642970000277e+04	2.753872343981349502e-01
6.615254242969999905e+04	2.696379214817099523e-01
6.615273742970000603e+04	2.678666024158200543e-01
6.615293242969999847e+04	2.821381427097495731e-01
6.615312842969999474e+04	2.843095639609050096e-01
6.615332342970000172e+04	3.069061672490072112e-01
6.615351842969999416e+04	3.112913267062964451e-01
6.615371342970000114e+04	2.914962760944117548e-01
6.615390942969999742e+04	3.091030484414858392e-01
6.615410442970000440e+04	2.838892281135603213e-01
6.615429942969999684e+04	2.531479868938255606e-01
6.615449542969999311e+04	2.362560931978343604e-01
6.615469042970000010e+04	2.759098371876653744e-01
6.615488542970000708e+04	2.489125518629737854e-01
6.615508142970000335e+04	2.791989563470025359e-01
6.615527642969999579e+04	2.768685037487976786e-01
6.615547142970000277e+04	2.945744496680120506e-01
6.615566742969999905e+04	3.090070694476025892e-01
6.615586242970000603e+04	2.870896265905500400e-01
6.615605742969999847e+04	2.566901844814530875e-01
6.615625342969999474e+04	2.948973755404118435e-01
6.615644842970000172e+04	3.251615063126997995e-01
6.615664342969999416e+04	2.608101053044347140e-01
6.615683842970000114e+04	2.755241889467399119e-01
6.615703442969999742e+04	2.643548387016956269e-01
6.615722942970000440e+04	3.272692181860765714e-01
6.615742442969999684e+04	2.720699717021410891e-01
6.615762042969999311e+04	2.857374561664443036e-01
6.615781542970000010e+04	2.650964111147970925e-01
6.615801042970000708e+04	2.969788558224237818e-01
6.615820642970000335e+04	3.024074578865505458e-01
6.615840142969999579e+04	2.610252755196835750e-01
6.615859642970000277e+04	3.289380124036505038e-01
6.615879242969999905e+04	2.913678043360423686e-01
6.615898742970000603e+04	2.520260692272806580e-01
6.615918242969999847e+04	2.749751484712330551e-01
6.615937842969999474e+04	2.773250026007385571e-01
6.615957342970000172e+04	2.622706097237088585e-01
6.615976842969999416e+04	2.736487615742770885e-01
6.615996342970000114e+04	2.498626497176701378e-01
6.616015942969999742e+04	3.103663749078418022e-01
6.616035442970000440e+04	2.692629940424460244e-01
6.616054942969999684e+04	2.874882884973128938e-01
6.616074542969999311e+04	2.591427571619000503e-01
6.616094042970000010e+04	3.081840134974651590e-01
6.616113542970000708e+04	2.331346020077535997e-01
6.616133142970000335e+04	2.561780021633808246e-01
6.616152642969999579e+04	2.903784866745198201e-01
6.616172142970000277e+04	2.616070869792643805e-01
6.616191742969999905e+04	2.731357303426520389e-01
6.616211242970000603e+04	2.884789484344718602e-01
6.616230742969999847e+04	2.166265358577152966e-01
6.616250342969999474e+04	3.047571052866597796e-01
6.616269842970000172e+04	2.142047397426072308e-01
6.616289342969999416e+04	2.671623691220244012e-01
6.616308842970000114e+04	2.655771597703715514e-01
6.616328442969999742e+04	2.674135330463922600e-01
6.616347942970000440e+04	2.542578419296752656e-01
6.616367442969999684e+04	2.586510516202515930e-01
6.616387042969999311e+04	2.815315845573564957e-01
6.616406542970000010e+04	2.156535215251249582e-01
6.616426042970000708e+04	2.185640727598503474e-01
6.616445642970000335e+04	2.433375795428993627e-01
6.616465142969999579e+04	2.386071795334174794e-01
6.616484642970000277e+04	2.218125964033301756e-01
6.616504242969999905e+04	2.814811328132691415e-01
6.616523742970000603e+04	2.164230233942010528e-01
6.616543242969999847e+04	2.824468068484833339e-01
6.616562842969999474e+04	3.023210298423801845e-01
6.616582342970000172e+04	2.518336704892920608e-01
6.616601842969999416e+04	2.450889950336545553e-01
6.616621342970000114e+04	2.177211549851865158e-01
6.616640942969999742e+04	2.620193836547191069e-01
6.616660442970000440e+04	2.476785968954686723e-01
6.616679942969999684e+04	2.394674269816121637e-01
6.616699542969999311e+04	2.970653024252367658e-01
6.616719042970000010e+04	2.682908113297948205e-01
6.616738542970000708e+04	2.729434841097528874e-01
6.616758142970000335e+04	2.257998402380998471e-01
6.616777642969999579e+04	2.771676260874418318e-01
6.616797142970000277e+04	2.266508920162912943e-01
6.616816742969999905e+04	2.509281493420978393e-01
6.616836242970000603e+04	2.871917037911551063e-01
6.616855742969999847e+04	2.330527609951857926e-01
6.616875342969999474e+04	2.415511540075563346e-01
6.616894842970000172e+04	2.435697433703296610e-01
6.616914342969999416e+04	2.707410251769069021e-01
6.616933842970000114e+04	2.913149695271037842e-01
6.616953442969999742e+04	2.715917531601235169e-01
6.616972942970000440e+04	2.770895411288272214e-01
6.616992442969999684e+04	2.924591485982972472e-01
6.617012042969999311e+04	2.934808056808684285e-01
6.617031542970000010e+04	2.984252605705286499e-01
6.617051042970000708e+04	2.963726900771384010e-01
6.617070642970000335e+04	3.001619940927042762e-01
6.617090142969999579e+04	2.680011930605186166e-01
6.617109642970000277e+04	2.565531264202718376e-01
6.617129242969999905e+04	2.236353465458300604e-01
6.617148742970000603e+04	3.316459987339079873e-01
6.617168242969999847e+04	2.828947850101073413e-01
6.617187842969999474e+04	2.912261412030243690e-01
6.617207342970000172e+04	2.726202734318494691e-01
6.617226842969999416e+04	2.909667808968769975e-01
6.617246342970000114e+04	2.919116673567891951e-01
6.617265942969999742e+04	2.709789309590693307e-01
6.617285442970000440e+04	2.927700876658434481e-01
6.617304942969999684e+04	2.534906929064000281e-01
6.617324542969999311e+04	2.924747621613938975e-01
6.617344042970000010e+04	3.019190282803680958e-01
6.617363542970000708e+04	2.655134507307579383e-01
6.617383142970000335e+04	2.578046840429415454e-01
6.617402642969999579e+04	2.725277660403975233e-01
6.617422142970000277e+04	2.810451388211721024e-01
6.617441742969999905e+04	2.673161957124232657e-01
6.617461242970000603e+04	2.857422735405901193e-01
6.617480742969999847e+04	2.835109043101109449e-01
6.617500342969999474e+04	2.654749939719085461e-01
6.617519842970000172e+04	2.983520365655394357e-01
6.617539342969999416e+04	2.973077513739159627e-01
6.617558842970000114e+04	2.723114771966343994e-01
6.617578442969999742e+04	2.698518078233114181e-01
6.617597942970000440e+04	2.759038311516412989e-01
6.617617442969999684e+04	2.622381469685457489e-01
6.617637042969999311e+04	2.722357818505081184e-01
6.617656542970000010e+04	2.955840379689540498e-01
6.617676042970000708e+04	3.061334436676155235e-01
6.617695642970000335e+04	2.824539977549811454e-01
6.617715142969999579e+04	3.153458340972115082e-01
6.617734642970000277e+04	3.211361754537644941e-01
6.617754242969999905e+04	2.599073160116027736e-01
6.617773742970000603e+04	3.332797297862555297e-01
6.617793242969999847e+04	2.596187981984332538e-01
6.617812842969999474e+04	2.684662570876810150e-01
6.617832342970000172e+04	2.597366117631096927e-01
6.617851842969999416e+04	2.442746430871878260e-01
6.617871342970000114e+04	3.211637406700234010e-01
6.617890942969999742e+04	3.017209940425971126e-01
6.617910442970000440e+04	2.723379199399307282e-01
6.617929942969999684e+04	3.162406294385906591e-01
6.617949542969999311e+04	2.878929781120387332e-01
6.617969042970000010e+04	2.600984546429714328e-01
6.617988542970000708e+04	2.475042032814442905e-01
6.618008142970000335e+04	2.940594363092774444e-01
6.618027642969999579e+04	3.011245210637873981e-01
6.618047142970000277e+04	2.737388807578646777e-01
6.618066742969999905e+04	2.632790920701051363e-01
6.618086242970000603e+04	2.439161871384847302e-01
6.618105742969999847e+04	2.730504184861324291e-01
6.618125342969999474e+04	2.790968463806375865e-01
6.618144842970000172e+04	2.567202584575607460e-01
6.618164342969999416e+04	2.452754220336785806e-01
6.618183842970000114e+04	2.494970529486355559e-01
6.618203442969999742e+04	2.787352895374173301e-01
6.618222942970000440e+04	2.444286108961506443e-01
6.618242442969999684e+04	2.294157286947040575e-01
6.618262042969999311e+04	2.497111121081712071e-01
6.618281542970000010e+04	2.748454046480119928e-01
6.618301042970000708e+04	2.155511512060819257e-01
6.618320642970000335e+04	2.450649308362358170e-01
6.618340142969999579e+04	2.546894916759363525e-01
6.618359642970000277e+04	2.124330934949938410e-01
6.618379242969999905e+04	2.952887149172394032e-01
6.618398742970000603e+04	3.023078553121365530e-01
6.618418242969999847e+04	2.833655856713122034e-01
6.618437842969999474e+04	2.794055585284134224e-01
6.618457342970000172e+04	2.497471965102846525e-01
6.618476842969999416e+04	2.491374529804808446e-01
6.618496342970000114e+04	2.702988254856286687e-01
6.618515942969999742e+04	2.689902127734704607e-01
6.618535442970000440e+04	2.694336330738771323e-01
6.618554942969999684e+04	2.497616178599457726e-01
6.618574542969999311e+04	3.136161472009213469e-01
6.618594042970000010e+04	2.709236685663292121e-01
6.618613542970000708e+04	2.840441481542335111e-01
6.618633142970000335e+04	2.389476669031473932e-01
6.618652642969999579e+04	2.512877131728448177e-01
6.618672142970000277e+04	3.071077572571478953e-01
6.618691742969999905e+04	2.904505068206137963e-01
6.618711242970000603e+04	3.019298113591499799e-01
6.618730742969999847e+04	2.998979328805049249e-01
