# time(sec)	crack length FEA(mm)
1.285664017190000050e+04	3.727728707795030516e-01
1.285683617190000041e+04	3.933822898476933005e-01
1.285703117190000012e+04	4.324355499365886146e-01
1.285722617189999983e+04	3.930190421764834241e-01
1.285742217189999974e+04	3.892881983288809522e-01
1.285761717189999945e+04	4.094342255451195456e-01
1.285781217190000098e+04	3.754280938727312389e-01
1.285800817190000089e+04	4.078140333235875659e-01
1.285820317190000060e+04	4.319791040633944590e-01
1.285839817190000031e+04	4.072375039068454328e-01
1.285859417190000022e+04	3.355203535152551098e-01
1.285878917189999993e+04	4.077356468077546481e-01
1.285898417189999964e+04	3.777339917387489976e-01
1.285918017189999955e+04	4.155541246741538686e-01
1.285937517190000108e+04	4.260189025796066176e-01
1.285957017190000079e+04	4.245626172380934094e-01
1.285976517190000050e+04	4.411031364277366862e-01
1.285996117190000041e+04	3.801656700771971487e-01
1.286015617190000012e+04	4.042824423554662872e-01
1.286035117189999983e+04	4.250934240955075438e-01
1.286054717189999974e+04	4.086329219024733561e-01
1.286074217189999945e+04	4.068466051352146451e-01
1.286093717190000098e+04	3.959207704872085287e-01
1.286113317190000089e+04	4.175573455950640778e-01
1.286132817190000060e+04	4.393645378735691054e-01
1.286152317190000031e+04	4.055222680277026370e-01
1.286171917190000022e+04	4.495381284844324199e-01
1.286191417189999993e+04	4.321676734411141751e-01
1.286210917189999964e+04	4.061968270202953590e-01
1.286230517189999955e+04	4.404995844089132362e-01
1.286250017190000108e+04	4.581863522429845403e-01
1.286269517190000079e+04	4.293907540150403435e-01
1.286289017190000050e+04	4.235144356345781347e-01
1.286308617190000041e+04	4.205417415237242551e-01
1.286328117190000012e+04	4.496009138744341271e-01
1.286347617189999983e+04	4.377164345917012866e-01
1.286367217189999974e+04	4.603198727959085801e-01
1.286386717189999945e+04	4.326436839053489081e-01
1.286406217190000098e+04	4.424183930602332282e-01
1.286425817190000089e+04	4.366862699233493572e-01
1.286445317190000060e+04	4.212014581307350625e-01
1.286464817190000031e+04	4.417705760421704042e-01
1.286484417190000022e+04	4.055284700566357259e-01
1.286503917189999993e+04	4.266217728758903149e-01
1.286523417189999964e+04	4.535131128463820716e-01
1.286543017189999955e+04	4.178552860077182629e-01
1.286562517190000108e+04	4.460608915466437452e-01
1.286582017190000079e+04	4.269670172978976552e-01
1.286601517190000050e+04	4.453019257527692787e-01
1.286621117190000041e+04	4.396055450874776227e-01
1.286640617190000012e+04	4.515158932196641217e-01
1.286660117189999983e+04	4.403111051962262934e-01
1.286679717189999974e+04	4.607140632739579189e-01
1.286699217189999945e+04	4.146725912055888585e-01
1.286718717190000098e+04	4.103675277784866182e-01
1.286738317190000089e+04	4.452710362413832001e-01
1.286757817190000060e+04	4.061081313954328920e-01
1.286777317190000031e+04	4.251099084329759137e-01
1.286796917190000022e+04	4.549491401703065208e-01
1.286816417189999993e+04	4.424122179779317321e-01
1.286835917189999964e+04	4.405696211941130258e-01
1.286855517189999955e+04	4.236700636617705129e-01
1.286875017190000108e+04	4.433411700848672865e-01
1.286894517190000079e+04	4.263991850422144125e-01
1.286914017190000050e+04	4.350843678547064997e-01
1.286933617190000041e+04	4.423627553360418574e-01
1.286953117190000012e+04	4.627362523873319589e-01
1.286972617189999983e+04	4.830363299880424677e-01
1.286992217189999974e+04	4.254953484152306231e-01
1.287011717189999945e+04	4.576830281822061863e-01
1.287031217190000098e+04	4.769804277078364407e-01
1.287050817190000089e+04	4.469052435268885404e-01
1.287070317190000060e+04	4.688850901360535062e-01
1.287089817190000031e+04	4.748267556897047825e-01
1.287109417190000022e+04	4.626332980737259959e-01
1.287128917189999993e+04	4.582244488118636383e-01
1.287148417189999964e+04	4.469722017014188253e-01
1.287168017189999955e+04	4.625067415554102723e-01
1.287187517190000108e+04	4.379821892184772025e-01
1.287207017190000079e+04	4.287858888451836492e-01
1.287226517190000050e+04	4.755004483423803663e-01
1.287246117190000041e+04	4.329270077325269028e-01
1.287265617190000012e+04	4.658602300227450144e-01
1.287285117189999983e+04	4.317060715327727394e-01
1.287304717189999974e+04	4.520028944523257763e-01
1.287324217189999945e+04	4.119401195344387645e-01
1.287343717190000098e+04	4.378049814417508401e-01
1.287363317190000089e+04	4.329063867033777768e-01
1.287382817190000060e+04	4.300182813266282267e-01
1.287402317190000031e+04	4.163923378925211694e-01
1.287421917190000022e+04	4.477918452534659366e-01
1.287441417189999993e+04	4.536171044801378116e-01
1.287460917189999964e+04	4.292042435508065523e-01
1.287480517189999955e+04	4.302016965755051103e-01
1.287500017190000108e+04	4.181655939835682290e-01
1.287519517190000079e+04	4.773074849765119865e-01
1.287539017190000050e+04	4.706370910289692233e-01
1.287558617190000041e+04	4.108645800889032529e-01
1.287578117190000012e+04	4.551365084276675077e-01
1.287597617189999983e+04	4.427860288436100689e-01
1.287617217189999974e+04	4.201015723784458089e-01
1.287636717189999945e+04	4.341787958550913373e-01
1.287656217190000098e+04	4.506346431950429832e-01
1.287675817190000089e+04	4.600008116990021989e-01
1.287695317190000060e+04	4.613902015185864514e-01
1.287714817190000031e+04	4.572003034466440852e-01
1.287734417190000022e+04	4.970591628764147174e-01
1.287753917189999993e+04	4.387351598730422353e-01
1.287773417189999964e+04	4.750612585194033954e-01
1.287793017189999955e+04	4.771789453885837418e-01
1.287812517190000108e+04	4.854370592225230041e-01
1.287832017190000079e+04	4.602488930873924744e-01
1.287851517190000050e+04	4.399269227193869369e-01
1.287871117190000041e+04	4.291692179128858697e-01
1.287890617190000012e+04	4.694787308446706220e-01
1.287910117189999983e+04	4.279604356316433211e-01
1.287929717189999974e+04	4.683460157519832023e-01
1.287949217189999945e+04	4.258642985611125198e-01
1.287968717190000098e+04	4.460443946536933879e-01
1.287988317190000089e+04	4.628391532339968251e-01
1.288007817190000060e+04	4.586526134190158643e-01
1.288027317190000031e+04	4.312980438414815154e-01
1.288046917190000022e+04	4.453884551002893488e-01
1.288066417189999993e+04	4.468424512771242973e-01
1.288085917189999964e+04	4.488008856886871456e-01
1.288105517189999955e+04	4.430157232313209903e-01
1.288125017190000108e+04	4.606708078291639197e-01
1.288144517190000079e+04	4.079965857675187380e-01
1.288164017190000050e+04	4.250326037004548141e-01
1.288183617190000041e+04	4.586145086705784024e-01
1.288203117190000012e+04	4.124969552984580901e-01
1.288222617189999983e+04	4.329857200448152810e-01
1.288242217189999974e+04	4.112327123168064702e-01
1.288261717189999945e+04	4.100158859348628226e-01
1.288281217190000098e+04	4.221796490984086603e-01
1.288300817190000089e+04	4.097529131037713768e-01
1.288320317190000060e+04	4.053943641242909735e-01
1.288339817190000031e+04	4.606780214953687391e-01
1.288359417190000022e+04	4.518628413501009078e-01
1.288378917189999993e+04	4.510732159776349448e-01
1.288398417189999964e+04	4.412710397849934907e-01
1.288418017189999955e+04	4.159108687042678554e-01
1.288437517190000108e+04	4.334019769547214906e-01
1.288457017190000079e+04	4.376669625398967867e-01
1.288476517190000050e+04	4.031024011891286563e-01
1.288496117190000041e+04	4.382283861975331263e-01
1.288515617190000012e+04	4.537272679282207122e-01
1.288535117189999983e+04	4.033860638510766705e-01
1.288554717189999974e+04	3.867552529905431413e-01
1.288574217189999945e+04	4.206314125184817954e-01
1.288593717190000098e+04	4.097673524983953541e-01
1.288613317190000089e+04	3.553422219145154770e-01
1.288632817190000060e+04	4.074035556084805165e-01
1.288652317190000031e+04	4.279377744929711014e-01
1.288671917190000022e+04	4.004408484758688047e-01
1.288691417189999993e+04	4.219807149480558905e-01
1.288710917189999964e+04	4.364040334057399662e-01
1.288730517189999955e+04	4.224012478855065922e-01
1.288750017190000108e+04	3.906113478012720464e-01
1.288769517190000079e+04	4.297308082430877363e-01
1.288789017190000050e+04	4.137786529566902516e-01
1.288808617190000041e+04	4.309868652023034485e-01
1.288828117190000012e+04	4.372425482551953735e-01
1.288847617189999983e+04	4.321007016506133169e-01
1.288867217189999974e+04	4.423916048696767689e-01
1.288886717189999945e+04	4.318338216426163001e-01
1.288906217190000098e+04	4.365595802386224022e-01
1.288925817190000089e+04	4.395705341999107674e-01
1.288945317190000060e+04	4.156087866142144094e-01
1.288964817190000031e+04	4.659600597501309949e-01
1.288984417190000022e+04	4.437396924366865392e-01
1.289003917189999993e+04	4.434987255852078647e-01
1.289023417189999964e+04	4.368676004273375213e-01
1.289043017189999955e+04	4.163232686958728834e-01
1.289062517190000108e+04	4.479020347165985072e-01
1.289082017190000079e+04	3.913915690131819503e-01
1.289101517190000050e+04	4.201891906596717519e-01
1.289121117190000041e+04	3.862143567370885933e-01
1.289140617190000012e+04	4.071591155636316017e-01
1.289160117189999983e+04	4.455820525804998766e-01
1.289179717189999974e+04	4.131630601947158254e-01
1.289199217189999945e+04	4.247491804556151607e-01
1.289218717190000098e+04	3.900189292126317042e-01
1.289238317190000089e+04	4.215498595960092132e-01
1.289257817190000060e+04	4.288971545570259281e-01
1.289277317190000031e+04	4.617493335790143760e-01
1.289296917190000022e+04	4.117751257988899738e-01
1.289316417189999993e+04	4.125278946797354962e-01
1.289335917189999964e+04	4.268814856550484649e-01
1.289355517189999955e+04	4.084503830148396020e-01
1.289375017190000108e+04	4.313835601924065344e-01
1.289394517190000079e+04	3.892087246588555871e-01
1.289414017190000050e+04	4.407416422322718574e-01
1.289433617190000041e+04	4.306592020186865710e-01
1.289453117190000012e+04	4.105098272080702770e-01
1.289472617189999983e+04	3.990511719083187359e-01
1.289492217189999974e+04	3.933688691564007911e-01
1.289511717189999945e+04	4.311259569979490891e-01
1.289531217190000098e+04	3.790247285826531254e-01
1.289550817190000089e+04	3.689894016128132392e-01
1.289570317190000060e+04	4.209190269173905818e-01
1.289589817190000031e+04	4.141941795912718050e-01
1.289609417190000022e+04	4.028506791979289403e-01
1.289628917189999993e+04	4.326230537892872263e-01
1.289648417189999964e+04	4.241483007373236802e-01
1.289668017189999955e+04	3.967503518706205767e-01
1.289687517190000108e+04	3.823059366431422745e-01
1.289707017190000079e+04	4.241462379022014062e-01
1.289726517190000050e+04	4.403852566274615299e-01
1.289746117190000041e+04	4.333216183410151245e-01
1.289765617190000012e+04	4.162387363801407503e-01
1.289785117189999983e+04	4.265496427396371359e-01
1.289804717189999974e+04	4.173449665456310242e-01
1.289824217189999945e+04	4.034892122979609752e-01
1.289843717190000098e+04	3.965873219181563769e-01
1.289863317190000089e+04	3.946206053973995154e-01
1.289882817190000060e+04	4.007472543406898069e-01
1.289902317190000031e+04	3.596403247705772799e-01
1.289921917190000022e+04	4.345228992508154420e-01
1.289941417189999993e+04	4.219972102164462058e-01
1.289960917189999964e+04	4.149571574074961688e-01
1.289980517189999955e+04	3.988881571143068072e-01
1.290000017190000108e+04	3.951881308427509509e-01
1.290019517190000079e+04	3.784402815930043573e-01
1.290039017190000050e+04	3.651898510741329318e-01
1.290058617190000041e+04	4.189696791869401693e-01
1.290078117190000012e+04	3.885337023981421112e-01
1.290097617189999983e+04	4.206767747433346472e-01
1.290117217189999974e+04	3.968359878109453120e-01
1.290136717189999945e+04	4.122030691047040563e-01
1.290156217190000098e+04	3.924060529668480513e-01
1.290175817190000089e+04	3.912563758117961754e-01
1.290195317190000060e+04	3.860925333037830143e-01
1.290214817190000031e+04	4.116565461132637438e-01
1.290234417190000022e+04	3.721056780164602173e-01
1.290253917189999993e+04	3.761344583405836772e-01
1.290273417189999964e+04	4.023173653371703296e-01
1.290293017189999955e+04	4.242266352243539984e-01
1.290312517190000108e+04	3.937414103062675252e-01
1.290332017190000079e+04	3.923296742455217867e-01
1.290351517190000050e+04	4.037471036851059125e-01
1.290371117190000041e+04	3.778661631743869265e-01
1.290390617190000012e+04	4.041442360998956929e-01
1.290410117189999983e+04	4.026433486643110626e-01
1.290429717189999974e+04	4.055140281868574448e-01
1.290449217189999945e+04	4.141817975919401817e-01
1.290468717190000098e+04	3.949095152087362948e-01
1.290488317190000089e+04	4.002778428377169462e-01
1.290507817190000060e+04	4.294443231785365356e-01
1.290527317190000031e+04	3.821903107291433344e-01
1.290546917190000022e+04	4.148891115763539972e-01
1.290566417189999993e+04	3.648458381267616346e-01
1.290585917189999964e+04	3.634138520215213219e-01
1.290605517189999955e+04	3.908972192964750292e-01
1.290625017190000108e+04	4.260735148191621136e-01
1.290644517190000079e+04	4.092537477921425193e-01
1.290664017190000050e+04	4.024308414820492175e-01
1.290683617190000041e+04	3.743251425126974397e-01
1.290703117190000012e+04	3.933564855926601211e-01
1.290722617189999983e+04	4.046548192214096673e-01
1.290742217189999974e+04	3.914214975853482770e-01
1.290761717189999945e+04	4.388062545901316724e-01
1.290781217190000098e+04	3.715076618591961477e-01
1.290800817190000089e+04	3.800438168854434196e-01
1.290820317190000060e+04	4.186181508276138885e-01
1.290839817190000031e+04	4.055140281868574448e-01
1.290859417190000022e+04	3.912119879550921553e-01
1.290878917189999993e+04	4.432144614702071550e-01
1.290898417189999964e+04	4.341530341472310539e-01
1.290918017189999955e+04	4.212993878789905722e-01
1.290937517190000108e+04	4.016365241210362313e-01
1.290957017190000079e+04	3.945060563415978550e-01
1.290976517190000050e+04	4.342993294935979520e-01
1.290996117190000041e+04	3.762397783614890301e-01
1.291015617190000012e+04	4.026670608861682155e-01
1.291035117189999983e+04	4.293835489005779493e-01
1.291054717189999974e+04	4.062535739793311507e-01
1.291074217189999945e+04	4.233299525579337086e-01
1.291093717190000098e+04	4.115946651311972460e-01
1.291113317190000089e+04	4.177006309047328614e-01
1.291132817190000060e+04	4.156294043722645881e-01
1.291152317190000031e+04	3.663303914763957891e-01
1.291171917190000022e+04	4.072323565786390986e-01
1.291191417189999993e+04	4.246584708737479730e-01
1.291210917189999964e+04	3.839732292650577250e-01
1.291230517189999955e+04	4.078614832682863067e-01
1.291250017190000108e+04	4.360166840843593405e-01
1.291269517190000079e+04	4.021533441578384327e-01
1.291289017190000050e+04	3.851500683841546646e-01
1.291308617190000041e+04	3.960445752886982973e-01
1.291328117190000012e+04	4.486742581722147349e-01
1.291347617189999983e+04	4.138569937463554282e-01
1.291367217189999974e+04	3.817246888085623624e-01
1.291386717189999945e+04	3.915113008148640716e-01
1.291406217190000098e+04	4.053954184747716738e-01
1.291425817190000089e+04	4.126413239840172054e-01
1.291445317190000060e+04	4.323819784101132768e-01
1.291464817190000031e+04	4.248522398057801297e-01
1.291484417190000022e+04	4.032292625018047971e-01
1.291503917189999993e+04	3.964820884117123967e-01
1.291523417189999964e+04	3.837203194475140577e-01
1.291543017189999955e+04	4.226537979557996039e-01
1.291562517190000108e+04	4.270628616052434268e-01
1.291582017190000079e+04	4.381377261090708686e-01
1.291601517190000050e+04	3.946175118796073633e-01
1.291621117190000041e+04	4.203159908965741209e-01
1.291640617190000012e+04	3.910613151000923438e-01
1.291660117189999983e+04	4.183862015366699438e-01
1.291679717189999974e+04	4.156500132567053640e-01
1.291699217189999945e+04	3.831163670942228094e-01
1.291718717190000098e+04	4.135631502906349510e-01
1.291738317190000089e+04	4.435007779579116516e-01
1.291757817190000060e+04	4.361804806803668555e-01
1.291777317190000031e+04	4.593586280566839264e-01
1.291796917190000022e+04	3.859614343402046899e-01
1.291816417189999993e+04	4.239617506894077792e-01
1.291835917189999964e+04	4.398877980941122701e-01
1.291855517189999955e+04	3.859789822227739364e-01
1.291875017190000108e+04	4.260704252338616271e-01
1.291894517190000079e+04	3.904998742222289820e-01
1.291914017190000050e+04	4.251067921680906636e-01
1.291933617190000041e+04	3.968824218302131612e-01
1.291953117190000012e+04	4.091186521609309068e-01
1.291972617189999983e+04	4.318750477736941207e-01
1.291992217189999974e+04	4.079718421322127142e-01
1.292011717189999945e+04	4.285705170127016572e-01
1.292031217190000098e+04	4.276564471181494298e-01
1.292050817190000089e+04	4.085700057149210807e-01
1.292070317190000060e+04	4.282077859196142811e-01
1.292089817190000031e+04	4.292980256246430315e-01
1.292109417190000022e+04	4.442494668259033830e-01
1.292128917189999993e+04	4.339974721536403734e-01
1.292148417189999964e+04	3.961137011394342267e-01
1.292168017189999955e+04	4.022338130311435833e-01
1.292187517190000108e+04	4.370015091233554472e-01
1.292207017190000079e+04	4.369387005225640053e-01
1.292226517190000050e+04	3.859717644494367050e-01
1.292246117190000041e+04	4.177521974726872145e-01
1.292265617190000012e+04	4.147303195284628430e-01
1.292285117189999983e+04	4.385250421552644440e-01
1.292304717189999974e+04	4.108336386261850492e-01
1.292324217189999945e+04	4.124423130501213564e-01
1.292343717190000098e+04	4.183088757671615809e-01
1.292363317190000089e+04	4.488730039125332638e-01
1.292382817190000060e+04	4.506130375952199785e-01
1.292402317190000031e+04	4.256798241769050861e-01
1.292421917190000022e+04	4.555338411419000977e-01
1.292441417189999993e+04	4.234041461382265226e-01
1.292460917189999964e+04	4.539166439178785595e-01
1.292480517189999955e+04	4.421197137066723570e-01
1.292500017190000108e+04	4.445357713067359384e-01
1.292519517190000079e+04	4.215735625466159320e-01
1.292539017190000050e+04	4.452628096467776686e-01
1.292558617190000041e+04	3.987653945848474990e-01
1.292578117190000012e+04	4.434111899611536955e-01
1.292597617189999983e+04	4.380254402168919370e-01
1.292617217189999974e+04	4.465953495298062847e-01
1.292636717189999945e+04	4.313701601131008090e-01
1.292656217190000098e+04	4.171717552109299731e-01
1.292675817190000089e+04	4.268608772828379472e-01
1.292695317190000060e+04	3.809864761470453942e-01
1.292714817190000031e+04	4.199005671638804671e-01
1.292734417190000022e+04	4.435048915492458832e-01
1.292753917189999993e+04	4.209839393648788786e-01
1.292773417189999964e+04	4.102190266788205975e-01
1.292793017189999955e+04	4.409476182198428518e-01
1.292812517190000108e+04	4.565858188005122997e-01
1.292832017190000079e+04	4.287580590613355724e-01
1.292851517190000050e+04	4.373393791352100379e-01
1.292871117190000041e+04	4.476796121181756405e-01
1.292890617190000012e+04	4.461865329368066568e-01
1.292910117189999983e+04	4.428746105906018471e-01
1.292929717189999974e+04	4.346722809158176659e-01
1.292949217189999945e+04	4.603373679498705684e-01
1.292968717190000098e+04	4.479534851907942539e-01
1.292988317190000089e+04	4.212004310173949051e-01
1.293007817190000060e+04	4.690661841028482826e-01
1.293027317190000031e+04	4.420754259417378762e-01
1.293046917190000022e+04	3.751358252374732416e-01
1.293066417189999993e+04	3.998146170279355260e-01
1.293085917189999964e+04	4.272050826472870710e-01
1.293105517189999955e+04	4.209891103941476587e-01
1.293125017190000108e+04	4.319595266100311193e-01
1.293144517190000079e+04	4.159397402930320453e-01
1.293164017190000050e+04	4.604268944984539758e-01
1.293183617190000041e+04	4.365770922481466698e-01
1.293203117190000012e+04	4.653519538875663386e-01
1.293222617189999983e+04	4.900867658235199542e-01
1.293242217189999974e+04	4.380924224851092674e-01
1.293261717189999945e+04	4.621435100439246213e-01
1.293281217190000098e+04	4.203695797396598266e-01
1.293300817190000089e+04	4.262425295960508009e-01
1.293320317190000060e+04	4.434441430243332150e-01
1.293339817190000031e+04	4.232804782423968959e-01
1.293359417190000022e+04	4.491200828516141996e-01
1.293378917189999993e+04	4.196778922097550435e-01
1.293398417189999964e+04	4.269464089970398391e-01
1.293418017189999955e+04	4.160985068597078396e-01
1.293437517190000108e+04	4.420579178321641933e-01
1.293457017190000079e+04	4.383684636085725117e-01
1.293476517190000050e+04	4.157252926628025591e-01
1.293496117190000041e+04	4.630685990954823694e-01
1.293515617190000012e+04	4.618326936179038000e-01
1.293535117189999983e+04	4.249048007056099863e-01
1.293554717189999974e+04	4.578652123612272362e-01
1.293574217189999945e+04	4.461545830748132602e-01
1.293593717190000098e+04	4.578579890308294154e-01
1.293613317190000089e+04	4.368706621158064962e-01
1.293632817190000060e+04	4.395416813689667634e-01
1.293652317190000031e+04	4.434091375809998681e-01
1.293671917190000022e+04	4.268567609177704725e-01
1.293691417189999993e+04	4.565878789265589432e-01
1.293710917189999964e+04	4.791535044988428638e-01
1.293730517189999955e+04	4.492374833961676472e-01
1.293750017190000108e+04	4.118658826761301128e-01
1.293769517190000079e+04	4.225744314259678447e-01
1.293789017190000050e+04	4.218394909166534035e-01
1.293808617190000041e+04	4.592402766662928570e-01
1.293828117190000012e+04	4.461267993987370062e-01
1.293847617189999983e+04	4.636160712593380140e-01
1.293867217189999974e+04	4.399598892822336182e-01
1.293886717189999945e+04	4.132300833323316880e-01
1.293906217190000098e+04	4.412463029093771638e-01
1.293925817190000089e+04	4.363793005018195004e-01
1.293945317190000060e+04	4.469464710320671941e-01
1.293964817190000031e+04	4.528347070052873846e-01
1.293984417190000022e+04	4.311785311029616707e-01
1.294003917189999993e+04	4.318781277824417231e-01
1.294023417189999964e+04	4.120133463901183291e-01
1.294043017189999955e+04	4.360022511717520644e-01
1.294062517190000108e+04	4.509105440683356392e-01
1.294082017190000079e+04	4.680240095324883498e-01
1.294101517190000050e+04	4.585280345439208816e-01
1.294121117190000041e+04	4.310950674463427390e-01
1.294140617190000012e+04	4.732550643918784772e-01
1.294160117189999983e+04	4.499201006873310149e-01
1.294179717189999974e+04	4.366677580675251136e-01
1.294199217189999945e+04	4.915988105397772756e-01
1.294218717190000098e+04	4.551241204145757280e-01
1.294238317190000089e+04	4.337811191728651039e-01
1.294257817190000060e+04	4.486413032478466789e-01
1.294277317190000031e+04	4.502577938941083602e-01
1.294296917190000022e+04	4.466529679061697067e-01
1.294316417189999993e+04	4.143106834500986935e-01
1.294335917189999964e+04	4.369706092230689620e-01
1.294355517189999955e+04	4.595325780197327958e-01
1.294375017190000108e+04	4.001158907011177490e-01
1.294394517190000079e+04	4.130981006330269878e-01
1.294414017190000050e+04	4.194913084101798972e-01
1.294433617190000041e+04	4.618892775091669733e-01
1.294453117190000012e+04	4.223826987584651249e-01
1.294472617189999983e+04	4.317143026460890098e-01
1.294492217189999974e+04	4.118586547348144222e-01
1.294511717189999945e+04	4.569316434724690623e-01
1.294531217190000098e+04	4.268103831572958029e-01
1.294550817190000089e+04	4.433483888204019507e-01
1.294570317190000060e+04	4.412535311048522146e-01
1.294589817190000031e+04	4.353717874765550278e-01
1.294609417190000022e+04	4.103221466315467580e-01
1.294628917189999993e+04	4.528151549303167656e-01
1.294648417189999964e+04	4.266485781796731658e-01
1.294668017189999955e+04	4.224775337909392192e-01
1.294687517190000108e+04	4.420383483690706328e-01
1.294707017190000079e+04	4.189748506376922421e-01
1.294726517190000050e+04	4.184748531261455184e-01
1.294746117190000041e+04	4.230959845651973694e-01
1.294765617190000012e+04	4.577334591893453819e-01
1.294785117189999983e+04	4.281500625170853169e-01
1.294804717189999974e+04	4.346495993858905393e-01
1.294824217189999945e+04	4.054572883910712022e-01
1.294843717190000098e+04	4.145622622454148143e-01
1.294863317190000089e+04	3.990955457069986778e-01
1.294882817190000060e+04	4.250995946570625961e-01
1.294902317190000031e+04	4.078944837829450165e-01
1.294921917190000022e+04	4.301604942048093960e-01
1.294941417189999993e+04	3.939777215432531676e-01
1.294960917189999964e+04	4.084122007233261797e-01
1.294980517189999955e+04	4.542172231440329000e-01
1.295000017190000108e+04	4.110336900445723529e-01
1.295019517190000079e+04	4.277110557377472588e-01
1.295039017190000050e+04	4.344507656363116865e-01
1.295058617190000041e+04	3.976665666049310488e-01
1.295078117190000012e+04	4.117080987169643436e-01
1.295097617189999983e+04	4.270144216360360900e-01
1.295117217189999974e+04	4.038451025933103011e-01
1.295136717189999945e+04	4.235515410291785798e-01
1.295156217190000098e+04	3.997537698642119608e-01
1.295175817190000089e+04	4.284437591318219773e-01
1.295195317190000060e+04	4.192212371331862641e-01
1.295214817190000031e+04	4.475405870254061114e-01
1.295234417190000022e+04	3.919333804944074018e-01
1.295253917189999993e+04	3.787356067494407341e-01
1.295273417189999964e+04	4.091877503464793620e-01
1.295293017189999955e+04	4.019717853563058441e-01
1.295312517190000108e+04	4.171459934746053477e-01
1.295332017190000079e+04	4.355737022069980924e-01
1.295351517190000050e+04	3.897402553858047014e-01
1.295371117190000041e+04	4.138281462962112300e-01
1.295390617190000012e+04	4.287755766038703342e-01
1.295410117189999983e+04	4.375567273735825324e-01
1.295429717189999974e+04	4.143581209291049561e-01
1.295449217189999945e+04	4.225507028735755455e-01
1.295468717190000098e+04	4.380790260460045715e-01
1.295488317190000089e+04	4.030209072723600627e-01
1.295507817190000060e+04	4.119060880611371545e-01
1.295527317190000031e+04	4.290228833230820271e-01
1.295546917190000022e+04	4.263342602620863175e-01
1.295566417189999993e+04	3.734152762490126065e-01
1.295585917189999964e+04	4.272071452270225222e-01
1.295605517189999955e+04	4.150344936629082326e-01
1.295625017190000108e+04	4.296030207009078339e-01
1.295644517190000079e+04	3.817618480703792727e-01
