# time(sec)	crack length FEA(mm)
1.870917833590000009e+04	7.435079165761866449e-01
1.870937433590000001e+04	7.012937500247389266e-01
1.870956933589999971e+04	7.005427472647518528e-01
1.870976433589999942e+04	7.237116561529894909e-01
1.870996033589999934e+04	6.575548801942332489e-01
1.871015533589999905e+04	7.113638131816770738e-01
1.871035033589999875e+04	7.247141670689511983e-01
1.871054633589999867e+04	7.240916205215555124e-01
1.871074133589999838e+04	7.180787977772205011e-01
1.871093633589999808e+04	7.149669482494918071e-01
1.871113233589999800e+04	6.985089570952354165e-01
1.871132733590000134e+04	7.036415020990265390e-01
1.871152233590000105e+04	6.812072129546447030e-01
1.871171733590000076e+04	7.345862409696852779e-01
1.871191333590000067e+04	7.148945617277320252e-01
1.871210833590000038e+04	7.228644537192927544e-01
1.871230333590000009e+04	7.431548201799298425e-01
1.871249933590000001e+04	7.269447562323616552e-01
1.871269433589999971e+04	7.349883683414741853e-01
1.871288933589999942e+04	7.331096455199919149e-01
1.871308533589999934e+04	7.593498256941337843e-01
1.871328033589999905e+04	7.173112587249956817e-01
1.871347533589999875e+04	7.132601968448994967e-01
1.871367133589999867e+04	6.875414820980356723e-01
1.871386633589999838e+04	6.816166164986867670e-01
1.871406133589999808e+04	7.210976013034890997e-01
1.871425733589999800e+04	7.521157984875888047e-01
1.871445233590000134e+04	7.496536873042707327e-01
1.871464733590000105e+04	7.172771859581832388e-01
1.871484233590000076e+04	7.374786024784292238e-01
1.871503833590000067e+04	7.348128736333787714e-01
1.871523333590000038e+04	7.054937677541683883e-01
1.871542833590000009e+04	7.477867123135126803e-01
1.871562433590000001e+04	6.957462603044071159e-01
1.871581933589999971e+04	7.545734779250707902e-01
1.871601433589999942e+04	7.546276860158407374e-01
1.871621033589999934e+04	7.627694659819006517e-01
1.871640533589999905e+04	7.297294553676803019e-01
1.871660033589999875e+04	7.138649761526885129e-01
1.871679633589999867e+04	7.260125610702310439e-01
1.871699133589999838e+04	6.750579228743074367e-01
1.871718633589999808e+04	7.683548103723332190e-01
1.871738233589999800e+04	7.209411429572032404e-01
1.871757733590000134e+04	7.241735696148197121e-01
1.871777233590000105e+04	7.568969304787582786e-01
1.871796733590000076e+04	7.226409734165439858e-01
1.871816333590000067e+04	7.645354131347872340e-01
1.871835833590000038e+04	7.214797368864758198e-01
1.871855333590000009e+04	7.234455715079786131e-01
1.871874933590000001e+04	6.901708191281397120e-01
1.871894433589999971e+04	7.146337215330120785e-01
1.871913933589999942e+04	7.238819378255811898e-01
1.871933533589999934e+04	6.935767529649794483e-01
1.871953033589999905e+04	7.358628074404727215e-01
1.871972533589999875e+04	7.310701252525753091e-01
1.871992133589999867e+04	7.444957900356214964e-01
1.872011633589999838e+04	6.959753331124538533e-01
1.872031133589999808e+04	7.398132767275953370e-01
1.872050733589999800e+04	7.433664648804079178e-01
1.872070233590000134e+04	6.981840067532836258e-01
1.872089733590000105e+04	7.120655202786778659e-01
1.872109233590000076e+04	7.310349933288851076e-01
1.872128833590000067e+04	7.458674851079827306e-01
1.872148333590000038e+04	7.251526405984964896e-01
1.872167833590000009e+04	7.609746638647507666e-01
1.872187433590000001e+04	6.885263322891450599e-01
1.872206933589999971e+04	7.568033875164772439e-01
1.872226433589999942e+04	7.274087380140521475e-01
1.872246033589999934e+04	7.750667601009819663e-01
1.872265533589999905e+04	7.410172047945469131e-01
1.872285033589999875e+04	7.119846187833971385e-01
1.872304633589999867e+04	7.240671015624045026e-01
1.872324133589999838e+04	7.270873365771475250e-01
1.872343633589999808e+04	7.484512197663857336e-01
1.872363233589999800e+04	7.180532394416410114e-01
1.872382733590000134e+04	7.302391465888842248e-01
1.872402233590000105e+04	6.880008695714838751e-01
1.872421733590000076e+04	7.140108526138391198e-01
1.872441333590000067e+04	7.496781256354161371e-01
1.872460833590000038e+04	7.648456497152782418e-01
1.872480333590000009e+04	7.161263195648697177e-01
1.872499933590000001e+04	7.006492726571877938e-01
1.872519433589999971e+04	7.405035464788571886e-01
1.872538933589999942e+04	7.400004477021671079e-01
1.872558533589999934e+04	7.142056854959264456e-01
1.872578033589999905e+04	7.512281741904285326e-01
1.872597533589999875e+04	7.608110594402361926e-01
1.872617133589999867e+04	7.321798163911896751e-01
1.872636633589999838e+04	7.300146465002281815e-01
1.872656133589999808e+04	7.346681637907828133e-01
1.872675733589999800e+04	7.548923333427719484e-01
1.872695233590000134e+04	6.957068121163274554e-01
1.872714733590000105e+04	7.486628091318152656e-01
1.872734233590000076e+04	6.594000036145519772e-01
1.872753833590000067e+04	7.230730572505130738e-01
1.872773333590000038e+04	7.167618821164438714e-01
1.872792833590000009e+04	7.242991164790364422e-01
1.872812433590000001e+04	7.278524461789288580e-01
1.872831933589999971e+04	6.851879180467239649e-01
1.872851433589999942e+04	7.418967708758206214e-01
1.872871033589999934e+04	7.010040214527180069e-01
1.872890533589999905e+04	6.893331494983119256e-01
1.872910033589999875e+04	7.104576291591158110e-01
1.872929633589999867e+04	7.254548887272154190e-01
1.872949133589999838e+04	6.934052153843630606e-01
1.872968633589999808e+04	7.011978696672223066e-01
1.872988233589999800e+04	7.256411283062984552e-01
1.873007733590000134e+04	7.168800508947281713e-01
1.873027233590000105e+04	7.073394610369980740e-01
1.873046733590000076e+04	6.814929188155556261e-01
1.873066333590000067e+04	7.214222455001753076e-01
1.873085833590000038e+04	6.979048756385530794e-01
1.873105333590000009e+04	7.197372522466434219e-01
1.873124933590000001e+04	7.276364248797868584e-01
1.873144433589999971e+04	6.914987235256973008e-01
1.873163933589999942e+04	6.971111190666068325e-01
1.873183533589999934e+04	6.920838045705473007e-01
1.873203033589999905e+04	7.328511210464547787e-01
1.873222533589999875e+04	6.979592103626615085e-01
1.873242133589999867e+04	6.776310682850237299e-01
1.873261633589999838e+04	7.077612325658950709e-01
1.873281133589999808e+04	7.046097259760628617e-01
1.873300733589999800e+04	6.760518061873241891e-01
1.873320233590000134e+04	6.915541619173986021e-01
1.873339733590000105e+04	7.046619139248946340e-01
1.873359233590000076e+04	7.102531799187303818e-01
1.873378833590000067e+04	6.944537176621743413e-01
1.873398333590000038e+04	7.484023406070239304e-01
1.873417833590000009e+04	7.523975215268752237e-01
1.873437433590000001e+04	7.247014233908224412e-01
1.873456933589999971e+04	7.186770288924133609e-01
1.873476433589999942e+04	7.342479465930100702e-01
1.873496033589999934e+04	6.850439929848768372e-01
1.873515533589999905e+04	7.345745807665355898e-01
1.873535033589999875e+04	7.728597431098620518e-01
1.873554633589999867e+04	7.281897968009314326e-01
1.873574133589999838e+04	7.279513840784357370e-01
1.873593633589999808e+04	7.251749827538702675e-01
1.873613233589999800e+04	7.423923212465748378e-01
1.873632733590000134e+04	7.253814913103866502e-01
1.873652233590000105e+04	7.189474177200043670e-01
1.873671733590000076e+04	7.233689499260655964e-01
1.873691333590000067e+04	7.628735920077325261e-01
1.873710833590000038e+04	7.414777111289598821e-01
1.873730333590000009e+04	6.931686489803734474e-01
1.873749933590000001e+04	6.770339519568420172e-01
1.873769433589999971e+04	7.150830040169875446e-01
1.873788933589999942e+04	7.233870425514439262e-01
1.873808533589999934e+04	7.131664855733532704e-01
1.873828033589999905e+04	7.266702058135159348e-01
1.873847533589999875e+04	6.926976238122328766e-01
1.873867133589999867e+04	7.251079653677461323e-01
1.873886633589999838e+04	7.365691524970614523e-01
1.873906133589999808e+04	7.491029781421847389e-01
1.873925733589999800e+04	7.254282960158153770e-01
1.873945233590000134e+04	7.415181721966739303e-01
1.873964733590000105e+04	7.350479567533501069e-01
1.873984233590000076e+04	6.877557358180048652e-01
1.874003833590000067e+04	7.063799090402120839e-01
1.874023333590000038e+04	7.518170965356052449e-01
1.874042833590000009e+04	7.659325233716547388e-01
1.874062433590000001e+04	7.609842392945473932e-01
1.874081933589999971e+04	7.475963956475499828e-01
1.874101433589999942e+04	7.455495979593429468e-01
1.874121033589999934e+04	7.166565246828895397e-01
1.874140533589999905e+04	7.475549126632419217e-01
1.874160033589999875e+04	7.263573507536786877e-01
1.874179633589999867e+04	7.422561980046022967e-01
1.874199133589999838e+04	7.350968628210790001e-01
1.874218633589999808e+04	7.362574574996205712e-01
1.874238233589999800e+04	7.513929299721233690e-01
1.874257733590000134e+04	7.442224702544759651e-01
1.874277233590000105e+04	7.200087173609155400e-01
1.874296733590000076e+04	7.430686874108545226e-01
1.874316333590000067e+04	7.862410342262755591e-01
1.874335833590000038e+04	7.427156394326281941e-01
1.874355333590000009e+04	7.318967709609971450e-01
1.874374933590000001e+04	7.326319273490629058e-01
1.874394433589999971e+04	7.654926689471786005e-01
1.874413933589999942e+04	7.358628074404727215e-01
1.874433533589999934e+04	7.214009879159171135e-01
1.874453033589999905e+04	7.172345629263165989e-01
1.874472533589999875e+04	7.765312425400239249e-01
1.874492133589999867e+04	7.427273505351834615e-01
1.874511633589999838e+04	7.286036932048229886e-01
1.874531133589999808e+04	7.407843081171030519e-01
1.874550733589999800e+04	7.255272437914861428e-01
1.874570233590000134e+04	7.424646258457769932e-01
1.874589733590000105e+04	7.576047813634740891e-01
1.874609233590000076e+04	7.759429113612128504e-01
1.874628833590000067e+04	7.343979499352428775e-01
1.874648333590000038e+04	7.611054060364779161e-01
1.874667833590000009e+04	7.267457749032715242e-01
1.874687433590000001e+04	7.461131293822873545e-01
1.874706933589999971e+04	7.522582949431857458e-01
1.874726433589999942e+04	7.706397415641461635e-01
1.874746033589999934e+04	7.549720693680601613e-01
1.874765533589999905e+04	7.511803325252230934e-01
1.874785033589999875e+04	7.829744640793290245e-01
1.874804633589999867e+04	7.664414544368689519e-01
1.874824133589999838e+04	7.883417853450787049e-01
1.874843633589999808e+04	7.596941419744478452e-01
1.874863233589999800e+04	7.665275133441333821e-01
1.874882733590000134e+04	7.610267307891298572e-01
1.874902233590000105e+04	7.502766652807562053e-01
1.874921733590000076e+04	7.602829134898954067e-01
1.874941333590000067e+04	7.602648483543479330e-01
1.874960833590000038e+04	7.474422269109552985e-01
1.874980333590000009e+04	7.751177111339337955e-01
1.874999933590000001e+04	7.594933111841726259e-01
1.875019433589999971e+04	7.539792901397408542e-01
1.875038933589999942e+04	7.528259165376098849e-01
1.875058533589999934e+04	7.511346093567201621e-01
1.875078033589999905e+04	7.133954492122676072e-01
1.875097533589999875e+04	7.707205024856751407e-01
1.875117133589999867e+04	7.671861778382051966e-01
1.875136633589999838e+04	7.583529806693807274e-01
1.875156133589999808e+04	7.464714619546555241e-01
1.875175733589999800e+04	7.469361026920502411e-01
1.875195233590000134e+04	7.687393505253368176e-01
1.875214733590000105e+04	7.689262892217119116e-01
1.875234233590000076e+04	7.196180549789303882e-01
1.875253833590000067e+04	7.654257628449290252e-01
1.875273333590000038e+04	7.663097097954150172e-01
1.875292833590000009e+04	7.576430336085326900e-01
1.875312433590000001e+04	7.626950951909812204e-01
1.875331933589999971e+04	7.527174921787000983e-01
1.875351433589999942e+04	7.362627937750438889e-01
1.875371033589999934e+04	7.243182963040126765e-01
1.875390533589999905e+04	7.674018472131454160e-01
1.875410033589999875e+04	7.574889287303818719e-01
1.875429633589999867e+04	7.495484633864375468e-01
1.875449133589999838e+04	7.639032180571341257e-01
1.875468633589999808e+04	7.501980096802398634e-01
1.875488233589999800e+04	7.639658934236273069e-01
1.875507733590000134e+04	7.319978766187791308e-01
1.875527233590000105e+04	7.552282217435273282e-01
1.875546733590000076e+04	7.662385075235143006e-01
1.875566333590000067e+04	7.589385805101436233e-01
1.875585833590000038e+04	7.589215459412912423e-01
1.875605333590000009e+04	7.547892595556575657e-01
1.875624933590000001e+04	7.501034089283500350e-01
1.875644433589999971e+04	7.329745577101487441e-01
1.875663933589999942e+04	7.650794014837813961e-01
1.875683533589999934e+04	7.309711452229734618e-01
1.875703033589999905e+04	7.331575228281295153e-01
1.875722533589999875e+04	7.504988593532431196e-01
1.875742133589999867e+04	7.473678090919637640e-01
1.875761633589999838e+04	7.406173607610710974e-01
1.875781133589999808e+04	7.405343708523410839e-01
1.875800733589999800e+04	7.551049073786693100e-01
1.875820233590000134e+04	7.485075603643096542e-01
1.875839733590000105e+04	7.466968967562017667e-01
1.875859233590000076e+04	7.981051896283037905e-01
1.875878833590000067e+04	7.462970915121438509e-01
1.875898333590000038e+04	7.624294377223783670e-01
1.875917833590000009e+04	7.445659692018828935e-01
1.875937433590000001e+04	7.839171844662260469e-01
1.875956933589999971e+04	7.472008978981534710e-01
1.875976433589999942e+04	7.934723169035766688e-01
1.875996033589999934e+04	7.805196639656415414e-01
1.876015533589999905e+04	8.231441946635538187e-01
1.876035033589999875e+04	7.892312602125972631e-01
1.876054633589999867e+04	7.188452244471683628e-01
1.876074133589999838e+04	7.595793856388901588e-01
1.876093633589999808e+04	7.456590864981986755e-01
1.876113233589999800e+04	7.601702321011156727e-01
1.876132733590000134e+04	7.516757480759359566e-01
1.876152233590000105e+04	7.649986217565896141e-01
1.876171733590000076e+04	7.599396370980748827e-01
1.876191333590000067e+04	7.436312351085465622e-01
1.876210833590000038e+04	7.472019299654260038e-01
1.876230333590000009e+04	7.587153774128161388e-01
1.876249933590000001e+04	7.576143581245204928e-01
1.876269433589999971e+04	7.690166372369855452e-01
1.876288933589999942e+04	7.541280849808611464e-01
1.876308533589999934e+04	7.944910804726763587e-01
1.876328033589999905e+04	7.648668692703708416e-01
1.876347533589999875e+04	7.857835023956116771e-01
1.876367133589999867e+04	7.760501371588510722e-01
1.876386633589999838e+04	7.681826596051326561e-01
1.876406133589999808e+04	7.763793741325777376e-01
1.876425733589999800e+04	7.898532212822839682e-01
1.876445233590000134e+04	7.791860217517587728e-01
1.876464733590000105e+04	7.600374127144160497e-01
1.876484233590000076e+04	7.831315623738905884e-01
1.876503833590000067e+04	8.041851953661112162e-01
1.876523333590000038e+04	7.385401341065307435e-01
1.876542833590000009e+04	7.749594752120003704e-01
1.876562433590000001e+04	7.743615448307821225e-01
1.876581933589999971e+04	7.655936346606253551e-01
1.876601433589999942e+04	7.999268966900690003e-01
1.876621033589999934e+04	7.527291984533608371e-01
1.876640533589999905e+04	8.076016604361520024e-01
1.876660033589999875e+04	7.418361121696435134e-01
1.876679633589999867e+04	7.659718576281200342e-01
1.876699133589999838e+04	7.786487077966555148e-01
1.876718633589999808e+04	7.782526309933253117e-01
1.876738233589999800e+04	7.291112875420520112e-01
1.876757733590000134e+04	7.581860994242219931e-01
1.876777233590000105e+04	7.624836282488161032e-01
1.876796733590000076e+04	7.442650459365189874e-01
1.876816333590000067e+04	7.737274894991621466e-01
1.876835833590000038e+04	7.665413301964214554e-01
1.876855333590000009e+04	7.685364228587125979e-01
1.876874933590000001e+04	7.623167663123986415e-01
1.876894433589999971e+04	7.570627433026473341e-01
1.876913933589999942e+04	7.280982728439298057e-01
1.876933533589999934e+04	7.320415064634424596e-01
1.876953033589999905e+04	7.539962642660018588e-01
1.876972533589999875e+04	7.344086233025244326e-01
1.876992133589999867e+04	6.784862317115774033e-01
1.877011633589999838e+04	6.986250822960897722e-01
1.877031133589999808e+04	7.216436615632702001e-01
1.877050733589999800e+04	7.011414192207787721e-01
1.877070233590000134e+04	7.046469730316324842e-01
1.877089733590000105e+04	7.252101231563390371e-01
1.877109233590000076e+04	7.194892744568530674e-01
1.877128833590000067e+04	7.369669434032353195e-01
1.877148333590000038e+04	7.352617921425430580e-01
1.877167833590000009e+04	7.116779498224818923e-01
1.877187433590000001e+04	7.495346368456807795e-01
1.877206933589999971e+04	7.365755212233082716e-01
1.877226433589999942e+04	7.094012545091281652e-01
1.877246033589999934e+04	7.228985186511316385e-01
1.877265533589999905e+04	7.555151858850770452e-01
1.877285033589999875e+04	7.269117390463613049e-01
1.877304633589999867e+04	7.630722772435554191e-01
1.877324133589999838e+04	7.266446565156332582e-01
1.877343633589999808e+04	7.389687738909511694e-01
1.877363233589999800e+04	7.220416970511180921e-01
1.877382733590000134e+04	7.409077044423604264e-01
1.877402233590000105e+04	6.948245472036784776e-01
1.877421733590000076e+04	7.318925212789153534e-01
1.877441333590000067e+04	7.527472692047876279e-01
1.877460833590000038e+04	7.357595979444653267e-01
1.877480333590000009e+04	7.617451224360181072e-01
1.877499933590000001e+04	7.156206395330677594e-01
1.877519433589999971e+04	7.231082006940390272e-01
1.877538933589999942e+04	7.568278734214306525e-01
1.877558533589999934e+04	7.494750839998083336e-01
1.877578033589999905e+04	7.749520309367632365e-01
1.877597533589999875e+04	7.090327785788641535e-01
1.877617133589999867e+04	7.672138107837174203e-01
1.877636633589999838e+04	7.427773281956024931e-01
1.877656133589999808e+04	7.280099568799851539e-01
1.877675733589999800e+04	7.473252936547574166e-01
1.877695233590000134e+04	7.069113605759991259e-01
1.877714733590000105e+04	7.601373148694019477e-01
1.877734233590000076e+04	7.348000804261864971e-01
1.877753833590000067e+04	7.745155424404828182e-01
1.877773333590000038e+04	7.743711149714371800e-01
1.877792833590000009e+04	7.087133203105704382e-01
1.877812433590000001e+04	6.980817261631688808e-01
1.877831933589999971e+04	7.316850901935332274e-01
1.877851433589999942e+04	7.533861195978062142e-01
1.877871033589999934e+04	7.287058454299799592e-01
1.877890533589999905e+04	7.355926068831522002e-01
1.877910033589999875e+04	7.761181086177764143e-01
1.877929633589999867e+04	7.202503168414011725e-01
1.877949133589999838e+04	7.429453020746521474e-01
1.877968633589999808e+04	7.553600357609226990e-01
1.877988233589999800e+04	7.304498071830813899e-01
1.878007733590000134e+04	7.598280404150248302e-01
1.878027233590000105e+04	7.509953755223897076e-01
1.878046733590000076e+04	7.446765400261803336e-01
1.878066333590000067e+04	7.416691629144516185e-01
1.878085833590000038e+04	7.172622528169299017e-01
1.878105333590000009e+04	7.109751430467259325e-01
1.878124933590000001e+04	7.178264960501046232e-01
1.878144433589999971e+04	7.097207128849944979e-01
1.878163933589999942e+04	7.866285001589687909e-01
1.878183533589999934e+04	7.531193191513469998e-01
1.878203033589999905e+04	7.470467266479090540e-01
1.878222533589999875e+04	7.180607011982065302e-01
1.878242133589999867e+04	7.541791348414683682e-01
1.878261633589999838e+04	7.205643386283711038e-01
1.878281133589999808e+04	7.426071790074910695e-01
1.878300733589999800e+04	7.682846452802003512e-01
1.878320233590000134e+04	7.309860699384032046e-01
1.878339733590000105e+04	7.346702838199625774e-01
1.878359233590000076e+04	7.361882868370166477e-01
1.878378833590000067e+04	7.260349024345735813e-01
1.878398333590000038e+04	7.175273169960547648e-01
1.878417833590000009e+04	7.338320171561818483e-01
1.878437433590000001e+04	7.276939015591388227e-01
1.878456933589999971e+04	7.377455749901997706e-01
1.878476433589999942e+04	7.390847058786320645e-01
1.878496033589999934e+04	7.477771316705155158e-01
1.878515533589999905e+04	7.153267741967397342e-01
1.878535033589999875e+04	7.382253031158558798e-01
1.878554633589999867e+04	7.231624791123891782e-01
1.878574133589999838e+04	7.157898896484589102e-01
1.878593633589999808e+04	7.182437787012005970e-01
1.878613233589999800e+04	7.115821104053470236e-01
1.878632733590000134e+04	7.420583744296926909e-01
1.878652233590000105e+04	7.440374601904125029e-01
1.878671733590000076e+04	7.125904725174176946e-01
1.878691333590000067e+04	6.749822479803828656e-01
1.878710833590000038e+04	7.227654950956221569e-01
1.878730333590000009e+04	7.398792302903451912e-01
1.878749933590000001e+04	6.802530133250925815e-01
1.878769433589999971e+04	7.531905691009725956e-01
1.878788933589999942e+04	7.393410352111473571e-01
1.878808533589999934e+04	7.206430903109897201e-01
1.878828033589999905e+04	7.182533710062415366e-01
1.878847533589999875e+04	7.153118947289254237e-01
1.878867133589999867e+04	7.188505645500935515e-01
1.878886633589999838e+04	6.857720611958502133e-01
1.878906133589999808e+04	7.217351641312070853e-01
1.878925733589999800e+04	7.400174864291066967e-01
1.878945233590000134e+04	7.371988442241335093e-01
1.878964733590000105e+04	6.862517265986962656e-01
1.878984233590000076e+04	7.195360905165806287e-01
1.879003833590000067e+04	7.309455913104621061e-01
1.879023333590000038e+04	6.960637655492831755e-01
1.879042833590000009e+04	7.372456809767786723e-01
1.879062433590000001e+04	7.337181801896992539e-01
1.879081933589999971e+04	7.110390437268971908e-01
1.879101433589999942e+04	7.529896296438138847e-01
1.879121033589999934e+04	7.201949986998847919e-01
1.879140533589999905e+04	7.454655927780979852e-01
1.879160033589999875e+04	7.335979640451117945e-01
1.879179633589999867e+04	7.435397693564009813e-01
1.879199133589999838e+04	7.393452835893796760e-01
1.879218633589999808e+04	7.287781908091020000e-01
1.879238233589999800e+04	7.794642195831045228e-01
1.879257733590000134e+04	7.663107410495442195e-01
1.879277233590000105e+04	7.161284503581839544e-01
1.879296733590000076e+04	7.254421362961966935e-01
1.879316333590000067e+04	7.584156703895317264e-01
1.879335833590000038e+04	7.524687644659540098e-01
1.879355333590000009e+04	7.516321535207595161e-01
1.879374933590000001e+04	7.391846943748880960e-01
1.879394433589999971e+04	7.502320362722709746e-01
1.879413933589999942e+04	7.393537803436149858e-01
1.879433533589999934e+04	7.357245276324704264e-01
1.879453033589999905e+04	7.859098704969884608e-01
1.879472533589999875e+04	7.419318322696621948e-01
1.879492133589999867e+04	7.826994620908855893e-01
1.879511633589999838e+04	7.455102396911108542e-01
1.879531133589999808e+04	7.497313035780805990e-01
1.879550733589999800e+04	7.491157090148909958e-01
1.879570233590000134e+04	7.472486926134358498e-01
1.879589733590000105e+04	7.751177111339337955e-01
1.879609233590000076e+04	6.996041488052018309e-01
1.879628833590000067e+04	7.347267112527013921e-01
1.879648333590000038e+04	7.348883716945486810e-01
1.879667833590000009e+04	7.779287465998425688e-01
1.879687433590000001e+04	7.380497861262647064e-01
1.879706933589999971e+04	7.763411514556999293e-01
1.879726433589999942e+04	7.741682344784006631e-01
1.879746033589999934e+04	7.252761164022416551e-01
1.879765533589999905e+04	6.885060896461254742e-01
1.879785033589999875e+04	7.197745309897811694e-01
1.879804633589999867e+04	7.124435448388037884e-01
1.879824133589999838e+04	7.167193130495590481e-01
1.879843633589999808e+04	7.592106390277457706e-01
1.879863233589999800e+04	7.027563041212676609e-01
1.879882733590000134e+04	7.221481831240854632e-01
1.879902233590000105e+04	7.305764092172140067e-01
1.879921733590000076e+04	7.242852755473165871e-01
1.879941333590000067e+04	7.465777861167026686e-01
1.879960833590000038e+04	7.251111740887168366e-01
1.879980333590000009e+04	7.755000274793424353e-01
1.879999933590000001e+04	7.603604501036969054e-01
1.880019433589999971e+04	7.141652429165716853e-01
1.880038933589999942e+04	6.943195132102104594e-01
1.880058533589999934e+04	7.327181063037802033e-01
1.880078033589999905e+04	7.588822093697267235e-01
1.880097533589999875e+04	7.732559081225929276e-01
1.880117133589999867e+04	7.711676618298408670e-01
1.880136633589999838e+04	7.449477264264086074e-01
1.880156133589999808e+04	7.434089872560161183e-01
1.880175733589999800e+04	7.463757506297064026e-01
1.880195233590000134e+04	7.042571616077282215e-01
1.880214733590000105e+04	7.659113138760087480e-01
1.880234233590000076e+04	7.336947584212225593e-01
1.880253833590000067e+04	7.669535323746359268e-01
1.880273333590000038e+04	7.369956981289007558e-01
1.880292833590000009e+04	7.849491262670262870e-01
1.880312433590000001e+04	7.325468447511518377e-01
1.880331933589999971e+04	7.698112034524591252e-01
1.880351433589999942e+04	7.465480015152543558e-01
1.880371033589999934e+04	7.271171450688846960e-01
1.880390533589999905e+04	7.559297577039139071e-01
1.880410033589999875e+04	7.801682556042059957e-01
1.880429633589999867e+04	7.720864809918879246e-01
1.880449133589999838e+04	7.884829200317522435e-01
1.880468633589999808e+04	7.732336102132659761e-01
1.880488233589999800e+04	7.297635015319166030e-01
1.880507733590000134e+04	7.545437122720599632e-01
1.880527233590000105e+04	8.103824338917053893e-01
1.880546733590000076e+04	7.607047976699927716e-01
1.880566333590000067e+04	7.427273505351834615e-01
1.880585833590000038e+04	7.768870002253969176e-01
1.880605333590000009e+04	7.831485708068264273e-01
1.880624933590000001e+04	7.556331661482396100e-01
1.880644433589999971e+04	7.904008897303942405e-01
1.880663933589999942e+04	7.749647482389079300e-01
1.880683533589999934e+04	7.897173644018558036e-01
1.880703033589999905e+04	7.660504620658201702e-01
1.880722533589999875e+04	7.855882132310867405e-01
1.880742133589999867e+04	7.969953596890615444e-01
1.880761633589999838e+04	7.340086064137647526e-01
1.880781133589999808e+04	7.264818533815393664e-01
1.880800733589999800e+04	7.649614671899165330e-01
1.880820233590000134e+04	7.208123603049880757e-01
1.880839733590000105e+04	7.543417431337466894e-01
1.880859233590000076e+04	7.695923435571927484e-01
1.880878833590000067e+04	7.638829833803875147e-01
1.880898333590000038e+04	7.215297674478104994e-01
