# time(sec)	crack length FEA(mm)
1.146308633589999954e+04	4.441849241900008849e-01
1.146328133589999925e+04	4.423268240778099880e-01
1.146347633589999896e+04	3.823752105844651084e-01
1.146367233589999887e+04	3.973338811819644434e-01
1.146386733590000040e+04	4.096769863670779444e-01
1.146406233590000011e+04	4.129065238674165528e-01
1.146425733589999982e+04	4.068966306468162486e-01
1.146445333589999973e+04	3.736591137243294725e-01
1.146464833589999944e+04	4.299752316144278552e-01
1.146484333589999915e+04	3.979216823236733092e-01
1.146503933589999906e+04	3.839648212433406371e-01
1.146523433590000059e+04	4.265809592112130844e-01
1.146542933590000030e+04	4.408023155307549956e-01
1.146562533590000021e+04	4.169428294327097717e-01
1.146582033589999992e+04	4.036145687281589289e-01
1.146601533589999963e+04	3.968582176742678769e-01
1.146621133589999954e+04	4.272520965767867551e-01
1.146640633589999925e+04	4.185959714074822813e-01
1.146660133589999896e+04	4.071737125096426269e-01
1.146679733589999887e+04	4.512501512842277407e-01
1.146699233590000040e+04	4.071305931857658322e-01
1.146718733590000011e+04	4.458599426201708127e-01
1.146738233589999982e+04	3.917927297069301318e-01
1.146757833589999973e+04	3.963599382770137680e-01
1.146777333589999944e+04	4.195992147654674653e-01
1.146796833589999915e+04	4.295734396122377063e-01
1.146816433589999906e+04	4.751517756470864384e-01
1.146835933590000059e+04	4.425981082017944601e-01
1.146855433590000030e+04	4.150729393040926141e-01
1.146875033590000021e+04	4.395889023867294298e-01
1.146894533589999992e+04	4.120668413638473027e-01
1.146914033589999963e+04	4.010600017092862402e-01
1.146933633589999954e+04	4.080124869448660263e-01
1.146953133589999925e+04	4.693441402033204923e-01
1.146972633589999896e+04	4.309112312768181852e-01
1.146992233589999887e+04	4.091358215053713110e-01
1.147011733590000040e+04	4.182952922320453126e-01
1.147031233590000011e+04	4.226065532839555772e-01
1.147050733589999982e+04	4.295077551351980105e-01
1.147070333589999973e+04	3.993765611895199186e-01
1.147089833589999944e+04	4.327282261834781707e-01
1.147109333589999915e+04	4.258010041179698391e-01
1.147128933589999906e+04	4.360484109353386373e-01
1.147148433590000059e+04	4.342316788173850028e-01
1.147167933590000030e+04	4.367763539465396860e-01
1.147187533590000021e+04	4.343501453107307952e-01
1.147207033589999992e+04	3.902294960363441589e-01
1.147226533589999963e+04	4.134583925506323254e-01
1.147246133589999954e+04	4.402295265527769175e-01
1.147265633589999925e+04	3.804822265322300723e-01
1.147285133589999896e+04	4.440676052988994371e-01
1.147304733589999887e+04	4.543569318105866728e-01
1.147324233590000040e+04	4.344567609684979459e-01
1.147343733590000011e+04	3.914086838115196088e-01
1.147363233589999982e+04	4.144273573069732208e-01
1.147382833589999973e+04	4.781158011840602740e-01
1.147402333589999944e+04	4.351072313950972159e-01
1.147421833589999915e+04	4.268524441382215429e-01
1.147441433589999906e+04	4.429716865755413124e-01
1.147460933590000059e+04	4.423321970767872813e-01
1.147480433590000030e+04	4.183836579649717891e-01
1.147500033590000021e+04	4.482828660263642462e-01
1.147519533589999992e+04	4.662736624208836389e-01
1.147539033589999963e+04	4.229104007914852303e-01
1.147558633589999954e+04	4.259162629022217317e-01
1.147578133589999925e+04	4.256243068694569587e-01
1.147597633589999896e+04	4.308552281034838671e-01
1.147617233589999887e+04	4.023702150982515491e-01
1.147636733590000040e+04	4.692398276158513681e-01
1.147656233590000011e+04	4.356973540981172732e-01
1.147675733589999982e+04	4.171227917902307070e-01
1.147695333589999973e+04	3.729271314070832233e-01
1.147714833589999944e+04	4.126100809050985418e-01
1.147734333589999915e+04	4.434561269181571674e-01
1.147753933589999906e+04	4.751313281400761923e-01
1.147773433590000059e+04	4.242550037899839310e-01
1.147792933590000030e+04	4.003773608669085604e-01
1.147812533590000021e+04	3.916923981411564171e-01
1.147832033589999992e+04	3.772700590021003109e-01
1.147851533589999963e+04	4.115796276279830579e-01
1.147871133589999954e+04	4.364619191649588004e-01
1.147890633589999925e+04	4.022785593862039377e-01
1.147910133589999896e+04	4.035056710649733702e-01
1.147929733589999887e+04	4.291307437694307225e-01
1.147949233590000040e+04	3.522859989783029278e-01
1.147968733590000011e+04	4.087283102508472155e-01
1.147988233589999982e+04	3.747278872166752706e-01
1.148007833589999973e+04	4.340205820696922956e-01
1.148027333589999944e+04	4.137795734347058385e-01
1.148046833589999915e+04	3.952769953567489836e-01
1.148066433589999906e+04	4.013500896477673052e-01
1.148085933590000059e+04	4.106547293795141940e-01
1.148105433590000030e+04	4.010891255210395911e-01
1.148125033590000021e+04	3.836076476870626806e-01
1.148144533589999992e+04	4.550886607217918822e-01
1.148164033589999963e+04	3.971138435910042119e-01
1.148183633589999954e+04	3.864877394006569489e-01
1.148203133589999925e+04	3.964623818790293797e-01
1.148222633589999896e+04	4.107894855943641232e-01
1.148242233589999887e+04	4.373686196890567146e-01
1.148261733590000040e+04	4.337901210855950040e-01
1.148281233590000011e+04	4.321681651753337405e-01
1.148300733589999982e+04	4.409875051776630528e-01
1.148320333589999973e+04	4.423935472094076005e-01
1.148339833589999944e+04	4.103550647787930217e-01
1.148359333589999915e+04	4.054572905008484440e-01
1.148378933589999906e+04	4.248432480634001251e-01
1.148398433590000059e+04	4.343393680841316495e-01
1.148417933590000030e+04	4.091315154746393290e-01
1.148437533590000021e+04	4.285749038237245401e-01
1.148457033589999992e+04	3.928930883307018007e-01
1.148476533589999963e+04	4.478189813692718957e-01
1.148496133589999954e+04	4.008378481468035659e-01
1.148515633589999925e+04	4.416808442089568132e-01
1.148535133589999896e+04	4.368506677507895120e-01
1.148554733589999887e+04	4.451010409888347397e-01
1.148574233590000040e+04	4.127275770729426085e-01
1.148593733590000011e+04	3.667250341604848529e-01
1.148613233589999982e+04	4.101448566260916806e-01
1.148632833589999973e+04	3.937495818912104539e-01
1.148652333589999944e+04	4.144047300145885515e-01
1.148671833589999915e+04	4.460752100059650616e-01
1.148691433589999906e+04	4.352698278234274909e-01
1.148710933590000059e+04	4.196821886526223011e-01
1.148730433590000030e+04	4.085903201545111330e-01
1.148750033590000021e+04	4.066702230378744787e-01
1.148769533589999992e+04	4.439556400011959170e-01
1.148789033589999963e+04	4.365814479586749286e-01
1.148808633589999954e+04	4.318450490568892519e-01
1.148828133589999925e+04	3.884946412008432048e-01
1.148847633589999896e+04	3.978914708378962217e-01
1.148867233589999887e+04	3.763136491370779879e-01
1.148886733590000040e+04	3.982527833378153304e-01
1.148906233590000011e+04	4.098246841651231875e-01
1.148925733589999982e+04	4.011850837918018442e-01
1.148945333589999973e+04	4.151958026722226691e-01
1.148964833589999944e+04	4.149619442104306444e-01
1.148984333589999915e+04	4.045548273600747535e-01
1.149003933589999906e+04	3.775809357184165549e-01
1.149023433590000059e+04	3.879281832959691201e-01
1.149042933590000030e+04	4.026473384083839591e-01
1.149062533590000021e+04	3.802339755069876759e-01
1.149082033589999992e+04	4.486821994453666917e-01
1.149101533589999963e+04	4.155256263686251117e-01
1.149121133589999954e+04	4.109813542871076919e-01
1.149140633589999925e+04	4.021383565202363286e-01
1.149160133589999896e+04	3.844741862618441530e-01
1.149179733589999887e+04	4.165106737332902043e-01
1.149199233590000040e+04	4.572804362137716794e-01
1.149218733590000011e+04	4.005822607010678382e-01
1.149238233589999982e+04	4.265874183255196073e-01
1.149257833589999973e+04	3.956933449954433968e-01
1.149277333589999944e+04	3.783203278152136306e-01
1.149296833589999915e+04	4.254594907100912593e-01
1.149316433589999906e+04	4.632156826968980567e-01
1.149335933590000059e+04	4.046033231223162829e-01
1.149355433590000030e+04	4.068319601693062282e-01
1.149375033590000021e+04	4.169837746871163375e-01
1.149394533589999992e+04	4.250888770618708179e-01
1.149414033589999963e+04	3.893232521890848119e-01
1.149433633589999954e+04	3.713519203405102331e-01
1.149453133589999925e+04	4.114039212900681974e-01
1.149472633589999896e+04	4.268211945594924117e-01
1.149492233589999887e+04	3.921605901021401053e-01
1.149511733590000040e+04	4.021146434833706707e-01
1.149531233590000011e+04	4.241461970080209198e-01
1.149550733589999982e+04	4.084760640313191971e-01
1.149570333589999973e+04	4.093945523846347356e-01
1.149589833589999944e+04	4.165580721824078125e-01
1.149609333589999915e+04	3.974180045102571057e-01
1.149628933589999906e+04	4.253743799922418134e-01
1.149648433590000059e+04	3.684603661094385529e-01
1.149667933590000030e+04	4.037709259277733054e-01
1.149687533590000021e+04	4.154005797673967493e-01
1.149707033589999992e+04	4.000570804719636442e-01
1.149726533589999963e+04	4.207942191963702783e-01
1.149746133589999954e+04	4.218760360168332113e-01
1.149765633589999925e+04	4.288194501430098171e-01
1.149785133589999896e+04	4.409239689341948321e-01
1.149804733589999887e+04	4.098699656330992980e-01
1.149824233590000040e+04	4.194623590785422351e-01
1.149843733590000011e+04	4.196175330985205676e-01
1.149863233589999982e+04	4.364188601673788526e-01
1.149882833589999973e+04	4.117563975366760332e-01
1.149902333589999944e+04	4.187134113567374527e-01
1.149921833589999915e+04	4.425529051772496558e-01
1.149941433589999906e+04	4.035185920937127690e-01
1.149960933590000059e+04	4.071241104630463070e-01
1.149980433590000030e+04	4.001767854537305880e-01
1.150000033590000021e+04	4.503934666950719645e-01
1.150019533589999992e+04	4.105146017677050452e-01
1.150039033589999963e+04	4.223824367442201577e-01
1.150058633589999954e+04	4.108897397415987029e-01
1.150078133589999925e+04	4.425852075925522655e-01
1.150097633589999896e+04	4.612094449010619712e-01
1.150117233589999887e+04	4.320195184083353013e-01
1.150136733590000040e+04	4.462194725929169437e-01
1.150156233590000011e+04	4.055144256019982407e-01
1.150175733589999982e+04	4.355422903033492332e-01
1.150195333589999973e+04	3.841234809957008167e-01
1.150214833589999944e+04	4.059607954036454913e-01
1.150234333589999915e+04	3.943461131831931255e-01
1.150253933589999906e+04	3.799695530262390264e-01
1.150273433590000059e+04	4.223134845194636000e-01
1.150292933590000030e+04	3.776457104820085675e-01
1.150312533590000021e+04	3.696276055788505488e-01
1.150332033589999992e+04	4.242151533732663182e-01
1.150351533589999963e+04	3.861553779741733194e-01
1.150371133589999954e+04	3.711889032312818415e-01
1.150390633589999925e+04	3.939383489672891869e-01
1.150410133589999896e+04	4.064524541368648158e-01
1.150429733589999887e+04	4.094128782809018929e-01
1.150449233590000040e+04	4.172208725748944858e-01
1.150468733590000011e+04	3.968334248494649330e-01
1.150488233589999982e+04	3.714696125177692210e-01
1.150507833589999973e+04	4.058809984555402650e-01
1.150527333589999944e+04	3.871006100325473653e-01
1.150546833589999915e+04	4.526470117870431409e-01
1.150566433589999906e+04	3.959457493840687903e-01
1.150585933590000059e+04	4.139865102252482387e-01
1.150605433590000030e+04	3.951108741951259162e-01
1.150625033590000021e+04	3.546640804502949607e-01
1.150644533589999992e+04	3.932749521663687631e-01
1.150664033589999963e+04	4.023270596112542563e-01
1.150683633589999954e+04	4.128698772396806049e-01
1.150703133589999925e+04	3.756443924828367642e-01
1.150722633589999896e+04	4.075219612694152005e-01
1.150742233589999887e+04	4.120668413638473027e-01
1.150761733590000040e+04	3.640932209365654870e-01
1.150781233590000011e+04	4.002188330575151554e-01
1.150800733589999982e+04	4.109059070390035373e-01
1.150820333589999973e+04	4.130638870915639416e-01
1.150839833589999944e+04	4.236311976519466782e-01
1.150859333589999915e+04	4.273964414272768408e-01
1.150878933589999906e+04	4.133398258460552199e-01
1.150898433590000059e+04	3.864650587345668242e-01
1.150917933590000030e+04	3.888603911950276881e-01
1.150937533590000021e+04	4.047133273856360347e-01
1.150957033589999992e+04	3.849651689979776137e-01
1.150976533589999963e+04	4.072686006882904053e-01
1.150996133589999954e+04	3.983369128065028519e-01
1.151015633589999925e+04	3.830076223371001731e-01
1.151035133589999896e+04	4.066163227739849617e-01
1.151054733589999887e+04	4.210668321317925233e-01
1.151074233590000040e+04	3.750430985268309314e-01
1.151093733590000011e+04	4.181810809518289318e-01
1.151113233589999982e+04	3.949296767924330709e-01
1.151132833589999973e+04	4.510348920648681315e-01
1.151152333589999944e+04	4.038669015831697351e-01
1.151171833589999915e+04	4.155288481132259903e-01
1.151191433589999906e+04	4.122931903084925409e-01
1.151210933590000059e+04	4.151462444901365956e-01
1.151230433590000030e+04	4.483097800001480948e-01
1.151250033590000021e+04	4.492816774535679514e-01
1.151269533589999992e+04	4.164600165403147258e-01
1.151289033589999963e+04	4.210355844906192857e-01
1.151308633589999954e+04	3.850202194873411088e-01
1.151328133589999925e+04	3.796371319234026487e-01
1.151347633589999896e+04	3.893793495046597997e-01
1.151367233589999887e+04	4.273210442735830839e-01
1.151386733590000040e+04	4.102170837599512510e-01
1.151406233590000011e+04	3.999665000443268781e-01
1.151425733589999982e+04	3.992827451451947951e-01
1.151445333589999973e+04	4.012228222741640593e-01
1.151464833589999944e+04	4.325235926486961091e-01
1.151484333589999915e+04	4.081925143170828107e-01
1.151503933589999906e+04	3.883025887793571940e-01
1.151523433590000059e+04	4.159631780277308621e-01
1.151542933590000030e+04	4.198308819007259274e-01
1.151562533590000021e+04	4.181670660120690997e-01
1.151582033589999992e+04	4.086280751214914631e-01
1.151601533589999963e+04	4.010125457555524520e-01
1.151621133589999954e+04	4.283605479019527706e-01
1.151640633589999925e+04	3.694418994196944084e-01
1.151660133589999896e+04	4.284294925049998426e-01
1.151679733589999887e+04	4.309629320946317677e-01
1.151699233590000040e+04	4.291005796506794923e-01
1.151718733590000011e+04	3.515814814722499904e-01
1.151738233589999982e+04	4.044804071122136691e-01
1.151757833589999973e+04	3.981406287967423907e-01
1.151777333589999944e+04	3.973532907197672159e-01
1.151796833589999915e+04	4.097373619999054029e-01
1.151816433589999906e+04	4.389837874153883490e-01
1.151835933590000059e+04	3.872970001478854840e-01
1.151855433590000030e+04	4.118102865980013405e-01
1.151875033590000021e+04	3.863507004049324678e-01
1.151894533589999992e+04	4.074119787582866081e-01
1.151914033589999963e+04	4.538899261244146999e-01
1.151933633589999954e+04	4.140253401919462561e-01
1.151953133589999925e+04	4.174105436933075453e-01
1.151972633589999896e+04	4.097589193987332123e-01
1.151992233589999887e+04	3.765047189420087648e-01
1.152011733590000040e+04	3.783116772082593116e-01
1.152031233590000011e+04	4.351621426144820504e-01
1.152050733589999982e+04	4.282280434406224856e-01
1.152070333589999973e+04	4.197414476103418224e-01
1.152089833589999944e+04	4.056513585176109160e-01
1.152109333589999915e+04	4.021588645736322576e-01
1.152128933589999906e+04	3.910278661618544760e-01
1.152148433590000059e+04	3.882896412673595421e-01
1.152167933590000030e+04	4.249628330989896341e-01
1.152187533590000021e+04	4.382537266352048988e-01
1.152207033589999992e+04	4.361108774571675895e-01
1.152226533589999963e+04	4.128364619120183931e-01
1.152246133589999954e+04	4.203147026563733846e-01
1.152265633589999925e+04	4.089213061807761562e-01
1.152285133589999896e+04	3.759542139659206583e-01
1.152304733589999887e+04	4.466521813237847027e-01
1.152324233590000040e+04	4.404922325917208781e-01
1.152343733590000011e+04	4.338849071216372977e-01
1.152363233589999982e+04	4.138604188851608967e-01
1.152382833589999973e+04	4.346710547354284415e-01
1.152402333589999944e+04	4.113413922736093298e-01
1.152421833589999915e+04	3.941314325127081020e-01
1.152441433589999906e+04	4.113176880590003748e-01
1.152460933590000059e+04	4.416463950503413116e-01
1.152480433590000030e+04	4.092802721965504986e-01
1.152500033590000021e+04	4.207026317562601037e-01
1.152519533589999992e+04	3.840716821651781743e-01
1.152539033589999963e+04	3.967428326199851085e-01
1.152558633589999954e+04	3.882788346773580201e-01
1.152578133589999925e+04	4.338655262469224283e-01
1.152597633589999896e+04	3.996300118801698886e-01
1.152617233589999887e+04	4.232109960547685290e-01
1.152636733590000040e+04	4.227617075618184117e-01
1.152656233590000011e+04	4.306484232810436907e-01
1.152675733589999982e+04	4.354119704700902815e-01
1.152695333589999973e+04	3.853676863793857876e-01
1.152714833589999944e+04	4.641568716412578510e-01
1.152734333589999915e+04	4.408389114975168610e-01
1.152753933589999906e+04	4.211023929360298013e-01
1.152773433590000059e+04	3.843047575101365965e-01
1.152792933590000030e+04	3.927981450027111521e-01
1.152812533590000021e+04	4.252968019236504915e-01
1.152832033589999992e+04	4.377185705641668534e-01
1.152851533589999963e+04	4.690505543839247338e-01
1.152871133589999954e+04	3.683383557845623102e-01
1.152890633589999925e+04	4.017264504278088566e-01
1.152910133589999896e+04	3.752654836653430692e-01
1.152929733589999887e+04	4.169223614087513852e-01
1.152949233590000040e+04	4.558612487583335593e-01
1.152968733590000011e+04	3.924281442463684044e-01
1.152988233589999982e+04	4.192360665145145049e-01
1.153007833589999973e+04	3.722879889526424790e-01
1.153027333589999944e+04	3.702031263017691032e-01
1.153046833589999915e+04	3.938326425471814218e-01
1.153066433589999906e+04	3.836756325864136841e-01
1.153085933590000059e+04	4.048642594408242701e-01
1.153105433590000030e+04	4.107657808506459673e-01
1.153125033590000021e+04	4.303252872793486006e-01
1.153144533589999992e+04	4.019075980645965274e-01
1.153164033589999963e+04	4.033676518272564238e-01
1.153183633589999954e+04	4.021523805477489333e-01
1.153203133589999925e+04	3.731085176964832328e-01
1.153222633589999896e+04	4.141772893942423650e-01
1.153242233589999887e+04	3.966985925837551719e-01
1.153261733590000040e+04	4.014298734240142608e-01
1.153281233590000011e+04	3.839238305765277914e-01
1.153300733589999982e+04	3.805469937094230204e-01
1.153320333589999973e+04	3.719759700107321265e-01
1.153339833589999944e+04	3.427680504695889141e-01
1.153359333589999915e+04	3.989969407621423159e-01
1.153378933589999906e+04	4.067597046255233550e-01
1.153398433590000059e+04	3.923288901786925464e-01
1.153417933590000030e+04	4.105835869134004668e-01
1.153437533590000021e+04	3.874857978981811613e-01
1.153457033589999992e+04	4.125012228460782637e-01
1.153476533589999963e+04	4.005865960108412338e-01
1.153496133589999954e+04	3.813564208038311421e-01
1.153515633589999925e+04	4.055004034804632340e-01
1.153535133589999896e+04	3.820741186989451421e-01
1.153554733589999887e+04	3.713843158868197492e-01
1.153574233590000040e+04	3.984857529872005699e-01
1.153593733590000011e+04	3.831802951931990719e-01
1.153613233589999982e+04	3.986119319984737785e-01
1.153632833589999973e+04	3.885043355360551232e-01
1.153652333589999944e+04	3.735651723653283796e-01
1.153671833589999915e+04	4.117693420332599885e-01
1.153691433589999906e+04	4.195205355656224100e-01
1.153710933590000059e+04	3.964796611460652542e-01
1.153730433590000030e+04	3.960212422749602723e-01
1.153750033590000021e+04	4.435476485103411193e-01
1.153769533589999992e+04	3.982646509742835406e-01
1.153789033589999963e+04	4.000193402113652041e-01
1.153808633589999954e+04	3.863258692470274980e-01
1.153828133589999925e+04	4.098850316573319219e-01
1.153847633589999896e+04	3.979421660791579995e-01
1.153867233589999887e+04	4.047025279654281604e-01
1.153886733590000040e+04	4.182069354400645977e-01
1.153906233590000011e+04	4.146579897101165813e-01
1.153925733589999982e+04	4.044955134681309517e-01
1.153945333589999973e+04	4.096177032786485483e-01
1.153964833589999944e+04	4.253991442152642577e-01
1.153984333589999915e+04	3.723581657783974208e-01
1.154003933589999906e+04	4.152227619852979501e-01
1.154023433590000059e+04	4.124537888408852382e-01
1.154042933590000030e+04	4.190550180122531998e-01
1.154062533590000021e+04	3.943558052270201841e-01
1.154082033589999992e+04	3.838299559466822330e-01
1.154101533589999963e+04	4.011117649998752199e-01
1.154121133589999954e+04	3.811880739394126749e-01
1.154140633589999925e+04	3.656915838141099329e-01
1.154160133589999896e+04	3.879184887351456723e-01
1.154179733589999887e+04	3.792949806076233443e-01
1.154199233590000040e+04	3.878710075760256615e-01
1.154218733590000011e+04	4.571459427070188042e-01
1.154238233589999982e+04	4.265938959456221369e-01
1.154257833589999973e+04	3.833432334133224373e-01
1.154277333589999944e+04	3.901334952756627672e-01
1.154296833589999915e+04	3.969984597286639882e-01
1.154316433589999906e+04	4.424517066984012814e-01
1.154335933590000059e+04	4.243605894997326544e-01
1.154355433590000030e+04	4.559171952193512567e-01
1.154375033590000021e+04	4.301400176474921011e-01
1.154394533589999992e+04	3.770153129865327912e-01
1.154414033589999963e+04	3.899371183925666173e-01
1.154433633589999954e+04	3.873282719022252962e-01
1.154453133589999925e+04	4.097147304149331148e-01
1.154472633589999896e+04	3.886856077838789503e-01
1.154492233589999887e+04	4.107226492703830445e-01
1.154511733590000040e+04	4.157390104940379416e-01
1.154531233590000011e+04	4.181659922118647899e-01
1.154550733589999982e+04	3.973036689785196529e-01
1.154570333589999973e+04	3.914119179656232461e-01
1.154589833589999944e+04	4.184170657949017880e-01
1.154609333589999915e+04	4.234760580886529624e-01
1.154628933589999906e+04	3.825576030541704142e-01
1.154648433590000059e+04	3.771523943739580886e-01
1.154667933590000030e+04	4.460687652341306375e-01
1.154687533590000021e+04	3.943461131831931255e-01
1.154707033589999992e+04	4.055392375135564720e-01
1.154726533589999963e+04	4.002134508941068702e-01
1.154746133589999954e+04	3.874135136473206842e-01
1.154765633589999925e+04	4.031325792381927897e-01
1.154785133589999896e+04	3.858586421306462455e-01
1.154804733589999887e+04	3.657056006674768156e-01
1.154824233590000040e+04	3.877782044932249761e-01
1.154843733590000011e+04	3.898508103060009944e-01
1.154863233589999982e+04	3.765155213983728544e-01
1.154882833589999973e+04	3.479019496059940764e-01
1.154902333589999944e+04	3.876584302609575872e-01
1.154921833589999915e+04	4.248023158291847068e-01
1.154941433589999906e+04	4.069160326832044206e-01
1.154960933590000059e+04	3.812895327516852007e-01
1.154980433590000030e+04	4.072545795612558805e-01
1.155000033590000021e+04	3.981913235275307272e-01
1.155019533589999992e+04	4.224298516993414410e-01
1.155039033589999963e+04	3.513956215479048240e-01
1.155058633589999954e+04	4.255973866634157332e-01
1.155078133589999925e+04	4.243541298032162956e-01
1.155097633589999896e+04	4.106924534155531603e-01
1.155117233589999887e+04	3.806160717130566695e-01
1.155136733590000040e+04	3.974039777989535338e-01
1.155156233590000011e+04	4.501341017602040750e-01
1.155175733589999982e+04	4.445595604461143324e-01
1.155195333589999973e+04	4.286039952377347362e-01
1.155214833589999944e+04	3.891290560726545777e-01
1.155234333589999915e+04	3.843306752343131905e-01
1.155253933589999906e+04	4.783254219597594670e-01
1.155273433590000059e+04	3.996515688259449917e-01
1.155292933590000030e+04	4.077343402260691363e-01
1.155312533590000021e+04	4.057289982641325565e-01
1.155332033589999992e+04	4.262103623863247037e-01
1.155351533589999963e+04	3.927247920903944589e-01
1.155371133589999954e+04	4.600669725664943144e-01
1.155390633589999925e+04	4.235212867906827938e-01
1.155410133589999896e+04	4.262114358370148182e-01
1.155429733589999887e+04	4.220872180619927860e-01
1.155449233590000040e+04	4.252741845809246968e-01
1.155468733590000011e+04	4.468502254678785590e-01
1.155488233589999982e+04	4.077407950064220188e-01
1.155507833589999973e+04	4.520895749617377390e-01
1.155527333589999944e+04	4.247581352226355023e-01
1.155546833589999915e+04	4.406278989810825664e-01
1.155566433589999906e+04	3.955380207891483479e-01
1.155585933590000059e+04	4.257772860051716179e-01
1.155605433590000030e+04	4.238746915959907824e-01
1.155625033590000021e+04	4.347356801531212511e-01
1.155644533589999992e+04	4.025761729050554294e-01
1.155664033589999963e+04	4.667608696143865643e-01
1.155683633589999954e+04	3.888409749960040074e-01
1.155703133589999925e+04	4.054572905008484440e-01
1.155722633589999896e+04	4.203578175033939601e-01
1.155742233589999887e+04	3.997162858696157173e-01
1.155761733590000040e+04	4.441515789388326141e-01
1.155781233590000011e+04	4.274502963961683832e-01
1.155800733589999982e+04	4.279436746231226607e-01
1.155820333589999973e+04	4.831152414826931363e-01
1.155839833589999944e+04	4.489383345187860641e-01
1.155859333589999915e+04	4.075769430806950311e-01
1.155878933589999906e+04	4.000074641527984198e-01
1.155898433590000059e+04	4.478889441624147594e-01
1.155917933590000030e+04	4.360796395909147805e-01
1.155937533590000021e+04	4.079100633796741704e-01
1.155957033589999992e+04	4.427617557750362920e-01
1.155976533589999963e+04	4.123815774995591710e-01
1.155996133589999954e+04	4.079316223715032663e-01
1.156015633589999925e+04	4.295820723104917249e-01
1.156035133589999896e+04	4.327562117853318568e-01
1.156054733589999887e+04	4.609136182966810935e-01
1.156074233590000040e+04	4.354647349147455770e-01
1.156093733590000011e+04	4.051046966741527200e-01
1.156113233589999982e+04	4.184558795455899372e-01
1.156132833589999973e+04	4.205237413932554347e-01
1.156152333589999944e+04	4.213911721685157374e-01
1.156171833589999915e+04	4.396739641306517399e-01
1.156191433589999906e+04	4.362756225534081267e-01
1.156210933590000059e+04	4.171896108134891534e-01
1.156230433590000030e+04	4.250888770618708179e-01
1.156250033590000021e+04	4.128213699093770117e-01
1.156269533589999992e+04	4.222779254580260044e-01
1.156289033589999963e+04	4.209375188435693360e-01
