# time(sec)	crack length FEA(mm)
4.379179633589999867e+04	2.474793087369679512e+00
4.379199133589999838e+04	2.507146799851531327e+00
4.379218633589999808e+04	2.498518790816444124e+00
4.379238233590000164e+04	2.436820672561662349e+00
4.379257733590000134e+04	2.464160659551279053e+00
4.379277233590000105e+04	2.471314549141734318e+00
4.379296733590000076e+04	2.462658469307834608e+00
4.379316333589999704e+04	2.471674639840955479e+00
4.379335833589999675e+04	2.498724640138620501e+00
4.379355333589999645e+04	2.477826028739752218e+00
4.379374933590000001e+04	2.452476396579260864e+00
4.379394433589999971e+04	2.457906548673388869e+00
4.379413933589999942e+04	2.452555279844668590e+00
4.379433533590000297e+04	2.505470463352557076e+00
4.379453033590000268e+04	2.457094999286235648e+00
4.379472533590000239e+04	2.480765028278286266e+00
4.379492133589999867e+04	2.451208372694377857e+00
4.379511633589999838e+04	2.463727282446191325e+00
4.379531133589999808e+04	2.446908301226113025e+00
4.379550733590000164e+04	2.462094920009977983e+00
4.379570233590000134e+04	2.475400709150219924e+00
4.379589733590000105e+04	2.459624186542173518e+00
4.379609233590000076e+04	2.439965731670367788e+00
4.379628833589999704e+04	2.454561618302317783e+00
4.379648333589999675e+04	2.443352350612704171e+00
4.379667833589999645e+04	2.466872547303037067e+00
4.379687433590000001e+04	2.441158368035967641e+00
4.379706933589999971e+04	2.438986572217647364e+00
4.379726433589999942e+04	2.413662017198582532e+00
4.379746033590000297e+04	2.430452105172427935e+00
4.379765533590000268e+04	2.418905134402073998e+00
4.379785033590000239e+04	2.476265721254694796e+00
4.379804633589999867e+04	2.476490589987205837e+00
4.379824133589999838e+04	2.475495269883118965e+00
4.379843633589999808e+04	2.461377299891601922e+00
4.379863233590000164e+04	2.451224150284074810e+00
4.379882733590000134e+04	2.451945072212025067e+00
4.379902233590000105e+04	2.437663529876154200e+00
4.379921733590000076e+04	2.459065646801628091e+00
4.379941333589999704e+04	2.463051173279012573e+00
4.379960833589999675e+04	2.437207049848765905e+00
4.379980333589999645e+04	2.453294987473261912e+00
4.379999933590000001e+04	2.448161812437323448e+00
4.380019433589999971e+04	2.442218302736979041e+00
4.380038933589999942e+04	2.413345412162833270e+00
4.380058533590000297e+04	2.469515023743710458e+00
4.380078033590000268e+04	2.500055927134805955e+00
4.380097533590000239e+04	2.478133823854889783e+00
4.380117133589999867e+04	2.499635195390151665e+00
4.380136633589999838e+04	2.458345892163652735e+00
4.380156133589999808e+04	2.472357346711664405e+00
4.380175733590000164e+04	2.462769023988492734e+00
4.380195233590000134e+04	2.471957860695827236e+00
4.380214733590000105e+04	2.465115890032560486e+00
4.380234233590000076e+04	2.481384427995955377e+00
4.380253833589999704e+04	2.481716653487392676e+00
4.380273333589999675e+04	2.443693215394386442e+00
4.380292833589999645e+04	2.460431572211616569e+00
4.380312433590000001e+04	2.453651303715700394e+00
4.380331933589999971e+04	2.461205691593168154e+00
4.380351433589999942e+04	2.463307885276964981e+00
4.380371033590000297e+04	2.427973977890518498e+00
4.380390533590000268e+04	2.448293055789459771e+00
4.380410033590000239e+04	2.462040488874217559e+00
4.380429633589999867e+04	2.446391859187809104e+00
4.380449133589999838e+04	2.412711423613455253e+00
4.380468633589999808e+04	2.515071524442728190e+00
4.380488233590000164e+04	2.435078579812966382e+00
4.380507733590000134e+04	2.400038433790017578e+00
4.380527233590000105e+04	2.444345061028377231e+00
4.380546733590000076e+04	2.436352376193983815e+00
4.380566333589999704e+04	2.459579924462584444e+00
4.380585833589999675e+04	2.436672553803024499e+00
4.380605333589999645e+04	2.455984391393275956e+00
4.380624933590000001e+04	2.449089152451509932e+00
4.380644433589999971e+04	2.459968698480237137e+00
4.380663933589999942e+04	2.433600115805091946e+00
4.380683533590000297e+04	2.474183330280260051e+00
4.380703033590000268e+04	2.441802396923868912e+00
4.380722533590000239e+04	2.405863843115669809e+00
4.380742133589999867e+04	2.472790552825983923e+00
4.380761633589999838e+04	2.467365874497122746e+00
4.380781133589999808e+04	2.468924952608775314e+00
4.380800733590000164e+04	2.426382428378575540e+00
4.380820233590000134e+04	2.462941637388041727e+00
4.380839733590000105e+04	2.459512598445714460e+00
4.380859233590000076e+04	2.434565509093523872e+00
4.380878833589999704e+04	2.487082471179572707e+00
4.380898333589999675e+04	2.481710808666461432e+00
4.380917833589999645e+04	2.466374207727731971e+00
4.380937433590000001e+04	2.459658782128240517e+00
4.380956933589999971e+04	2.462315017115638938e+00
4.380976433589999942e+04	2.509200500307217752e+00
4.380996033590000297e+04	2.447522806415971530e+00
4.381015533590000268e+04	2.525850463833416271e+00
4.381035033590000239e+04	2.510089807501877601e+00
4.381054633589999867e+04	2.476947352773247957e+00
4.381074133589999838e+04	2.467572187071651157e+00
4.381093633589999808e+04	2.455596309861945770e+00
4.381113233590000164e+04	2.495382141694141964e+00
4.381132733590000134e+04	2.446470764378190665e+00
4.381152233590000105e+04	2.486260316881608645e+00
4.381171733590000076e+04	2.536767713803493862e+00
4.381191333589999704e+04	2.450782882438860000e+00
4.381210833589999675e+04	2.478822259335057510e+00
4.381230333589999645e+04	2.449488038252642497e+00
4.381249933590000001e+04	2.439702889748687653e+00
4.381269433589999971e+04	2.440736501453869778e+00
4.381288933589999942e+04	2.474121302897289709e+00
4.381308533590000297e+04	2.435588412841337203e+00
4.381328033590000268e+04	2.444848993477499732e+00
4.381347533590000239e+04	2.471206071609614696e+00
4.381367133589999867e+04	2.449847640043945063e+00
4.381386633589999838e+04	2.462067195756816318e+00
4.381406133589999808e+04	2.464996446117543982e+00
4.381425733590000164e+04	2.454940812994028221e+00
4.381445233590000134e+04	2.495025319834663691e+00
4.381464733590000105e+04	2.485091988152920095e+00
4.381484233590000076e+04	2.480310378389571468e+00
4.381503833589999704e+04	2.484005331301059272e+00
4.381523333589999675e+04	2.503071653270009023e+00
4.381542833589999645e+04	2.507076997373726357e+00
4.381562433590000001e+04	2.483425561242942337e+00
4.381581933589999971e+04	2.458033917642005406e+00
4.381601433589999942e+04	2.432165020670646882e+00
4.381621033590000297e+04	2.439574395649998451e+00
4.381640533590000268e+04	2.471717013032886712e+00
4.381660033590000239e+04	2.437072684354873786e+00
4.381679633589999867e+04	2.468086095264732549e+00
4.381699133589999838e+04	2.472096927402722244e+00
4.381718633589999808e+04	2.440114846592676301e+00
4.381738233590000164e+04	2.411212585196210512e+00
4.381757733590000134e+04	2.441893199315718022e+00
4.381777233590000105e+04	2.430953300695088970e+00
4.381796733590000076e+04	2.474173416079226584e+00
4.381816333589999704e+04	2.441559350164986597e+00
4.381835833589999675e+04	2.452652144712910598e+00
4.381855333589999645e+04	2.462934770181560040e+00
4.381874933590000001e+04	2.401101632714686573e+00
4.381894433589999971e+04	2.423590356439788707e+00
4.381913933589999942e+04	2.470035920766104454e+00
4.381933533590000297e+04	2.501238181390174731e+00
4.381953033590000268e+04	2.453711523217020130e+00
4.381972533590000239e+04	2.445211471477183096e+00
4.381992133589999867e+04	2.460672544181853993e+00
4.382011633589999838e+04	2.444740384669055189e+00
4.382031133589999808e+04	2.435746470555679721e+00
4.382050733590000164e+04	2.475415452517214732e+00
4.382070233590000134e+04	2.468099063598291565e+00
4.382089733590000105e+04	2.462492721021330766e+00
4.382109233590000076e+04	2.437963063201792124e+00
4.382128833589999704e+04	2.473187142446386488e+00
4.382148333589999675e+04	2.466117531714766997e+00
4.382167833589999645e+04	2.446918227789655731e+00
4.382187433590000001e+04	2.452336017592081419e+00
4.382206933589999971e+04	2.468535151121958648e+00
4.382226433589999942e+04	2.483446397657658622e+00
4.382246033590000297e+04	2.476124732293687458e+00
4.382265533590000268e+04	2.464620477514131380e+00
4.382285033590000239e+04	2.422905108158433407e+00
4.382304633589999867e+04	2.429765203315659150e+00
4.382324133589999838e+04	2.452625426337595727e+00
4.382343633589999808e+04	2.471455569128881535e+00
4.382363233590000164e+04	2.443988593306043455e+00
4.382382733590000134e+04	2.439485620555085887e+00
4.382402233590000105e+04	2.465274751972021505e+00
4.382421733590000076e+04	2.455008916377172667e+00
4.382441333589999704e+04	2.468360547637420410e+00
4.382460833589999675e+04	2.449755852651051669e+00
4.382480333589999645e+04	2.466357423853276387e+00
4.382499933590000001e+04	2.446853068726282388e+00
4.382519433589999971e+04	2.454616068044677135e+00
4.382538933589999942e+04	2.453778697451177493e+00
4.382558533590000297e+04	2.453831028750839138e+00
4.382578033590000268e+04	2.450492431390829395e+00
4.382597533590000239e+04	2.431109354152701130e+00
4.382617133589999867e+04	2.442302314582818212e+00
4.382636633589999838e+04	2.431482077991550028e+00
4.382656133589999808e+04	2.419808059072732220e+00
4.382675733590000164e+04	2.411497438656544645e+00
4.382695233590000134e+04	2.439229647521743871e+00
4.382714733590000105e+04	2.437021246683027442e+00
4.382734233590000076e+04	2.424145045335297510e+00
4.382753833589999704e+04	2.418829018252017349e+00
4.382773333589999675e+04	2.436021328677940190e+00
4.382792833589999645e+04	2.421082742963506007e+00
4.382812433590000001e+04	2.408746136721171993e+00
4.382831933589999971e+04	2.474245526960231700e+00
4.382851433589999942e+04	2.447133641594398057e+00
4.382871033590000297e+04	2.415410910046659865e+00
4.382890533590000268e+04	2.453238583632483483e+00
4.382910033590000239e+04	2.412963712632798519e+00
4.382929633589999867e+04	2.420883891716716363e+00
4.382949133589999838e+04	2.452140673008040395e+00
4.382968633589999808e+04	2.465827453678063108e+00
4.382988233590000164e+04	2.447183019332230813e+00
4.383007733590000134e+04	2.439994502357622608e+00
4.383027233590000105e+04	2.460589705067100397e+00
4.383046733590000076e+04	2.462976227728649548e+00
4.383066333589999704e+04	2.465991227022630738e+00
4.383085833589999675e+04	2.444250365574733408e+00
4.383105333589999645e+04	2.425452088626716574e+00
4.383124933590000001e+04	2.436017254215816052e+00
4.383144433589999971e+04	2.426016581545047401e+00
4.383163933589999942e+04	2.449352730080958551e+00
4.383183533590000297e+04	2.452755879556212548e+00
4.383203033590000268e+04	2.435511335948421063e+00
4.383222533590000239e+04	2.448586335602033870e+00
4.383242133589999867e+04	2.428792465917332777e+00
4.383261633589999838e+04	2.451454281254211054e+00
4.383281133589999808e+04	2.441982219239157814e+00
4.383300733590000164e+04	2.452085284061487513e+00
4.383320233590000134e+04	2.485242828452079777e+00
4.383339733590000105e+04	2.439038005275794063e+00
4.383359233590000076e+04	2.397445985185871820e+00
4.383378833589999704e+04	2.415090421822934985e+00
4.383398333589999675e+04	2.443623040280492376e+00
4.383417833589999645e+04	2.439833419970280914e+00
4.383437433590000001e+04	2.432562346997881875e+00
4.383456933589999971e+04	2.440245374359765407e+00
4.383476433589999942e+04	2.421493011304242771e+00
4.383496033590000297e+04	2.400854138544827876e+00
4.383515533590000268e+04	2.426022441256916906e+00
4.383535033590000239e+04	2.481966285177135134e+00
4.383554633589999867e+04	2.433485338818508481e+00
4.383574133589999838e+04	2.421989400254183522e+00
4.383593633589999808e+04	2.407793290340370262e+00
4.383613233590000164e+04	2.472321754278414829e+00
4.383632733590000134e+04	2.462024719080613266e+00
4.383652233590000105e+04	2.479925862743909803e+00
4.383671733590000076e+04	2.431073779495982023e+00
4.383691333589999704e+04	2.490800071815694849e+00
4.383710833589999675e+04	2.451786961704925716e+00
4.383730333589999645e+04	2.474047157912124817e+00
4.383749933590000001e+04	2.409922540246727252e+00
4.383769433589999971e+04	2.433979588693343743e+00
4.383788933589999942e+04	2.452421941514069559e+00
4.383808533590000297e+04	2.465325021278179207e+00
4.383828033590000268e+04	2.442102807138091691e+00
4.383847533590000239e+04	2.464825798711327565e+00
4.383867133589999867e+04	2.401169818526316391e+00
4.383886633589999838e+04	2.480937753788836631e+00
4.383906133589999808e+04	2.447035734204206392e+00
4.383925733590000164e+04	2.448882665539102277e+00
4.383945233590000134e+04	2.439768070086593355e+00
4.383964733590000105e+04	2.439098264975797292e+00
4.383984233590000076e+04	2.449468441948525310e+00
4.384003833589999704e+04	2.460383326624949518e+00
4.384023333589999675e+04	2.461663536825117404e+00
4.384042833589999645e+04	2.452505914221536187e+00
4.384062433590000001e+04	2.469928453929080447e+00
4.384081933589999971e+04	2.445811939737346563e+00
4.384101433589999942e+04	2.469460611070806166e+00
4.384121033590000297e+04	2.443062055561767920e+00
4.384140533590000268e+04	2.449881233115585033e+00
4.384160033590000239e+04	2.469316527015070761e+00
4.384179633589999867e+04	2.430129798897457505e+00
4.384199133589999838e+04	2.438795946331918429e+00
4.384218633589999808e+04	2.441720419861754365e+00
4.384238233590000164e+04	2.460514666294258745e+00
4.384257733590000134e+04	2.434241480579384387e+00
4.384277233590000105e+04	2.483320193052801272e+00
4.384296733590000076e+04	2.455976504315275477e+00
4.384316333589999704e+04	2.477991830280377172e+00
4.384335833589999675e+04	2.447693503954953442e+00
4.384355333589999645e+04	2.457108906969114770e+00
4.384374933590000001e+04	2.463505164874220554e+00
4.384394433589999971e+04	2.455098731100164855e+00
4.384413933589999942e+04	2.459918332072243530e+00
4.384433533590000297e+04	2.464766627069359117e+00
4.384453033590000268e+04	2.477425625964519540e+00
4.384472533590000239e+04	2.426435674379606056e+00
4.384492133589999867e+04	2.450325572985899925e+00
4.384511633589999838e+04	2.449604512893085229e+00
4.384531133589999808e+04	2.454546860872175884e+00
4.384550733590000164e+04	2.478718648046987383e+00
4.384570233590000134e+04	2.444531820306362846e+00
4.384589733590000105e+04	2.437578566575005823e+00
4.384609233590000076e+04	2.450872629676153380e+00
4.384628833589999704e+04	2.484734151160278515e+00
4.384648333589999675e+04	2.474614466570759674e+00
4.384667833589999645e+04	2.419081151987514389e+00
4.384687433590000001e+04	2.441205722498192898e+00
4.384706933589999971e+04	2.464582074945793622e+00
4.384726433589999942e+04	2.397848022254303046e+00
4.384746033590000297e+04	2.421267661962689388e+00
4.384765533590000268e+04	2.429622725797715432e+00
4.384785033590000239e+04	2.429433037367116910e+00
4.384804633589999867e+04	2.432414199455168458e+00
4.384824133589999838e+04	2.417492780010693565e+00
4.384843633589999808e+04	2.440917181175786155e+00
4.384863233590000164e+04	2.423745528058736554e+00
4.384882733590000134e+04	2.441318422311979930e+00
4.384902233590000105e+04	2.442434611371675501e+00
4.384921733590000076e+04	2.456101849154002537e+00
4.384941333589999704e+04	2.437707072379328821e+00
4.384960833589999675e+04	2.442088889919741490e+00
4.384980333589999645e+04	2.454601310651248980e+00
4.384999933590000001e+04	2.430152723894424938e+00
4.385019433589999971e+04	2.430407529376207520e+00
4.385038933589999942e+04	2.455494623899856066e+00
4.385058533590000297e+04	2.485128491431458642e+00
4.385078033590000268e+04	2.497422982926828183e+00
4.385097533590000239e+04	2.477262870221604629e+00
4.385117133589999867e+04	2.475578306748504431e+00
4.385136633589999838e+04	2.412721195724449430e+00
4.385156133589999808e+04	2.465998093269607949e+00
4.385175733590000164e+04	2.483788501641397417e+00
4.385195233590000134e+04	2.464788244235052161e+00
4.385214733590000105e+04	2.485755474417912225e+00
4.385234233590000076e+04	2.499134555518816470e+00
4.385253833589999704e+04	2.463708546661758092e+00
4.385273333589999675e+04	2.448448222254304696e+00
4.385292833589999645e+04	2.471705318040118726e+00
4.385312433590000001e+04	2.499216486887210209e+00
4.385331933589999971e+04	2.482395235040286252e+00
4.385351433589999942e+04	2.455350617450493544e+00
4.385371033590000297e+04	2.456076152672492796e+00
4.385390533590000268e+04	2.488256705885461884e+00
4.385410033590000239e+04	2.455612338715283727e+00
4.385429633589999867e+04	2.499504175278822515e+00
4.385449133589999838e+04	2.461074271284530823e+00
4.385468633589999808e+04	2.465056634403232749e+00
4.385488233590000164e+04	2.430017296250007064e+00
4.385507733590000134e+04	2.451540208637148055e+00
4.385527233590000105e+04	2.442762591946792128e+00
4.385546733590000076e+04	2.454136193221758688e+00
4.385566333589999704e+04	2.439873902852397691e+00
4.385585833589999675e+04	2.475459936753910739e+00
4.385605333589999645e+04	2.471044201791421813e+00
4.385624933590000001e+04	2.455002046680636596e+00
4.385644433589999971e+04	2.429392535193237279e+00
4.385663933589999942e+04	2.464931340855853747e+00
4.385683533590000297e+04	2.484970620665318819e+00
4.385703033590000268e+04	2.476577435807573835e+00
4.385722533590000239e+04	2.491868610362267589e+00
4.385742133589999867e+04	2.478371550888736508e+00
4.385761633589999838e+04	2.452750790368497746e+00
4.385781133589999808e+04	2.415634280433208048e+00
4.385800733590000164e+04	2.470464087809363107e+00
4.385820233590000134e+04	2.466656310518239081e+00
4.385839733590000105e+04	2.445974929623112359e+00
4.385859233590000076e+04	2.473078589464119403e+00
4.385878833589999704e+04	2.470503497062406240e+00
4.385898333589999675e+04	2.455846239906202655e+00
4.385917833589999645e+04	2.470893263462393463e+00
4.385937433590000001e+04	2.489647735797166916e+00
4.385956933589999971e+04	2.441740277687568295e+00
4.385976433589999942e+04	2.468687122825921065e+00
4.385996033590000297e+04	2.455995246721787595e+00
4.386015533590000268e+04	2.475717265695141833e+00
4.386035033590000239e+04	2.450456803368441072e+00
4.386054633589999867e+04	2.467562269872459524e+00
4.386074133589999838e+04	2.473582708003608133e+00
4.386093633589999808e+04	2.479665533593520266e+00
4.386113233590000164e+04	2.481479979343216513e+00
4.386132733590000134e+04	2.470354589038816329e+00
4.386152233590000105e+04	2.471315566116052409e+00
4.386171733590000076e+04	2.450364000580783852e+00
4.386191333589999704e+04	2.499129646398133175e+00
4.386210833589999675e+04	2.442977028337796952e+00
4.386230333589999645e+04	2.467931322271928352e+00
4.386249933590000001e+04	2.507522206437702295e+00
4.386269433589999971e+04	2.525604377059369909e+00
4.386288933589999942e+04	2.516521907583568307e+00
4.386308533590000297e+04	2.494320717098721829e+00
4.386328033590000268e+04	2.478199906468772085e+00
4.386347533590000239e+04	2.489654594615998917e+00
4.386367133589999867e+04	2.492627393387071066e+00
4.386386633589999838e+04	2.516135999558875014e+00
4.386406133589999808e+04	2.489227650206659703e+00
4.386425733590000164e+04	2.484119843596683808e+00
4.386445233590000134e+04	2.463663190737079844e+00
4.386464733590000105e+04	2.453782768610256682e+00
4.386484233590000076e+04	2.439174395655587801e+00
4.386503833589999704e+04	2.495591068132689827e+00
4.386523333589999675e+04	2.437449041467953492e+00
4.386542833589999645e+04	2.463479731420541441e+00
4.386562433590000001e+04	2.474247560636154475e+00
4.386581933589999971e+04	2.413890503609575688e+00
4.386601433589999942e+04	2.455078122088663051e+00
4.386621033590000297e+04	2.488778257219772527e+00
4.386640533590000268e+04	2.479308370168567421e+00
4.386660033590000239e+04	2.490835464817173772e+00
4.386679633589999867e+04	2.470148472218436808e+00
4.386699133589999838e+04	2.463127220707360010e+00
4.386718633589999808e+04	2.462718664026867899e+00
4.386738233590000164e+04	2.448609241294155581e+00
4.386757733590000134e+04	2.480715726288163836e+00
4.386777233590000105e+04	2.457326086162961332e+00
4.386796733590000076e+04	2.439077471154382337e+00
4.386816333589999704e+04	2.470468155864578463e+00
4.386835833589999675e+04	2.455246894903782007e+00
4.386855333589999645e+04	2.447851559187498083e+00
4.386874933590000001e+04	2.444244341029332190e+00
4.386894433589999971e+04	2.462737485440234408e+00
4.386913933589999942e+04	2.453147743457071428e+00
4.386933533590000297e+04	2.483942315403053769e+00
4.386953033590000268e+04	2.459008155489206260e+00
4.386972533590000239e+04	2.427089222416661585e+00
4.386992133589999867e+04	2.429789911777891831e+00
4.387011633589999838e+04	2.439657568930687859e+00
4.387031133589999808e+04	2.406830542871468026e+00
4.387050733590000164e+04	2.461916195461494539e+00
4.387070233590000134e+04	2.455762364821014287e+00
4.387089733590000105e+04	2.424191417404891524e+00
4.387109233590000076e+04	2.462239984260206072e+00
4.387128833589999704e+04	2.426009702750853592e+00
4.387148333589999675e+04	2.468568630757040694e+00
4.387167833589999645e+04	2.465106988982608271e+00
4.387187433590000001e+04	2.426049192095561580e+00
4.387206933589999971e+04	2.456999341325524000e+00
4.387226433589999942e+04	2.516847763237262114e+00
4.387246033590000297e+04	2.462480766748535999e+00
4.387265533590000268e+04	2.446401785985459654e+00
4.387285033590000239e+04	2.452350946155547717e+00
4.387304633589999867e+04	2.483429626886398012e+00
4.387324133589999838e+04	2.468880455073474423e+00
4.387343633589999808e+04	2.454252643133713718e+00
4.387363233590000164e+04	2.458105064166604237e+00
4.387382733590000134e+04	2.475038730951721888e+00
4.387402233590000105e+04	2.422567996876452412e+00
4.387421733590000076e+04	2.433122836548413659e+00
4.387441333589999704e+04	2.468022016327200419e+00
4.387460833589999675e+04	2.424945841531261692e+00
4.387480333589999645e+04	2.472596153491334547e+00
4.387499933590000001e+04	2.475143122283220976e+00
4.387519433589999971e+04	2.446631797959783583e+00
4.387538933589999942e+04	2.470093128843267039e+00
4.387558533590000297e+04	2.393581105073481652e+00
4.387578033590000268e+04	2.476999628669593889e+00
4.387597533590000239e+04	2.421304101949065313e+00
4.387617133589999867e+04	2.464303760277779531e+00
4.387636633589999838e+04	2.441094040484234284e+00
4.387656133589999808e+04	2.470047870910146770e+00
4.387675733590000164e+04	2.460760300732015793e+00
4.387695233590000134e+04	2.411789426612163112e+00
4.387714733590000105e+04	2.470483919571385911e+00
4.387734233590000076e+04	2.452588783941278550e+00
4.387753833589999704e+04	2.448892591207627589e+00
4.387773333589999675e+04	2.460763353127426001e+00
4.387792833589999645e+04	2.468020999199694643e+00
4.387812433590000001e+04	2.408425551154472544e+00
4.387831933589999971e+04	2.475548566029914355e+00
4.387851433589999942e+04	2.454086831163875715e+00
4.387871033590000297e+04	2.476952182156272997e+00
4.387890533590000268e+04	2.462874491276599187e+00
4.387910033590000239e+04	2.474233663846918674e+00
4.387929633589999867e+04	2.453558429652959560e+00
4.387949133589999838e+04	2.426184644253719824e+00
4.387968633589999808e+04	2.448471891618382301e+00
4.387988233590000164e+04	2.453203977895825005e+00
4.388007733590000134e+04	2.459597476677274130e+00
4.388027233590000105e+04	2.443476919188825036e+00
4.388046733590000076e+04	2.456507646024910230e+00
4.388066333589999704e+04	2.444365934702329213e+00
4.388085833589999675e+04	2.422981295099894794e+00
4.388105333589999645e+04	2.408098076493242701e+00
4.388124933590000001e+04	2.423423123181112970e+00
4.388144433589999971e+04	2.443048054095491750e+00
4.388163933589999942e+04	2.404007418834863685e+00
4.388183533590000297e+04	2.482900155160624678e+00
4.388203033590000268e+04	2.430351321290624256e+00
4.388222533590000239e+04	2.421745199359854439e+00
4.388242133589999867e+04	2.440170350692705270e+00
4.388261633589999838e+04	2.456179871289210226e+00
4.388281133589999808e+04	2.424726387724691179e+00
4.388300733590000164e+04	2.449022048660285833e+00
4.388320233590000134e+04	2.439434188547762616e+00
4.388339733590000105e+04	2.451238061697820214e+00
4.388359233590000076e+04	2.441271831871912212e+00
4.388378833589999704e+04	2.431371280336975360e+00
4.388398333589999675e+04	2.445428768731304103e+00
4.388417833589999645e+04	2.487045124297422305e+00
4.388437433590000001e+04	2.447426936936288655e+00
4.388456933589999971e+04	2.441692669792963954e+00
4.388476433589999942e+04	2.462982247120573120e+00
4.388496033590000297e+04	2.449424922820814032e+00
4.388515533590000268e+04	2.427417432735188285e+00
4.388535033590000239e+04	2.436884842899253556e+00
4.388554633589999867e+04	2.459949026765661628e+00
4.388574133589999838e+04	2.455703083854086088e+00
4.388593633589999808e+04	2.436763462340326925e+00
4.388613233590000164e+04	2.459581705122687367e+00
4.388632733590000134e+04	2.440261159849757888e+00
4.388652233590000105e+04	2.417711371693327393e+00
4.388671733590000076e+04	2.452253146915435167e+00
4.388691333589999704e+04	2.425082319629188632e+00
4.388710833589999675e+04	2.430513407357464573e+00
4.388730333589999645e+04	2.468196622514684080e+00
4.388749933590000001e+04	2.459900525738646593e+00
4.388769433589999971e+04	2.436795038326655671e+00
4.388788933589999942e+04	2.444359995041033073e+00
4.388808533590000297e+04	2.467486322625276784e+00
4.388828033590000268e+04	2.472606068407692703e+00
4.388847533590000239e+04	2.425845460283184707e+00
4.388867133589999867e+04	2.464480430736431416e+00
4.388886633589999838e+04	2.470975131320978235e+00
4.388906133589999808e+04	2.479029480437509037e+00
4.388925733590000164e+04	2.436757350853849147e+00
4.388945233590000134e+04	2.456238133289208037e+00
4.388964733590000105e+04	2.452633314623223981e+00
4.388984233590000076e+04	2.439437243917907949e+00
4.389003833589999704e+04	2.489236541438717865e+00
4.389023333589999675e+04	2.416742177533009794e+00
4.389042833589999645e+04	2.437225808326587639e+00
4.389062433590000001e+04	2.468234255898682505e+00
4.389081933589999971e+04	2.448917278107270334e+00
4.389101433589999942e+04	2.432523888161826520e+00
4.389121033590000297e+04	2.438469773616436242e+00
4.389140533590000268e+04	2.467283993124830488e+00
4.389160033590000239e+04	2.437126074153880495e+00
