# time(sec)	crack length FEA(mm)
3.222597533589999875e+04	1.526573495748532849e+00
3.222617133589999867e+04	1.521044661885603944e+00
3.222636633589999838e+04	1.502550040011438881e+00
3.222656133589999808e+04	1.512499290791591733e+00
3.222675733589999800e+04	1.533508173594860580e+00
3.222695233590000134e+04	1.511944362323189850e+00
3.222714733590000105e+04	1.538625669356164849e+00
3.222734233590000076e+04	1.502219418948108398e+00
3.222753833590000067e+04	1.511064054931598122e+00
3.222773333590000038e+04	1.506590190394911488e+00
3.222792833590000009e+04	1.528901663796826682e+00
3.222812433590000001e+04	1.544031086304896050e+00
3.222831933589999971e+04	1.563238363230786021e+00
3.222851433589999942e+04	1.532173023302057402e+00
3.222871033589999934e+04	1.514103158396022053e+00
3.222890533589999905e+04	1.542153641873495573e+00
3.222910033589999875e+04	1.529987013545335728e+00
3.222929633589999867e+04	1.569866282309281047e+00
3.222949133589999838e+04	1.546532342631811829e+00
3.222968633589999808e+04	1.516318430300751530e+00
3.222988233589999800e+04	1.559083817487699974e+00
3.223007733590000134e+04	1.523338382012894954e+00
3.223027233590000105e+04	1.523442419663494363e+00
3.223046733590000076e+04	1.515744052096149375e+00
3.223066333590000067e+04	1.511931008502426010e+00
3.223085833590000038e+04	1.538286375527430749e+00
3.223105333590000009e+04	1.519744863011657898e+00
3.223124933590000001e+04	1.526153686533016085e+00
3.223144433589999971e+04	1.528693813784665068e+00
3.223163933589999942e+04	1.487377141916081058e+00
3.223183533589999934e+04	1.495966724178972029e+00
3.223203033589999905e+04	1.506725085841669198e+00
3.223222533589999875e+04	1.499070629969121882e+00
3.223242133589999867e+04	1.502840490754437042e+00
3.223261633589999838e+04	1.493854740793151947e+00
3.223281133589999808e+04	1.534173555281800105e+00
3.223300733589999800e+04	1.495301130302124193e+00
3.223320233590000134e+04	1.522282687241165888e+00
3.223339733590000105e+04	1.505734360026103502e+00
3.223359233590000076e+04	1.493114917068925962e+00
3.223378833590000067e+04	1.507193542888714433e+00
3.223398333590000038e+04	1.503198882320400998e+00
3.223417833590000009e+04	1.482054314011556073e+00
3.223437433590000001e+04	1.474788817283235076e+00
3.223456933589999971e+04	1.479267838503140808e+00
3.223476433589999942e+04	1.505409091978215486e+00
3.223496033589999934e+04	1.469901482852577601e+00
3.223515533589999905e+04	1.513312513370074441e+00
3.223535033589999875e+04	1.490312064431636330e+00
3.223554633589999867e+04	1.548822568966127022e+00
3.223574133589999838e+04	1.512996460048723790e+00
3.223593633589999808e+04	1.513045893406914644e+00
3.223613233589999800e+04	1.519602793927155915e+00
3.223632733590000134e+04	1.495263075561496180e+00
3.223652233590000105e+04	1.522879532393472957e+00
3.223671733590000076e+04	1.533596527063822990e+00
3.223691333590000067e+04	1.557007235617895446e+00
3.223710833590000038e+04	1.523036961884114859e+00
3.223730333590000009e+04	1.527136204929888663e+00
3.223749933590000001e+04	1.550598735664905803e+00
3.223769433589999971e+04	1.544797988002988731e+00
3.223788933589999942e+04	1.547080262179832744e+00
3.223808533589999934e+04	1.534686781132725386e+00
3.223828033589999905e+04	1.508946103997638843e+00
3.223847533589999875e+04	1.573814532808071931e+00
3.223867133589999867e+04	1.563270306164387335e+00
3.223886633589999838e+04	1.528280317506265362e+00
3.223906133589999808e+04	1.540588723557995365e+00
3.223925733589999800e+04	1.493919614748524083e+00
3.223945233590000134e+04	1.534240436967548860e+00
3.223964733590000105e+04	1.536153418800008552e+00
3.223984233590000076e+04	1.495767871046716380e+00
3.224003833590000067e+04	1.545892924870113205e+00
3.224023333590000038e+04	1.533694245608007378e+00
3.224042833590000009e+04	1.528262819531363448e+00
3.224062433590000001e+04	1.533464880272044084e+00
3.224081933589999971e+04	1.491672285943776544e+00
3.224101433589999942e+04	1.543117111889692694e+00
3.224121033589999934e+04	1.501142147292462425e+00
3.224140533589999905e+04	1.543927229400301471e+00
3.224160033589999875e+04	1.517800642310110248e+00
3.224179633589999867e+04	1.541163546120511540e+00
3.224199133589999838e+04	1.523509332332197985e+00
3.224218633589999808e+04	1.499829818467111053e+00
3.224238233589999800e+04	1.500146051198356645e+00
3.224257733590000134e+04	1.460245601989338837e+00
3.224277233590000105e+04	1.500544654028843183e+00
3.224296733590000076e+04	1.525820308407846326e+00
3.224316333590000067e+04	1.520620597583857148e+00
3.224335833590000038e+04	1.481277099297424016e+00
3.224355333590000009e+04	1.500901046057069976e+00
3.224374933590000001e+04	1.480734795770530354e+00
3.224394433589999971e+04	1.466041649589143958e+00
3.224413933589999942e+04	1.481724463613925735e+00
3.224433533589999934e+04	1.529867717696596685e+00
3.224453033589999905e+04	1.523676038616436301e+00
3.224472533589999875e+04	1.517120201699089677e+00
3.224492133589999867e+04	1.517382707725833058e+00
3.224511633589999838e+04	1.473913300775295809e+00
3.224531133589999808e+04	1.484448931770845803e+00
3.224550733589999800e+04	1.529039610840994712e+00
3.224570233590000134e+04	1.503595397963803038e+00
3.224589733590000105e+04	1.499053109941424822e+00
3.224609233590000076e+04	1.511996893172643297e+00
3.224628833590000067e+04	1.487560485843868463e+00
3.224648333590000038e+04	1.494996248128153127e+00
3.224667833590000009e+04	1.495450516680898900e+00
3.224687433590000001e+04	1.520357155774686220e+00
3.224706933589999971e+04	1.537031713694624102e+00
3.224726433589999942e+04	1.512021566712384413e+00
3.224746033589999934e+04	1.525855308033365887e+00
3.224765533589999905e+04	1.504818962538333693e+00
3.224785033589999875e+04	1.512973909912940229e+00
3.224804633589999867e+04	1.481023394209874056e+00
3.224824133589999838e+04	1.505653065556577630e+00
3.224843633589999808e+04	1.501747764852730427e+00
3.224863233589999800e+04	1.501959837857683056e+00
3.224882733590000134e+04	1.547406093762335288e+00
3.224902233590000105e+04	1.490514062407637397e+00
3.224921733590000076e+04	1.486336188407781478e+00
3.224941333590000067e+04	1.491075699605532989e+00
3.224960833590000038e+04	1.488224265516562284e+00
3.224980333590000009e+04	1.525755523607998043e+00
3.224999933590000001e+04	1.485969214172808250e+00
3.225019433589999971e+04	1.500015187644399006e+00
3.225038933589999942e+04	1.538888020197251905e+00
3.225058533589999934e+04	1.503897247811522675e+00
3.225078033589999905e+04	1.450595110965506862e+00
3.225097533589999875e+04	1.506353391704028155e+00
3.225117133589999867e+04	1.502445023876944674e+00
3.225136633589999838e+04	1.517689417806291630e+00
3.225156133589999808e+04	1.514624079785233945e+00
3.225175733589999800e+04	1.509082047107872526e+00
3.225195233590000134e+04	1.483651077934315055e+00
3.225214733590000105e+04	1.495139441473645192e+00
3.225234233590000076e+04	1.502178278989356741e+00
3.225253833590000067e+04	1.504900259930291639e+00
3.225273333590000038e+04	1.551090055614254837e+00
3.225292833590000009e+04	1.496156283523069064e+00
3.225312433590000001e+04	1.533477249801102005e+00
3.225331933589999971e+04	1.535029308222949140e+00
3.225351433589999942e+04	1.505911543829652643e+00
3.225371033589999934e+04	1.523233459967073600e+00
3.225390533589999905e+04	1.531055788578782995e+00
3.225410033589999875e+04	1.499706208698935228e+00
3.225429633589999867e+04	1.504493504729255804e+00
3.225449133589999838e+04	1.507200884568511867e+00
3.225468633589999808e+04	1.501246107602780100e+00
3.225488233589999800e+04	1.485147772907337682e+00
3.225507733590000134e+04	1.500504572855126284e+00
3.225527233590000105e+04	1.474293752358031284e+00
3.225546733590000076e+04	1.507307913612594419e+00
3.225566333590000067e+04	1.494258584855307603e+00
3.225585833590000038e+04	1.472381953406088684e+00
3.225605333590000009e+04	1.507154446193313291e+00
3.225624933590000001e+04	1.459377869598387889e+00
3.225644433589999971e+04	1.495498040463605349e+00
3.225663933589999942e+04	1.504148403001014600e+00
3.225683533589999934e+04	1.502048400103392467e+00
3.225703033589999905e+04	1.532063988372531327e+00
3.225722533589999875e+04	1.534822573365687504e+00
3.225742133589999867e+04	1.503092895956278596e+00
3.225761633589999838e+04	1.483861368337553444e+00
3.225781133589999808e+04	1.495636009330020499e+00
3.225800733589999800e+04	1.529283335898155016e+00
3.225820233590000134e+04	1.526905802492732889e+00
3.225839733590000105e+04	1.514918446925182849e+00
3.225859233590000076e+04	1.491407453069307110e+00
3.225878833590000067e+04	1.522992676661035105e+00
3.225898333590000038e+04	1.490421295807722757e+00
3.225917833590000009e+04	1.491241576929843049e+00
3.225937433590000001e+04	1.496958840459779339e+00
3.225956933589999971e+04	1.482177043729329569e+00
3.225976433589999942e+04	1.583123561909191679e+00
3.225996033589999934e+04	1.522194113828124529e+00
3.226015533589999905e+04	1.516856720111798396e+00
3.226035033589999875e+04	1.499762837450388631e+00
3.226054633589999867e+04	1.517197477274640605e+00
3.226074133589999838e+04	1.516727011801112468e+00
3.226093633589999808e+04	1.502112366430303325e+00
3.226113233589999800e+04	1.530536385092799989e+00
3.226132733590000134e+04	1.551553555437424237e+00
3.226152233590000105e+04	1.506831144071691497e+00
3.226171733590000076e+04	1.498695627700666222e+00
3.226191333590000067e+04	1.493916428583052181e+00
3.226210833590000038e+04	1.470455379221068171e+00
3.226230333590000009e+04	1.509137680070303134e+00
3.226249933590000001e+04	1.522774519875953914e+00
3.226269433589999971e+04	1.557354551799598141e+00
3.226288933589999942e+04	1.463636006976800630e+00
3.226308533589999934e+04	1.544278892649085577e+00
3.226328033589999905e+04	1.508989443136851349e+00
3.226347533589999875e+04	1.549570858824797170e+00
3.226367133589999867e+04	1.513280678311739180e+00
3.226386633589999838e+04	1.542088902740241352e+00
3.226406133589999808e+04	1.550908008001442795e+00
3.226425733589999800e+04	1.499058330557121010e+00
3.226445233590000134e+04	1.498481401175148164e+00
3.226464733590000105e+04	1.467016525510819847e+00
3.226484233590000076e+04	1.452046322282527058e+00
3.226503833590000067e+04	1.499401295890610442e+00
3.226523333590000038e+04	1.528727836979753008e+00
3.226542833590000009e+04	1.496987689161555224e+00
3.226562433590000001e+04	1.520460057562495138e+00
3.226581933589999971e+04	1.491236443070979689e+00
3.226601433589999942e+04	1.510841717641348225e+00
3.226621033589999934e+04	1.503009468953560912e+00
3.226640533589999905e+04	1.501899056180793224e+00
3.226660033589999875e+04	1.500686751407124930e+00
3.226679633589999867e+04	1.493992719425085269e+00
3.226699133589999838e+04	1.536134954991227985e+00
3.226718633589999808e+04	1.509173766244867210e+00
3.226738233589999800e+04	1.509751314291907676e+00
3.226757733590000134e+04	1.462831234875949349e+00
3.226777233590000105e+04	1.531211218559310083e+00
3.226796733590000076e+04	1.522526483370668871e+00
3.226816333590000067e+04	1.532472380745339535e+00
3.226835833590000038e+04	1.534671408376942381e+00
3.226855333590000009e+04	1.529508677669252137e+00
3.226874933590000001e+04	1.532399220546729168e+00
3.226894433589999971e+04	1.517854044028560168e+00
3.226913933589999942e+04	1.516656012329899994e+00
3.226933533589999934e+04	1.548816388300174651e+00
3.226953033589999905e+04	1.536945316820609975e+00
3.226972533589999875e+04	1.544199676155386669e+00
3.226992133589999867e+04	1.548759879277774587e+00
3.227011633589999838e+04	1.544188372107431206e+00
3.227031133589999808e+04	1.515068768144713474e+00
3.227050733589999800e+04	1.524729725410587378e+00
3.227070233590000134e+04	1.506051573806528765e+00
3.227089733590000105e+04	1.523816845270246745e+00
3.227109233590000076e+04	1.483764413630229484e+00
3.227128833590000067e+04	1.502057689829863207e+00
3.227148333590000038e+04	1.519997968377095887e+00
3.227167833590000009e+04	1.516640627608850878e+00
3.227187433590000001e+04	1.507606530880330808e+00
3.227206933589999971e+04	1.548049619736463711e+00
3.227226433589999942e+04	1.562800775893645522e+00
3.227246033589999934e+04	1.586118309339262566e+00
3.227265533589999905e+04	1.541380469918223639e+00
3.227285033589999875e+04	1.533524607365601256e+00
3.227304633589999867e+04	1.536036274959823089e+00
3.227324133589999838e+04	1.529999384931535644e+00
3.227343633589999808e+04	1.538025166243333075e+00
3.227363233589999800e+04	1.539629388172944147e+00
3.227382733590000134e+04	1.563986186908991272e+00
3.227402233590000105e+04	1.503458449551686726e+00
3.227421733590000076e+04	1.512876103972203623e+00
3.227441333590000067e+04	1.521223673568082191e+00
3.227460833590000038e+04	1.505921893515742127e+00
3.227480333590000009e+04	1.492120512242570030e+00
3.227499933590000001e+04	1.528291629321394396e+00
3.227519433589999971e+04	1.535013847346608173e+00
3.227538933589999942e+04	1.524102963876984518e+00
3.227558533589999934e+04	1.529865685243482432e+00
3.227578033589999905e+04	1.534338064444833449e+00
3.227597533589999875e+04	1.511507750305558062e+00
3.227617133589999867e+04	1.529207249416984382e+00
3.227636633589999838e+04	1.533673747719708658e+00
3.227656133589999808e+04	1.481673989448717421e+00
3.227675733589999800e+04	1.535056077601577584e+00
3.227695233590000134e+04	1.525740056541692979e+00
3.227714733590000105e+04	1.504837451306466178e+00
3.227734233590000076e+04	1.528963435188483544e+00
3.227753833590000067e+04	1.517890116642938381e+00
3.227773333590000038e+04	1.490038983743691148e+00
3.227792833590000009e+04	1.520106087640211712e+00
3.227812433590000001e+04	1.527217512492804019e+00
3.227831933589999971e+04	1.499073726942341978e+00
3.227851433589999942e+04	1.492398790567808220e+00
3.227871033589999934e+04	1.489652504906171515e+00
3.227890533589999905e+04	1.537572614405270599e+00
3.227910033589999875e+04	1.489349584564632067e+00
3.227929633589999867e+04	1.509720447233204865e+00
3.227949133589999838e+04	1.535865417044622205e+00
3.227968633589999808e+04	1.527039519260920741e+00
3.227988233589999800e+04	1.500056508400033906e+00
3.228007733590000134e+04	1.486952461890606259e+00
3.228027233590000105e+04	1.470147955962621822e+00
3.228046733590000076e+04	1.518409980441010276e+00
3.228066333590000067e+04	1.490496535921918664e+00
3.228085833590000038e+04	1.487477091537547480e+00
3.228105333590000009e+04	1.470803019530336542e+00
3.228124933590000001e+04	1.485789930321576691e+00
3.228144433589999971e+04	1.503665464280727448e+00
3.228163933589999942e+04	1.458885667474678627e+00
3.228183533589999934e+04	1.483031617752262221e+00
3.228203033589999905e+04	1.533469032900393714e+00
3.228222533589999875e+04	1.492936573453800264e+00
3.228242133589999867e+04	1.465564120922735469e+00
3.228261633589999838e+04	1.443874221077493303e+00
3.228281133589999808e+04	1.461850156896256081e+00
3.228300733589999800e+04	1.481138956556620201e+00
3.228320233590000134e+04	1.496510707556028663e+00
3.228339733590000105e+04	1.491193159284735614e+00
3.228359233590000076e+04	1.490740843317801989e+00
3.228378833590000067e+04	1.469861348773866538e+00
3.228398333590000038e+04	1.480795632867650369e+00
3.228417833590000009e+04	1.457264508919529078e+00
3.228437433590000001e+04	1.513087102530175088e+00
3.228456933589999971e+04	1.489020900017028026e+00
3.228476433589999942e+04	1.490790324104205311e+00
3.228496033589999934e+04	1.495924511173141624e+00
3.228515533589999905e+04	1.446776504309283951e+00
3.228535033589999875e+04	1.468463700505635572e+00
3.228554633589999867e+04	1.475509561235469391e+00
3.228574133589999838e+04	1.511914559414623938e+00
3.228593633589999808e+04	1.505560359437406959e+00
3.228613233589999800e+04	1.501680789370915647e+00
3.228632733590000134e+04	1.477565644646848142e+00
3.228652233590000105e+04	1.469613809459124454e+00
3.228671733590000076e+04	1.495575211091599854e+00
3.228691333590000067e+04	1.463022039545000652e+00
3.228710833590000038e+04	1.491114911908134388e+00
3.228730333590000009e+04	1.478384165703614528e+00
3.228749933590000001e+04	1.470923593866990231e+00
3.228769433589999971e+04	1.482617218359099098e+00
3.228788933589999942e+04	1.475243481149686176e+00
3.228808533589999934e+04	1.436493427702789205e+00
3.228828033589999905e+04	1.484320104713107824e+00
3.228847533589999875e+04	1.468653484362725692e+00
3.228867133589999867e+04	1.508036936328904787e+00
3.228886633589999838e+04	1.472638587579515601e+00
3.228906133589999808e+04	1.491855684479892474e+00
3.228925733589999800e+04	1.445060490132632935e+00
3.228945233590000134e+04	1.460394150275792668e+00
3.228964733590000105e+04	1.503702532107775269e+00
3.228984233590000076e+04	1.484793175413990696e+00
3.229003833590000067e+04	1.486265981240244116e+00
3.229023333590000038e+04	1.476829376182649867e+00
3.229042833590000009e+04	1.486815415272202401e+00
3.229062433590000001e+04	1.508064798305321474e+00
3.229081933589999971e+04	1.489224945240600562e+00
3.229101433589999942e+04	1.464685244058937741e+00
3.229121033589999934e+04	1.512345946148760945e+00
3.229140533589999905e+04	1.504703606446554431e+00
3.229160033589999875e+04	1.500045094322855377e+00
3.229179633589999867e+04	1.500471481502806625e+00
3.229199133589999838e+04	1.486048629836551171e+00
3.229218633589999808e+04	1.499936969995484759e+00
3.229238233589999800e+04	1.475662175036669410e+00
3.229257733590000134e+04	1.473686355562477956e+00
3.229277233590000105e+04	1.475696187494241585e+00
3.229296733590000076e+04	1.499031519586067063e+00
3.229316333590000067e+04	1.531402522362402152e+00
3.229335833590000038e+04	1.540510642686790277e+00
3.229355333590000009e+04	1.447255482847522146e+00
3.229374933590000001e+04	1.506696337697466248e+00
3.229394433589999971e+04	1.519084017779157136e+00
3.229413933589999942e+04	1.520812077234785065e+00
3.229433533589999934e+04	1.498157978201678731e+00
3.229453033589999905e+04	1.503989783643188360e+00
3.229472533589999875e+04	1.497018573161454924e+00
3.229492133589999867e+04	1.481757493139877369e+00
3.229511633589999838e+04	1.533254067139747434e+00
3.229531133589999808e+04	1.502617012984671874e+00
3.229550733589999800e+04	1.523637853613720949e+00
3.229570233590000134e+04	1.511314248164371321e+00
3.229589733590000105e+04	1.490641792911633345e+00
3.229609233590000076e+04	1.538082761509471652e+00
3.229628833590000067e+04	1.554751715995951855e+00
3.229648333590000038e+04	1.491171561618894970e+00
3.229667833590000009e+04	1.531408707678401981e+00
3.229687433590000001e+04	1.529428438576134752e+00
3.229706933589999971e+04	1.529195938048854231e+00
3.229726433589999942e+04	1.539290020719327856e+00
3.229746033589999934e+04	1.532509314187793237e+00
3.229765533589999905e+04	1.527497402758964284e+00
3.229785033589999875e+04	1.528028274693156163e+00
3.229804633589999867e+04	1.522640690102662120e+00
3.229824133589999838e+04	1.522113849405023700e+00
3.229843633589999808e+04	1.516788815647009514e+00
3.229863233589999800e+04	1.527490244256235030e+00
3.229882733590000134e+04	1.531285266130989697e+00
3.229902233590000105e+04	1.551212332183473208e+00
3.229921733590000076e+04	1.531013639393529857e+00
3.229941333590000067e+04	1.517905588948085693e+00
3.229960833590000038e+04	1.477489299836795666e+00
3.229980333590000009e+04	1.549957311262746273e+00
3.229999933590000001e+04	1.517068743449861756e+00
3.230019433589999971e+04	1.506826013659711805e+00
3.230038933589999942e+04	1.522595520169891969e+00
3.230058533589999934e+04	1.494027767106071991e+00
3.230078033589999905e+04	1.480367821605735656e+00
3.230097533589999875e+04	1.490986033301336278e+00
3.230117133589999867e+04	1.511327602340234222e+00
3.230136633589999838e+04	1.488812692370560242e+00
3.230156133589999808e+04	1.496445752345461955e+00
3.230175733589999800e+04	1.520150289973777546e+00
3.230195233590000134e+04	1.511648896187390179e+00
3.230214733590000105e+04	1.518559218098962660e+00
3.230234233590000076e+04	1.499825659809879141e+00
3.230253833590000067e+04	1.520383853705094879e+00
3.230273333590000038e+04	1.491005683794465853e+00
3.230292833590000009e+04	1.491467288568417260e+00
3.230312433590000001e+04	1.530662923387859919e+00
3.230331933589999971e+04	1.501017482782913248e+00
3.230351433589999942e+04	1.539751725298732055e+00
3.230371033589999934e+04	1.524131867228412318e+00
3.230390533589999905e+04	1.485397183182758596e+00
3.230410033589999875e+04	1.538412871490768552e+00
3.230429633589999867e+04	1.546815090164930240e+00
3.230449133589999838e+04	1.526923301492397300e+00
3.230468633589999808e+04	1.503769501754963045e+00
3.230488233589999800e+04	1.533713859949660474e+00
3.230507733590000134e+04	1.496973264815149918e+00
3.230527233590000105e+04	1.537689927149955338e+00
3.230546733590000076e+04	1.496686811367919034e+00
3.230566333590000067e+04	1.526540529952660208e+00
3.230585833590000038e+04	1.514819588086142588e+00
3.230605333590000009e+04	1.525543491325516143e+00
3.230624933590000001e+04	1.522684975998256363e+00
3.230644433589999971e+04	1.498461757008174189e+00
3.230663933589999942e+04	1.567488768105205210e+00
3.230683533589999934e+04	1.533272533245186864e+00
3.230703033589999905e+04	1.555390889016049272e+00
3.230722533589999875e+04	1.533839320661025241e+00
3.230742133589999867e+04	1.532756183580358922e+00
3.230761633589999838e+04	1.523681076910710530e+00
3.230781133589999808e+04	1.500018284491591913e+00
3.230800733589999800e+04	1.519561684788827804e+00
3.230820233590000134e+04	1.528137240242957162e+00
3.230839733590000105e+04	1.505086650155307737e+00
3.230859233590000076e+04	1.527400630220132172e+00
3.230878833590000067e+04	1.526949019695194920e+00
3.230898333590000038e+04	1.535785288312059294e+00
3.230917833590000009e+04	1.543680479069626799e+00
3.230937433590000001e+04	1.488305709568622959e+00
3.230956933589999971e+04	1.545156879379483428e+00
3.230976433589999942e+04	1.535092123448675849e+00
3.230996033589999934e+04	1.532179120053632104e+00
3.231015533589999905e+04	1.547654835273101881e+00
3.231035033589999875e+04	1.518001340183978698e+00
3.231054633589999867e+04	1.547485299283231086e+00
3.231074133589999838e+04	1.535097247608661064e+00
3.231093633589999808e+04	1.506475904589583692e+00
3.231113233589999800e+04	1.553279105722715769e+00
3.231132733590000134e+04	1.549874052806803348e+00
3.231152233590000105e+04	1.522849655143144076e+00
3.231171733590000076e+04	1.564523457922160077e+00
3.231191333590000067e+04	1.535395507105373980e+00
3.231210833590000038e+04	1.521607593714790596e+00
3.231230333590000009e+04	1.488994077453023479e+00
3.231249933590000001e+04	1.501335645811687769e+00
3.231269433589999971e+04	1.535654537414501419e+00
3.231288933589999942e+04	1.547183045320634776e+00
3.231308533589999934e+04	1.560540614438906459e+00
3.231328033589999905e+04	1.539066894066564828e+00
3.231347533589999875e+04	1.556150352960163019e+00
3.231367133589999867e+04	1.512769984944291934e+00
3.231386633589999838e+04	1.519124155271061483e+00
3.231406133589999808e+04	1.554415659791386517e+00
3.231425733589999800e+04	1.570782287825199575e+00
3.231445233590000134e+04	1.553915318052608185e+00
3.231464733590000105e+04	1.529547736686714288e+00
3.231484233590000076e+04	1.510512276011631627e+00
3.231503833590000067e+04	1.516630282704474197e+00
3.231523333590000038e+04	1.512931639403269912e+00
3.231542833590000009e+04	1.525575397933035759e+00
3.231562433590000001e+04	1.544081513256347904e+00
3.231581933589999971e+04	1.551270954078486142e+00
3.231601433589999942e+04	1.560265359478915315e+00
3.231621033589999934e+04	1.526677430497688448e+00
3.231640533589999905e+04	1.535067297760976501e+00
3.231660033589999875e+04	1.513191097760309134e+00
3.231679633589999867e+04	1.526859491945009140e+00
3.231699133589999838e+04	1.503593363206491063e+00
3.231718633589999808e+04	1.549925438230694397e+00
3.231738233589999800e+04	1.507357359095141902e+00
3.231757733590000134e+04	1.507150377302675537e+00
3.231777233590000105e+04	1.520053575158391013e+00
3.231796733590000076e+04	1.481925473675286042e+00
3.231816333590000067e+04	1.531793342727469920e+00
3.231835833590000038e+04	1.488664325578819003e+00
3.231855333590000009e+04	1.504911671619748148e+00
3.231874933590000001e+04	1.476571636853073244e+00
3.231894433589999971e+04	1.483614952065039461e+00
3.231913933589999942e+04	1.515025440363746867e+00
3.231933533589999934e+04	1.499748503310735614e+00
3.231953033589999905e+04	1.527370847174797319e+00
3.231972533589999875e+04	1.487324555317240282e+00
3.231992133589999867e+04	1.515809925934574309e+00
3.232011633589999838e+04	1.473036776866216258e+00
3.232031133589999808e+04	1.518109380346521320e+00
3.232050733589999800e+04	1.469043324962161279e+00
3.232070233590000134e+04	1.465807627209120056e+00
3.232089733590000105e+04	1.501773510990476623e+00
3.232109233590000076e+04	1.498903746744094434e+00
3.232128833590000067e+04	1.466583232677606929e+00
3.232148333590000038e+04	1.486194977054232425e+00
3.232167833590000009e+04	1.500911309500150281e+00
3.232187433590000001e+04	1.498064180272036694e+00
3.232206933589999971e+04	1.472239594187714218e+00
3.232226433589999942e+04	1.457833154954970567e+00
3.232246033589999934e+04	1.486402057234588625e+00
3.232265533589999905e+04	1.479225506577678928e+00
3.232285033589999875e+04	1.413066316473109651e+00
3.232304633589999867e+04	1.478767732357722409e+00
3.232324133589999838e+04	1.477568655921919216e+00
3.232343633589999808e+04	1.488635466534285356e+00
3.232363233589999800e+04	1.503120586931181890e+00
3.232382733590000134e+04	1.490016411290312703e+00
3.232402233590000105e+04	1.527123920392856604e+00
3.232421733590000076e+04	1.464433484645887518e+00
3.232441333590000067e+04	1.478510014523200411e+00
3.232460833590000038e+04	1.479415202596179313e+00
3.232480333590000009e+04	1.457019938096964395e+00
3.232499933590000001e+04	1.443093600901317330e+00
3.232519433589999971e+04	1.464385011119757607e+00
3.232538933589999942e+04	1.480404926641067931e+00
3.232558533589999934e+04	1.509226303369239020e+00
3.232578033589999905e+04	1.469899445141640726e+00
