# time(sec)	crack length FEA(mm)
2.121757733590000134e+04	9.129382615418535352e-01
2.121777233590000105e+04	8.830395114511908616e-01
2.121796733590000076e+04	8.840883300746362750e-01
2.121816333590000067e+04	8.964148977422325970e-01
2.121835833590000038e+04	8.366301373158879784e-01
2.121855333590000009e+04	8.871869386512809541e-01
2.121874933590000001e+04	9.527656053833446492e-01
2.121894433589999971e+04	8.602470775379806867e-01
2.121913933589999942e+04	8.938247017058120747e-01
2.121933533589999934e+04	8.961443717385080276e-01
2.121953033589999905e+04	8.470983699606726702e-01
2.121972533589999875e+04	8.572942438348505334e-01
2.121992133589999867e+04	8.850937395306743838e-01
2.122011633589999838e+04	9.240351730527063268e-01
2.122031133589999808e+04	8.992149712797630201e-01
2.122050733589999800e+04	9.232720381342609528e-01
2.122070233590000134e+04	8.548459571473685514e-01
2.122089733590000105e+04	8.941903725253741442e-01
2.122109233590000076e+04	8.955324977371006412e-01
2.122128833590000067e+04	8.813498840897473485e-01
2.122148333590000038e+04	9.162020860253150545e-01
2.122167833590000009e+04	8.747922270851518078e-01
2.122187433590000001e+04	9.102136949211718786e-01
2.122206933589999971e+04	9.017876527623620575e-01
2.122226433589999942e+04	8.603053218122056478e-01
2.122246033589999934e+04	8.848770118616595681e-01
2.122265533589999905e+04	8.402369206221909081e-01
2.122285033589999875e+04	9.184224711151305343e-01
2.122304633589999867e+04	8.690896953685509629e-01
2.122324133589999838e+04	8.660660094631911221e-01
2.122343633589999808e+04	8.952334583650394251e-01
2.122363233589999800e+04	8.767699499756886894e-01
2.122382733590000134e+04	8.822993785861754645e-01
2.122402233590000105e+04	8.281666502072084768e-01
2.122421733590000076e+04	8.878508191652318970e-01
2.122441333590000067e+04	8.830088683024079899e-01
2.122460833590000038e+04	8.744072547679682117e-01
2.122480333590000009e+04	8.586320905677915505e-01
2.122499933590000001e+04	8.762676171744399056e-01
2.122519433589999971e+04	8.429599284437561124e-01
2.122538933589999942e+04	8.558579069992369170e-01
2.122558533589999934e+04	8.469617522325929571e-01
2.122578033589999905e+04	8.430340527703439335e-01
2.122597533589999875e+04	8.307341773083294356e-01
2.122617133589999867e+04	8.938881209952072027e-01
2.122636633589999838e+04	8.667854566978547837e-01
2.122656133589999808e+04	8.306197574828448893e-01
2.122675733589999800e+04	8.498290613939936122e-01
2.122695233590000134e+04	8.848358183994875503e-01
2.122714733590000105e+04	8.809025896312654424e-01
2.122734233590000076e+04	9.002969007242498378e-01
2.122753833590000067e+04	9.101619488604839603e-01
2.122773333590000038e+04	8.444531512853394872e-01
2.122792833590000009e+04	8.568613588015630000e-01
2.122812433590000001e+04	8.255564627085227869e-01
2.122831933589999971e+04	8.665293933473137145e-01
2.122851433589999942e+04	8.403173947981201763e-01
2.122871033589999934e+04	8.449434671362450189e-01
2.122890533589999905e+04	8.473800165164639964e-01
2.122910033589999875e+04	8.525064822502486095e-01
2.122929633589999867e+04	8.527616124991155289e-01
2.122949133589999838e+04	8.499719472572326850e-01
2.122968633589999808e+04	8.897661458608929763e-01
2.122988233589999800e+04	8.689891612516085218e-01
2.123007733590000134e+04	8.950094056058528480e-01
2.123027233590000105e+04	8.278932450472140658e-01
2.123046733590000076e+04	9.245312684621573851e-01
2.123066333590000067e+04	8.443705167871478068e-01
2.123085833590000038e+04	8.958199598191267654e-01
2.123105333590000009e+04	8.975011647530841685e-01
2.123124933590000001e+04	9.096380862971447101e-01
2.123144433589999971e+04	8.493441016797120824e-01
2.123163933589999942e+04	8.640132932597293092e-01
2.123183533589999934e+04	8.511440141017967420e-01
2.123203033589999905e+04	8.539557582234245103e-01
2.123222533589999875e+04	8.692874999940336522e-01
2.123242133589999867e+04	9.192501282296703380e-01
2.123261633589999838e+04	8.849119209044751244e-01
2.123281133589999808e+04	8.804469031472255125e-01
2.123300733589999800e+04	8.700069055454378031e-01
2.123320233590000134e+04	8.583452751081281917e-01
2.123339733590000105e+04	8.854679886109479980e-01
2.123359233590000076e+04	8.961739179772685304e-01
2.123378833590000067e+04	8.780210623946693715e-01
2.123398333590000038e+04	8.560516014357606451e-01
2.123417833590000009e+04	8.671377699723077370e-01
2.123437433590000001e+04	8.140970452008566838e-01
2.123456933589999971e+04	8.643645654618570262e-01
2.123476433589999942e+04	8.190249285623671938e-01
2.123496033589999934e+04	8.201719465790979768e-01
2.123515533589999905e+04	8.877662176648577486e-01
2.123535033589999875e+04	9.080623201566417890e-01
2.123554633589999867e+04	8.285206204061612567e-01
2.123574133589999838e+04	8.697762840965861386e-01
2.123593633589999808e+04	8.125287551818196619e-01
2.123613233589999800e+04	8.701264454448534025e-01
2.123632733590000134e+04	8.575598880345403074e-01
2.123652233590000105e+04	8.717671398981856612e-01
2.123671733590000076e+04	8.181821367481880714e-01
2.123691333590000067e+04	8.074139360879826199e-01
2.123710833590000038e+04	8.590183969051032875e-01
2.123730333590000009e+04	8.312417466177457470e-01
2.123749933590000001e+04	8.591961928343785360e-01
2.123769433589999971e+04	8.515590047613752489e-01
2.123788933589999942e+04	8.645984471744299071e-01
2.123808533589999934e+04	8.512911209367413079e-01
2.123828033589999905e+04	8.447125966631041649e-01
2.123847533589999875e+04	7.992818269946848631e-01
2.123867133589999867e+04	8.120971797619684907e-01
2.123886633589999838e+04	8.331690129418767299e-01
2.123906133589999808e+04	7.981158349701757970e-01
2.123925733589999800e+04	8.848918418540367981e-01
2.123945233590000134e+04	8.732141222017020254e-01
2.123964733590000105e+04	8.311040014846895474e-01
2.123984233590000076e+04	8.658480198262008543e-01
2.124003833590000067e+04	8.656226572756953175e-01
2.124023333590000038e+04	8.399074695578416794e-01
2.124042833590000009e+04	8.532591796477007051e-01
2.124062433590000001e+04	8.461993710804289748e-01
2.124081933589999971e+04	8.599560449631589165e-01
2.124101433589999942e+04	8.189390561887943676e-01
2.124121033589999934e+04	8.534687718588962468e-01
2.124140533589999905e+04	8.614662052862431807e-01
2.124160033589999875e+04	8.505489934469938618e-01
2.124179633589999867e+04	8.776752308753383858e-01
2.124199133589999838e+04	8.484759282225127208e-01
2.124218633589999808e+04	8.151096120730016992e-01
2.124238233589999800e+04	8.432215004224126176e-01
2.124257733590000134e+04	8.317736608115886554e-01
2.124277233590000105e+04	8.517029716490220892e-01
2.124296733590000076e+04	8.557785121064949152e-01
2.124316333590000067e+04	8.643878610257065276e-01
2.124335833590000038e+04	8.229565910306053667e-01
2.124355333590000009e+04	8.265568878361051475e-01
2.124374933590000001e+04	8.614387344565717086e-01
2.124394433589999971e+04	8.343566938032349611e-01
2.124413933589999942e+04	8.526303375200470214e-01
2.124433533589999934e+04	8.509153128459736593e-01
2.124453033589999905e+04	8.560113860780411699e-01
2.124472533589999875e+04	8.649095194225786543e-01
2.124492133589999867e+04	8.464852486446581281e-01
2.124511633589999838e+04	8.247753334026501904e-01
2.124531133589999808e+04	8.463359385510678123e-01
2.124550733589999800e+04	8.676403023247569735e-01
2.124570233590000134e+04	8.463560497603950239e-01
2.124589733590000105e+04	8.234600355855228315e-01
2.124609233590000076e+04	8.454697671435233985e-01
2.124628833590000067e+04	8.379150636518950535e-01
2.124648333590000038e+04	8.267603670843097774e-01
2.124667833590000009e+04	8.242708328540828688e-01
2.124687433590000001e+04	8.464386774566570182e-01
2.124706933589999971e+04	8.402442993282992489e-01
2.124726433589999942e+04	8.441671950548084169e-01
2.124746033589999934e+04	8.410630487407608769e-01
2.124765533589999905e+04	8.517220507665186346e-01
2.124785033589999875e+04	8.525075643952284565e-01
2.124804633589999867e+04	8.187153768010819732e-01
2.124824133589999838e+04	8.417419752840231695e-01
2.124843633589999808e+04	8.906455615178927587e-01
2.124863233589999800e+04	8.596015084665982187e-01
2.124882733590000134e+04	8.443821787843432958e-01
2.124902233590000105e+04	8.795078905687461202e-01
2.124921733590000076e+04	8.655729329026957686e-01
2.124941333590000067e+04	8.437806416116160335e-01
2.124960833590000038e+04	8.164508285228837536e-01
2.124980333590000009e+04	8.572095985658449990e-01
2.124999933590000001e+04	8.124470952909739196e-01
2.125019433589999971e+04	8.642355259903595766e-01
2.125038933589999942e+04	8.473027038866263183e-01
2.125058533589999934e+04	8.484642682045411277e-01
2.125078033589999905e+04	8.355262617139995740e-01
2.125097533589999875e+04	8.520184390074891922e-01
2.125117133589999867e+04	8.089241806576819016e-01
2.125136633589999838e+04	8.540806335642834313e-01
2.125156133589999808e+04	8.543622440429032849e-01
2.125175733589999800e+04	8.731136598146793659e-01
2.125195233590000134e+04	8.867662230092179243e-01
2.125214733590000105e+04	8.959467332454202904e-01
2.125234233590000076e+04	8.585209486185014782e-01
2.125253833590000067e+04	8.629741621662372353e-01
2.125273333590000038e+04	8.546585998291682529e-01
2.125292833590000009e+04	8.396193940791203403e-01
2.125312433590000001e+04	8.653803420120951273e-01
2.125331933589999971e+04	8.785529719158660100e-01
2.125351433589999942e+04	8.672827344009128581e-01
2.125371033589999934e+04	8.590469614364355522e-01
2.125390533589999905e+04	8.272266732963355906e-01
2.125410033589999875e+04	8.489872990503304351e-01
2.125429633589999867e+04	8.266628607562402919e-01
2.125449133589999838e+04	8.786217364081156944e-01
2.125468633589999808e+04	9.068434365311528467e-01
2.125488233589999800e+04	8.047240655497507333e-01
2.125507733590000134e+04	8.447538587821750156e-01
2.125527233590000105e+04	8.296819969027229291e-01
2.125546733590000076e+04	9.116340916631813229e-01
2.125566333590000067e+04	8.535196124039838850e-01
2.125585833590000038e+04	8.855176809971805341e-01
2.125605333590000009e+04	8.241044511529249661e-01
2.125624933590000001e+04	8.299394894319700455e-01
2.125644433589999971e+04	8.365326708461751082e-01
2.125663933589999942e+04	8.390527227798276755e-01
2.125683533589999934e+04	8.617752090564838596e-01
2.125703033589999905e+04	8.482292021312343167e-01
2.125722533589999875e+04	8.263491828407900641e-01
2.125742133589999867e+04	8.559489580350980731e-01
2.125761633589999838e+04	8.320162593774877990e-01
2.125781133589999808e+04	8.554768600474549345e-01
2.125800733589999800e+04	8.618673194658299508e-01
2.125820233590000134e+04	8.395378348481479236e-01
2.125839733590000105e+04	8.529468748704438497e-01
2.125859233590000076e+04	7.987015038365630204e-01
2.125878833590000067e+04	8.541198155356592991e-01
2.125898333590000038e+04	8.504505464333522724e-01
2.125917833590000009e+04	8.373472695011372480e-01
2.125937433590000001e+04	8.291309942600140204e-01
2.125956933589999971e+04	8.424388320021201082e-01
2.125976433589999942e+04	8.134692950964605984e-01
2.125996033589999934e+04	7.981858589643753277e-01
2.126015533589999905e+04	8.305423911333207343e-01
2.126035033589999875e+04	8.202016316242861649e-01
2.126054633589999867e+04	8.533671450070769993e-01
2.126074133589999838e+04	8.151626555852509171e-01
2.126093633589999808e+04	8.358133577653354962e-01
2.126113233589999800e+04	8.296650211772860217e-01
2.126132733590000134e+04	8.179796233785729953e-01
2.126152233590000105e+04	8.268939039607445807e-01
2.126171733590000076e+04	8.615159472250688566e-01
2.126191333590000067e+04	8.484780383031633733e-01
2.126210833590000038e+04	8.533470396441007466e-01
2.126230333590000009e+04	8.525753211241156038e-01
2.126249933590000001e+04	8.166607497318150166e-01
2.126269433589999971e+04	8.168399326614306233e-01
2.126288933589999942e+04	8.017294025704160276e-01
2.126308533589999934e+04	8.766991270906920874e-01
2.126328033589999905e+04	7.942692895823668664e-01
2.126347533589999875e+04	8.048810226719727012e-01
2.126367133589999867e+04	8.288109401843577473e-01
2.126386633589999838e+04	8.364193158731136890e-01
2.126406133589999808e+04	7.938097946651758718e-01
2.126425733589999800e+04	8.204379997713431294e-01
2.126445233590000134e+04	8.347804457613232643e-01
2.126464733590000105e+04	8.163850923003312943e-01
2.126484233590000076e+04	8.497274192003683169e-01
2.126503833590000067e+04	7.922051357224280110e-01
2.126523333590000038e+04	8.384627175702483726e-01
2.126542833590000009e+04	8.286318460450523560e-01
2.126562433590000001e+04	8.714529668298194309e-01
2.126581933589999971e+04	8.317789214628863448e-01
2.126601433589999942e+04	8.416064098501951918e-01
2.126621033589999934e+04	8.038181663225465456e-01
2.126640533589999905e+04	8.274047036905294306e-01
2.126660033589999875e+04	7.974377957199845213e-01
2.126679633589999867e+04	7.790564625625933104e-01
2.126699133589999838e+04	8.297212276220022886e-01
2.126718633589999808e+04	8.521804543089661621e-01
2.126738233589999800e+04	8.531797761960504545e-01
2.126757733590000134e+04	7.820082771199636795e-01
2.126777233590000105e+04	8.594872254940284506e-01
2.126796733590000076e+04	8.000510766236512694e-01
2.126816333590000067e+04	8.466419891386429697e-01
2.126835833590000038e+04	8.025568487715180055e-01
2.126855333590000009e+04	8.190609620856825757e-01
2.126874933590000001e+04	7.828322028782785935e-01
2.126894433589999971e+04	7.811567519111317637e-01
2.126913933589999942e+04	8.434026059478441084e-01
2.126933533589999934e+04	7.978855554932842153e-01
2.126953033589999905e+04	8.021632772553459745e-01
2.126972533589999875e+04	8.465974739231754143e-01
2.126992133589999867e+04	8.351935976673363626e-01
2.127011633589999838e+04	8.308517913310371483e-01
2.127031133589999808e+04	7.997189535665896187e-01
2.127050733589999800e+04	8.040419836288243971e-01
2.127070233590000134e+04	7.635419393717750580e-01
2.127089733590000105e+04	8.425436981072369491e-01
2.127109233590000076e+04	8.015479842909929431e-01
2.127128833590000067e+04	7.777301922965556003e-01
2.127148333590000038e+04	8.182308843167760415e-01
2.127167833590000009e+04	7.802362063833285788e-01
2.127187433590000001e+04	7.857293639762517046e-01
2.127206933589999971e+04	7.684812147049449038e-01
2.127226433589999942e+04	7.545873015932169636e-01
2.127246033589999934e+04	7.780561955845843869e-01
2.127265533589999905e+04	8.028846318194275966e-01
2.127285033589999875e+04	7.790426528475045131e-01
2.127304633589999867e+04	8.070310394950475086e-01
2.127324133589999838e+04	8.044822223884580126e-01
2.127343633589999808e+04	7.742542568178123474e-01
2.127363233589999800e+04	8.320512541673039664e-01
2.127382733590000134e+04	7.731305596660078550e-01
2.127402233590000105e+04	7.621892983898810314e-01
2.127421733590000076e+04	7.879436879093688617e-01
2.127441333590000067e+04	8.073694031580167518e-01
2.127460833590000038e+04	8.019617140347925499e-01
2.127480333590000009e+04	8.158518099191525152e-01
2.127499933590000001e+04	8.229978812539719968e-01
2.127519433589999971e+04	7.890189854536480141e-01
2.127538933589999942e+04	8.320459389671253092e-01
2.127558533589999934e+04	7.866476307411609525e-01
2.127578033589999905e+04	8.161836476416794994e-01
2.127597533589999875e+04	8.398767806118794255e-01
2.127617133589999867e+04	8.379278024699949867e-01
2.127636633589999838e+04	7.957273330401815059e-01
2.127656133589999808e+04	8.306917989842066419e-01
2.127675733589999800e+04	7.982049257255461328e-01
2.127695233590000134e+04	7.747438731131133238e-01
2.127714733590000105e+04	7.850393506882866745e-01
2.127734233590000076e+04	8.185796820020776465e-01
2.127753833590000067e+04	8.385305137639811335e-01
2.127773333590000038e+04	8.225145672552880427e-01
2.127792833590000009e+04	7.942990155683276043e-01
2.127812433590000001e+04	8.373843676134296032e-01
2.127831933589999971e+04	7.834150316560481997e-01
2.127851433589999942e+04	8.032623272228018863e-01
2.127871033589999934e+04	8.397772073147393712e-01
2.127890533589999905e+04	8.180199021644973811e-01
2.127910033589999875e+04	7.946735817389622980e-01
2.127929633589999867e+04	8.223036134097867489e-01
2.127949133589999838e+04	8.149717840095895838e-01
2.127968633589999808e+04	8.330450577155623648e-01
2.127988233589999800e+04	8.268154969934116139e-01
2.128007733590000134e+04	8.255288963324396434e-01
2.128027233590000105e+04	8.281327330247911789e-01
2.128046733590000076e+04	8.284463968737458828e-01
2.128066333590000067e+04	8.263639942616016754e-01
2.128085833590000038e+04	8.428868318824545014e-01
2.128105333590000009e+04	8.341500842693676532e-01
2.128124933590000001e+04	8.476881640053122169e-01
2.128144433589999971e+04	8.599391450752040811e-01
2.128163933589999942e+04	8.569693080295426313e-01
2.128183533589999934e+04	8.359765102294307582e-01
2.128203033589999905e+04	8.198242554949946026e-01
2.128222533589999875e+04	8.132519136600393495e-01
2.128242133589999867e+04	8.398057855481528833e-01
2.128261633589999838e+04	8.241299069446483827e-01
2.128281133589999808e+04	8.664161702179118407e-01
2.128300733589999800e+04	8.380930061333273784e-01
2.128320233590000134e+04	8.280659999645187952e-01
2.128339733590000105e+04	8.110187267229420627e-01
2.128359233590000076e+04	8.061750737165933600e-01
2.128378833590000067e+04	7.683324531989512707e-01
2.128398333590000038e+04	8.393291496883374947e-01
2.128417833590000009e+04	8.623646441448222788e-01
2.128437433590000001e+04	8.693002313336410936e-01
2.128456933589999971e+04	8.410461265085125149e-01
2.128476433589999942e+04	8.787295881679106913e-01
2.128496033589999934e+04	8.394287157359272555e-01
2.128515533589999905e+04	8.859331605441731483e-01
2.128535033589999875e+04	8.346268315309472996e-01
2.128554633589999867e+04	8.554059199837737992e-01
2.128574133589999838e+04	8.669398931643605977e-01
2.128593633589999808e+04	8.404169658659927933e-01
2.128613233589999800e+04	8.543961243715347820e-01
2.128632733590000134e+04	8.528949964576000298e-01
2.128652233590000105e+04	8.566761265101305867e-01
2.128671733590000076e+04	8.369934742138145367e-01
2.128691333590000067e+04	8.585728058339157087e-01
2.128710833590000038e+04	8.384838726236321094e-01
2.128730333590000009e+04	8.709430992685707196e-01
2.128749933590000001e+04	8.349075862785078073e-01
2.128769433589999971e+04	8.580510193369974559e-01
2.128788933589999942e+04	8.777852034753053090e-01
2.128808533589999934e+04	8.362042611804820780e-01
2.128828033589999905e+04	8.616768169700748103e-01
2.128847533589999875e+04	8.608629942935852597e-01
2.128867133589999867e+04	8.466175940103060071e-01
2.128886633589999838e+04	8.970552596884502350e-01
2.128906133589999808e+04	8.047802753781745366e-01
2.128925733589999800e+04	8.777545536371214041e-01
2.128945233590000134e+04	8.270295520556647517e-01
2.128964733590000105e+04	8.502176187438958976e-01
2.128984233590000076e+04	8.660585841242234295e-01
2.129003833590000067e+04	8.094916140046937159e-01
2.129023333590000038e+04	8.401638158102624487e-01
2.129042833590000009e+04	8.599073907082210866e-01
2.129062433590000001e+04	8.547327427633995001e-01
2.129081933589999971e+04	8.261859652977179280e-01
2.129101433589999942e+04	8.509163495910936348e-01
2.129121033589999934e+04	8.243482193012674486e-01
2.129140533589999905e+04	8.335673945400721152e-01
2.129160033589999875e+04	8.107344876304356518e-01
2.129179633589999867e+04	8.715566254955966485e-01
2.129199133589999838e+04	8.333194875425604664e-01
2.129218633589999808e+04	8.523604013257539691e-01
2.129238233589999800e+04	8.772649140020867264e-01
2.129257733590000134e+04	8.793386921908350473e-01
2.129277233590000105e+04	8.447845961041071661e-01
2.129296733590000076e+04	8.285248531614346490e-01
2.129316333590000067e+04	8.207973463131708058e-01
2.129335833590000038e+04	8.346384891380420612e-01
2.129355333590000009e+04	8.352306990904381223e-01
2.129374933590000001e+04	8.834169802573281771e-01
2.129394433589999971e+04	8.458456601015225118e-01
2.129413933589999942e+04	8.509587378774696731e-01
2.129433533589999934e+04	8.452198174605474179e-01
2.129453033589999905e+04	8.665579944180645811e-01
2.129472533589999875e+04	8.857154051864153388e-01
2.129492133589999867e+04	8.578985805977890067e-01
2.129511633589999838e+04	9.008452527318375758e-01
2.129531133589999808e+04	8.592649580606437354e-01
2.129550733589999800e+04	8.509671955184856529e-01
2.129570233590000134e+04	8.733548160855590936e-01
2.129589733590000105e+04	9.049410387178333792e-01
2.129609233590000076e+04	8.558399131498752865e-01
2.129628833590000067e+04	8.514436014621260540e-01
2.129648333590000038e+04	8.336585206536106796e-01
2.129667833590000009e+04	8.463623987501769363e-01
2.129687433590000001e+04	8.538392843104105623e-01
2.129706933589999971e+04	8.476182833871668265e-01
2.129726433589999942e+04	8.683131736024467529e-01
2.129746033589999934e+04	8.262177640834522663e-01
2.129765533589999905e+04	8.516839470802235468e-01
2.129785033589999875e+04	8.685321678338091544e-01
2.129804633589999867e+04	8.457694250005687309e-01
2.129824133589999838e+04	8.396712919558417809e-01
2.129843633589999808e+04	8.333523053331681751e-01
2.129863233589999800e+04	8.446331650658471801e-01
2.129882733590000134e+04	8.511418951602411909e-01
2.129902233590000105e+04	8.269808313458337778e-01
2.129921733590000076e+04	8.542330873560803894e-01
2.129941333590000067e+04	8.194193001199856496e-01
2.129960833590000038e+04	8.493706131476486121e-01
2.129980333590000009e+04	7.984744289589897903e-01
2.129999933590000001e+04	8.478331817863544728e-01
2.130019433589999971e+04	8.356714072173598851e-01
2.130038933589999942e+04	8.041947537193454565e-01
2.130058533589999934e+04	8.482069823796258845e-01
2.130078033589999905e+04	8.338629684321290370e-01
2.130097533589999875e+04	8.369013324432756917e-01
2.130117133589999867e+04	8.330069245186386695e-01
2.130136633589999838e+04	8.750672087350821471e-01
2.130156133589999808e+04	8.549253551115114647e-01
2.130175733589999800e+04	8.059831015843315072e-01
2.130195233590000134e+04	8.047823983923123592e-01
2.130214733590000105e+04	8.004340290878158015e-01
2.130234233590000076e+04	8.094205386676645020e-01
2.130253833590000067e+04	7.970101982252781880e-01
2.130273333590000038e+04	8.571556200043932705e-01
2.130292833590000009e+04	8.210825050785075518e-01
2.130312433590000001e+04	8.235999365891686352e-01
2.130331933589999971e+04	8.512509067316074152e-01
2.130351433589999942e+04	8.497379872436781056e-01
2.130371033589999934e+04	8.637456023521412618e-01
2.130390533589999905e+04	8.390579909434592309e-01
2.130410033589999875e+04	8.919244693038592686e-01
2.130429633589999867e+04	8.971186069220653536e-01
2.130449133589999838e+04	8.032867115142412473e-01
2.130468633589999808e+04	8.225050070405952596e-01
2.130488233589999800e+04	8.430880538545597602e-01
2.130507733590000134e+04	8.679915761744929625e-01
2.130527233590000105e+04	7.837144386617040936e-01
2.130546733590000076e+04	8.446903645749728184e-01
2.130566333590000067e+04	8.255500627237495337e-01
2.130585833590000038e+04	8.331181840953068019e-01
2.130605333590000009e+04	8.454210199725338271e-01
2.130624933590000001e+04	8.199101247219253707e-01
2.130644433589999971e+04	8.477770720872648269e-01
2.130663933589999942e+04	8.585939978019965224e-01
2.130683533589999934e+04	8.439850582264618595e-01
2.130703033589999905e+04	8.692367472278661467e-01
2.130722533589999875e+04	8.265706704413275929e-01
2.130742133589999867e+04	8.571534561316305201e-01
2.130761633589999838e+04	8.002663987061708895e-01
2.130781133589999808e+04	8.329804496693959948e-01
2.130800733589999800e+04	8.567269057391513343e-01
2.130820233590000134e+04	8.658110200134654377e-01
2.130839733590000105e+04	8.137291282903529321e-01
2.130859233590000076e+04	8.293397129992392536e-01
2.130878833590000067e+04	8.485108354812993525e-01
2.130898333590000038e+04	8.684803320482004096e-01
2.130917833590000009e+04	8.622535739477790173e-01
2.130937433590000001e+04	8.503330279107679246e-01
2.130956933589999971e+04	8.071911795103403620e-01
2.130976433589999942e+04	8.371248434199110022e-01
2.130996033589999934e+04	8.384955374666436256e-01
2.131015533589999905e+04	8.268684510825075051e-01
2.131035033589999875e+04	8.282302334173152758e-01
2.131054633589999867e+04	8.330705040826664742e-01
2.131074133589999838e+04	8.821661573395616074e-01
2.131093633589999808e+04	8.452155876325058159e-01
2.131113233589999800e+04	8.529320706651528639e-01
2.131132733590000134e+04	8.360411102560654228e-01
2.131152233590000105e+04	8.107344876304356518e-01
2.131171733590000076e+04	8.678201339464575170e-01
2.131191333590000067e+04	8.712636214216225028e-01
2.131210833590000038e+04	8.643084942289007699e-01
2.131230333590000009e+04	8.720971371478558609e-01
2.131249933590000001e+04	8.464852486446581281e-01
2.131269433589999971e+04	8.460013132188866081e-01
2.131288933589999942e+04	8.300433267111788638e-01
2.131308533589999934e+04	8.415004479341305910e-01
2.131328033589999905e+04	8.806837623721808228e-01
2.131347533589999875e+04	8.193620406979071902e-01
2.131367133589999867e+04	8.585907976432771704e-01
2.131386633589999838e+04	8.547867267504933864e-01
2.131406133589999808e+04	8.275541309597613804e-01
2.131425733589999800e+04	8.308676831059802481e-01
2.131445233590000134e+04	8.647941800275589230e-01
2.131464733590000105e+04	8.638059014633334698e-01
2.131484233590000076e+04	8.375951806256427545e-01
2.131503833590000067e+04	8.554429903302001037e-01
2.131523333590000038e+04	8.568401744020945898e-01
2.131542833590000009e+04	8.341310458530664107e-01
2.131562433590000001e+04	8.583028907159455656e-01
2.131581933589999971e+04	8.666299286419736347e-01
2.131601433589999942e+04	8.601306885658210888e-01
2.131621033589999934e+04	8.820826257523002312e-01
2.131640533589999905e+04	8.637953395859003791e-01
2.131660033589999875e+04	8.423657338618824042e-01
2.131679633589999867e+04	8.523456058540741509e-01
2.131699133589999838e+04	8.453109086741648071e-01
2.131718633589999808e+04	8.521889115214591470e-01
