# time(sec)	crack length FEA(mm)
1.745507789060000141e+04	1.066709450109497581e+00
1.745527389060000132e+04	1.059810976038708219e+00
1.745546889060000103e+04	1.063335146004284582e+00
1.745566389060000074e+04	1.067205251318782189e+00
1.745585889060000045e+04	1.047842682288964156e+00
1.745605489060000036e+04	1.050626591059264925e+00
1.745624989060000007e+04	1.055720215514124760e+00
1.745644489059999978e+04	1.050000984824643879e+00
1.745664089059999969e+04	1.070266515025666720e+00
1.745683589059999940e+04	1.058159637173577750e+00
1.745703089059999911e+04	1.089420055544296773e+00
1.745722689059999902e+04	1.047794495664797765e+00
1.745742189059999873e+04	1.093425028348676165e+00
1.745761689059999844e+04	1.095118907469370129e+00
1.745781289059999835e+04	1.070861913923247144e+00
1.745800789059999806e+04	1.073066267555171649e+00
1.745820289060000141e+04	1.070556020178642598e+00
1.745839889060000132e+04	1.040884034610922271e+00
1.745859389060000103e+04	1.065287756868677604e+00
1.745878889060000074e+04	1.097729511239673883e+00
1.745898389060000045e+04	1.033634348968062611e+00
1.745917989060000036e+04	1.065620102225992127e+00
1.745937489060000007e+04	1.074482033191037189e+00
1.745956989059999978e+04	1.094652203959626036e+00
1.745976589059999969e+04	1.077386585310620148e+00
1.745996089059999940e+04	1.087302698028299375e+00
1.746015589059999911e+04	1.069725744262701284e+00
1.746035189059999902e+04	1.059129624118835267e+00
1.746054689059999873e+04	1.070972795902278563e+00
1.746074189059999844e+04	1.008292115653601329e+00
1.746093789059999835e+04	1.057315732429568556e+00
1.746113289059999806e+04	1.025029906502707533e+00
1.746132789060000141e+04	1.067856787382122974e+00
1.746152389060000132e+04	1.057944539975704146e+00
1.746171889060000103e+04	1.037995782996839367e+00
1.746191389060000074e+04	1.047523385151578168e+00
1.746210889060000045e+04	1.032030546885213340e+00
1.746230489060000036e+04	1.018271088960956305e+00
1.746249989060000007e+04	1.060886358354146353e+00
1.746269489059999978e+04	1.054369325106046418e+00
1.746289089059999969e+04	1.056339167349083397e+00
1.746308589059999940e+04	1.038684437025306551e+00
1.746328089059999911e+04	1.064578009207682641e+00
1.746347689059999902e+04	1.052228011628475457e+00
1.746367189059999873e+04	1.048117278178581913e+00
1.746386689059999844e+04	1.056914176730352040e+00
1.746406289059999835e+04	1.045670132563486732e+00
1.746425789059999806e+04	1.079951014482741556e+00
1.746445289060000141e+04	1.096768813031340883e+00
1.746464889060000132e+04	1.081548204337805075e+00
1.746484389060000103e+04	1.054154193688756180e+00
1.746503889060000074e+04	1.091396882755393705e+00
1.746523389060000045e+04	1.085154458810366762e+00
1.746542989060000036e+04	1.053664625779669350e+00
1.746562489060000007e+04	1.062854530970209765e+00
1.746581989059999978e+04	1.066392384441421370e+00
1.746601589059999969e+04	1.022944105952570126e+00
1.746621089059999940e+04	1.041191441411427832e+00
1.746640589059999911e+04	1.120324122437171610e+00
1.746660189059999902e+04	1.032556793057670674e+00
1.746679689059999873e+04	1.065292185657828128e+00
1.746699189059999844e+04	1.058690773776403304e+00
1.746718789059999835e+04	1.082636635184424989e+00
1.746738289059999806e+04	1.074804360078776000e+00
1.746757789060000141e+04	1.064379555002247457e+00
1.746777389060000132e+04	1.030050957162305991e+00
1.746796889060000103e+04	1.041725125672179786e+00
1.746816389060000074e+04	1.063561031720023919e+00
1.746835889060000045e+04	1.050836191404954434e+00
1.746855489060000036e+04	1.025574806855630072e+00
1.746874989060000007e+04	1.012543911623220438e+00
1.746894489059999978e+04	1.072355621312492957e+00
1.746914089059999969e+04	1.027180175406934737e+00
1.746933589059999940e+04	1.046313487436876244e+00
1.746953089059999911e+04	1.042575053096296500e+00
1.746972689059999902e+04	1.063739891730683951e+00
1.746992189059999873e+04	1.073387577442627361e+00
1.747011689059999844e+04	1.023553053573122540e+00
1.747031289059999835e+04	1.038060592791982373e+00
1.747050789059999806e+04	1.071167992150062531e+00
1.747070289060000141e+04	1.066907884899784165e+00
1.747089889060000132e+04	1.071663606319921414e+00
1.747109389060000103e+04	1.046962294469979682e+00
1.747128889060000074e+04	1.033857308269370279e+00
1.747148389060000045e+04	1.019965976393596208e+00
1.747167989060000036e+04	1.037318241232778604e+00
1.747187489060000007e+04	1.030529969145607794e+00
1.747206989059999978e+04	1.038257190860360168e+00
1.747226589059999969e+04	1.034102249729622613e+00
1.747246089059999940e+04	1.062190795087374795e+00
1.747265589059999911e+04	1.055285638749001720e+00
1.747285189059999902e+04	1.018638268131848434e+00
1.747304689059999873e+04	1.073090382431946210e+00
1.747324189059999844e+04	1.060248863250921048e+00
1.747343789059999835e+04	1.068725474401775344e+00
1.747363289059999806e+04	1.052613241639422270e+00
1.747382789060000141e+04	1.066040356513401122e+00
1.747402389060000132e+04	1.057237872628054021e+00
1.747421889060000103e+04	1.048906440859024514e+00
1.747441389060000074e+04	1.088716393040636277e+00
1.747460889060000045e+04	1.076268151488870117e+00
1.747480489060000036e+04	1.089175588135681494e+00
1.747499989060000007e+04	1.056995431035371524e+00
1.747519489059999978e+04	1.049910937662128063e+00
1.747539089059999969e+04	1.091035247013758536e+00
1.747558589059999940e+04	1.045767834597505441e+00
1.747578089059999911e+04	1.039520134434916088e+00
1.747597689059999902e+04	1.066191589705734799e+00
1.747617189059999873e+04	1.062085526742990282e+00
1.747636689059999844e+04	1.080626214833319665e+00
1.747656289059999835e+04	1.056659666093018757e+00
1.747675789059999806e+04	1.062811746338251595e+00
1.747695289060000141e+04	1.051529943144709378e+00
1.747714889060000132e+04	1.029485208599991708e+00
1.747734389060000103e+04	1.036084805441237933e+00
1.747753889060000074e+04	1.066529481704520776e+00
1.747773389060000045e+04	1.035419191559601160e+00
1.747792989060000036e+04	1.069291422961573090e+00
1.747812489060000007e+04	1.090864310558455230e+00
1.747831989059999978e+04	1.056323802153949387e+00
1.747851589059999969e+04	1.080522158008667688e+00
1.747871089059999940e+04	1.059314078346735855e+00
1.747890589059999911e+04	1.070729269382052706e+00
1.747910189059999902e+04	1.062917105712026355e+00
1.747929689059999873e+04	1.080593349876330933e+00
1.747949189059999844e+04	1.076092682111774224e+00
1.747968789059999835e+04	1.103670692558962330e+00
1.747988289059999806e+04	1.110133794168833177e+00
1.748007789060000141e+04	1.074416192065456244e+00
1.748027389060000132e+04	1.068783605579607610e+00
1.748046889060000103e+04	1.075231987494291275e+00
1.748066389060000074e+04	1.043584060884899856e+00
1.748085889060000045e+04	1.061749739291206751e+00
1.748105489060000036e+04	1.087414538984635470e+00
1.748124989060000007e+04	1.047336670726974006e+00
1.748144489059999978e+04	1.057490303359987394e+00
1.748164089059999969e+04	1.053584491426333258e+00
1.748183589059999940e+04	1.007951225196903167e+00
1.748203089059999911e+04	1.049741874374221950e+00
1.748222689059999902e+04	1.074615692941613077e+00
1.748242189059999873e+04	1.081222672955339803e+00
1.748261689059999844e+04	1.080880563581336773e+00
1.748281289059999835e+04	1.089032031786187460e+00
1.748300789059999806e+04	1.097399872572617952e+00
1.748320289060000141e+04	1.081373809716613010e+00
1.748339889060000132e+04	1.056374328157115627e+00
1.748359389060000103e+04	1.070308155749302159e+00
1.748378889060000074e+04	1.066072110852138266e+00
1.748398389060000045e+04	1.071254567579654093e+00
1.748417989060000036e+04	1.103874463860552879e+00
1.748437489060000007e+04	1.059940571134026399e+00
1.748456989059999978e+04	1.090705421385729679e+00
1.748476589059999969e+04	1.061505175987049299e+00
1.748496089059999940e+04	1.081264294514362234e+00
1.748515589059999911e+04	1.078143040602874692e+00
1.748535189059999902e+04	1.102337763123919956e+00
1.748554689059999873e+04	1.090502666717142688e+00
1.748574189059999844e+04	1.066905811990292108e+00
1.748593789059999835e+04	1.058163973030517013e+00
1.748613289059999806e+04	1.045222263578708066e+00
1.748632789060000141e+04	1.038905179450932081e+00
1.748652389060000132e+04	1.091325629089372029e+00
1.748671889060000103e+04	1.014546955708727438e+00
1.748691389060000074e+04	1.040177993251171884e+00
1.748710889060000045e+04	1.084423365498590641e+00
1.748730489060000036e+04	1.097731769667529278e+00
1.748749989060000007e+04	1.067812881101337652e+00
1.748769489059999978e+04	1.076974254309988055e+00
1.748789089059999969e+04	1.067920385392051585e+00
1.748808589059999940e+04	1.035243515457345609e+00
1.748828089059999911e+04	1.075753983938925629e+00
1.748847689059999902e+04	1.064959835724192061e+00
1.748867189059999873e+04	1.046030194642092681e+00
1.748886689059999844e+04	1.073266910121864370e+00
1.748906289059999835e+04	1.093577405235246047e+00
1.748925789059999806e+04	1.112741714401220605e+00
1.748945289060000141e+04	1.033566224720265936e+00
1.748964889060000132e+04	1.082011869348619371e+00
1.748984389060000103e+04	1.086752429098227779e+00
1.749003889060000074e+04	1.055719084305069444e+00
1.749023389060000045e+04	1.050695703747603460e+00
1.749042989060000036e+04	1.095499114889156189e+00
1.749062489060000007e+04	1.078228648881632168e+00
1.749081989059999978e+04	1.070981557158130926e+00
1.749101589059999969e+04	1.087415668688580084e+00
1.749121089059999940e+04	1.095789348341702052e+00
1.749140589059999911e+04	1.067018785294443717e+00
1.749160189059999902e+04	1.070447397278114110e+00
1.749179689059999873e+04	1.055398667177872341e+00
1.749199189059999844e+04	1.085199368768059003e+00
1.749218789059999835e+04	1.043606036369325807e+00
1.749238289059999806e+04	1.055794780925992882e+00
1.749257789060000141e+04	1.049999853344083078e+00
1.749277389060000132e+04	1.051434338980943295e+00
1.749296889060000103e+04	1.058318743754909974e+00
1.749316389060000074e+04	1.048056833407070343e+00
1.749335889060000045e+04	1.046976534077488807e+00
1.749355489060000036e+04	1.046032457980023977e+00
1.749374989060000007e+04	1.057890906761048910e+00
1.749394489059999978e+04	1.060313518321747139e+00
1.749414089059999969e+04	1.039654084790440081e+00
1.749433589059999940e+04	1.067898526539650561e+00
1.749453089059999911e+04	1.020469264552126276e+00
1.749472689059999902e+04	1.050922935048346218e+00
1.749492189059999873e+04	1.053502282727363237e+00
1.749511689059999844e+04	1.077848165285345772e+00
1.749531289059999835e+04	1.029831265235099380e+00
1.749550789059999806e+04	1.028651330219606308e+00
1.749570289060000141e+04	1.029203980804480167e+00
1.749589889060000132e+04	1.049061271718629840e+00
1.749609389060000103e+04	1.078463246007753895e+00
1.749628889060000074e+04	1.044562374741857980e+00
1.749648389060000045e+04	1.048149056413523184e+00
1.749667989060000036e+04	1.055556660980601080e+00
1.749687489060000007e+04	1.066005209970414924e+00
1.749706989059999978e+04	1.052837154900206684e+00
1.749726589059999969e+04	1.076286800332120208e+00
1.749746089059999940e+04	1.051307149020672682e+00
1.749765589059999911e+04	1.106717389845336186e+00
1.749785189059999902e+04	1.101148337073997396e+00
1.749804689059999873e+04	1.062708742492777247e+00
1.749824189059999844e+04	1.096422598331381337e+00
1.749843789059999835e+04	1.045967764152770485e+00
1.749863289059999806e+04	1.099012357804012296e+00
1.749882789060000141e+04	1.089680805459096291e+00
1.749902389060000132e+04	1.055155075634621298e+00
1.749921889060000103e+04	1.065412893402452710e+00
1.749941389060000074e+04	1.084450858403195994e+00
1.749960889060000045e+04	1.032989519693682468e+00
1.749980489060000036e+04	1.048000914784623205e+00
1.749999989060000007e+04	1.005858548069920033e+00
1.750019489059999978e+04	1.039478439874951476e+00
1.750039089059999969e+04	1.070120583498507472e+00
1.750058589059999940e+04	1.057200545078504916e+00
1.750078089059999911e+04	1.031052945638453622e+00
1.750097689059999902e+04	1.059611351087044184e+00
1.750117189059999873e+04	1.050852691578826992e+00
1.750136689059999844e+04	1.020961591137430347e+00
1.750156289059999835e+04	1.029545606083502207e+00
1.750175789059999806e+04	1.078023621719381708e+00
1.750195289060000141e+04	1.016322272919133241e+00
1.750214889060000132e+04	1.048170933393368642e+00
1.750234389060000103e+04	1.072977437935056955e+00
1.750253889060000074e+04	1.052640677019416771e+00
1.750273389060000045e+04	1.041917260400994749e+00
1.750292989060000036e+04	1.044019982804957891e+00
1.750312489060000007e+04	1.065232915198601304e+00
1.750331989059999978e+04	1.056187683060048954e+00
1.750351589059999969e+04	1.038815090374400896e+00
1.750371089059999940e+04	1.051527774612699417e+00
1.750390589059999911e+04	1.042026013442111321e+00
1.750410189059999902e+04	1.049177629936611567e+00
1.750429689059999873e+04	1.086019313655270935e+00
1.750449189059999844e+04	1.053245472992443865e+00
1.750468789059999835e+04	1.075190261192680907e+00
1.750488289059999806e+04	1.064574805306765626e+00
1.750507789060000141e+04	1.071740476933847219e+00
1.750527389060000132e+04	1.070090907190831331e+00
1.750546889060000103e+04	1.061608279281545109e+00
1.750566389060000074e+04	1.036955783392915720e+00
1.750585889060000045e+04	1.042377358776150231e+00
1.750605489060000036e+04	1.059255829797479009e+00
1.750624989060000007e+04	1.016910333583043169e+00
1.750644489059999978e+04	1.060967410619088724e+00
1.750664089059999969e+04	1.036196887142466494e+00
1.750683589059999940e+04	1.073061840211856577e+00
1.750703089059999911e+04	1.062515550181540647e+00
1.750722689059999902e+04	1.021034188388671993e+00
1.750742189059999873e+04	1.064335642309794494e+00
1.750761689059999844e+04	1.072686831824597675e+00
1.750781289059999835e+04	1.081257702869596216e+00
1.750800789059999806e+04	1.056356700627134160e+00
1.750820289060000141e+04	1.068790200679963220e+00
1.750839889060000132e+04	1.084804873788023372e+00
1.750859389060000103e+04	1.066414338901580550e+00
1.750878889060000074e+04	1.052308150543112220e+00
1.750898389060000045e+04	1.071976174254182013e+00
1.750917989060000036e+04	1.051275186425790764e+00
1.750937489060000007e+04	1.037907954594597726e+00
1.750956989059999978e+04	1.055537995896180803e+00
1.750976589059999969e+04	1.052504536885191300e+00
1.750996089059999940e+04	1.047309229241315975e+00
1.751015589059999911e+04	1.052572607049512499e+00
1.751035189059999902e+04	1.063693810433839815e+00
1.751054689059999873e+04	1.023624415817991462e+00
1.751074189059999844e+04	1.009166280507805880e+00
1.751093789059999835e+04	1.069517346397208968e+00
1.751113289059999806e+04	1.073326160584532118e+00
1.751132789060000141e+04	1.060255460715165299e+00
1.751152389060000132e+04	1.045060806114030072e+00
1.751171889060000103e+04	1.072607891853481377e+00
1.751191389060000074e+04	1.070854283113853000e+00
1.751210889060000045e+04	1.110789610076995615e+00
1.751230489060000036e+04	1.071816028447329927e+00
1.751249989060000007e+04	1.108682902895347766e+00
1.751269489059999978e+04	1.072475257040505170e+00
1.751289089059999969e+04	1.095548334365535226e+00
1.751308589059999940e+04	1.067176702042367253e+00
1.751328089059999911e+04	1.075552137880244175e+00
1.751347689059999902e+04	1.079396149308657016e+00
1.751367189059999873e+04	1.094232642953825163e+00
1.751386689059999844e+04	1.073378817072253355e+00
1.751406289059999835e+04	1.081547074355171389e+00
1.751425789059999806e+04	1.083416086421596702e+00
1.751445289060000141e+04	1.068362457531309317e+00
1.751464889060000132e+04	1.059568560629454481e+00
1.751484389060000103e+04	1.057522069099082529e+00
1.751503889060000074e+04	1.078156225616366370e+00
1.751523389060000045e+04	1.066078706703537549e+00
1.751542989060000036e+04	1.070681034820196942e+00
1.751562489060000007e+04	1.053548289465402021e+00
1.751581989059999978e+04	1.080057333912133544e+00
1.751601589059999969e+04	1.100344344677125719e+00
1.751621089059999940e+04	1.075728647313425768e+00
1.751640589059999911e+04	1.046948054853968912e+00
1.751660189059999902e+04	1.064929022212155019e+00
1.751679689059999873e+04	1.067907288926859266e+00
1.751699189059999844e+04	1.120237725529309003e+00
1.751718789059999835e+04	1.074716667251959024e+00
1.751738289059999806e+04	1.060244433523898522e+00
1.751757789060000141e+04	1.046893170956394670e+00
1.751777389060000132e+04	1.049729710823161355e+00
1.751796889060000103e+04	1.051303754764841614e+00
1.751816389060000074e+04	1.063667518611030260e+00
1.751835889060000045e+04	1.119339047424972478e+00
1.751855489060000036e+04	1.097944249128421035e+00
1.751874989060000007e+04	1.100648914687038626e+00
1.751894489059999978e+04	1.047428896519475572e+00
1.751914089059999969e+04	1.090519139421871841e+00
1.751933589059999940e+04	1.116391475409379552e+00
1.751953089059999911e+04	1.102646635345195136e+00
1.751972689059999902e+04	1.058271520881643113e+00
1.751992189059999873e+04	1.069559082643836589e+00
1.752011689059999844e+04	1.086109130220133778e+00
1.752031289059999835e+04	1.073503816890584162e+00
1.752050789059999806e+04	1.065560926811377485e+00
1.752070289060000141e+04	1.077399676561602959e+00
1.752089889060000132e+04	1.030861667041678587e+00
1.752109389060000103e+04	1.031418795891292817e+00
1.752128889060000074e+04	1.067974090245925822e+00
1.752148389060000045e+04	1.059314078346735855e+00
1.752167989060000036e+04	1.068961295787808297e+00
1.752187489060000007e+04	1.044616132269094777e+00
1.752206989059999978e+04	1.093922531978218871e+00
1.752226589059999969e+04	1.059914180917234106e+00
1.752246089059999940e+04	1.075258360739749008e+00
1.752265589059999911e+04	1.051778003047470378e+00
1.752285189059999902e+04	1.052576943923202890e+00
1.752304689059999873e+04	1.033758425179996721e+00
1.752324189059999844e+04	1.066913444065257011e+00
1.752343789059999835e+04	1.116852298599969373e+00
1.752363289059999806e+04	1.070063586112965481e+00
1.752382789060000141e+04	1.083932348169454940e+00
1.752402389060000132e+04	1.064034941847536331e+00
1.752421889060000103e+04	1.123636769503033150e+00
1.752441389060000074e+04	1.110134922793438506e+00
1.752460889060000045e+04	1.061238556714826586e+00
1.752480489060000036e+04	1.110321051067233000e+00
1.752499989060000007e+04	1.070759981181058862e+00
1.752519489059999978e+04	1.066362797712017141e+00
1.752539089059999969e+04	1.048686922545112310e+00
1.752558589059999940e+04	1.034890932824310994e+00
1.752578089059999911e+04	1.044333951055165244e+00
1.752597689059999902e+04	1.081663368119571089e+00
1.752617189059999873e+04	1.018523932410088761e+00
1.752636689059999844e+04	1.080659079744917150e+00
1.752656289059999835e+04	1.063345983290300723e+00
1.752675789059999806e+04	1.067279780786662968e+00
1.752695289060000141e+04	1.061809018419220152e+00
1.752714889060000132e+04	1.050780185015305790e+00
1.752734389060000103e+04	1.038044178100694381e+00
1.752753889060000074e+04	1.083419381945212479e+00
1.752773389060000045e+04	1.056992131852050321e+00
1.752792989060000036e+04	1.057985165405915140e+00
1.752812489060000007e+04	1.055679680489415517e+00
1.752831989059999978e+04	1.042378490618528275e+00
1.752851589059999969e+04	1.053715157421592608e+00
1.752871089059999940e+04	1.025835312589560289e+00
1.752890589059999911e+04	1.073762574790348978e+00
1.752910189059999902e+04	1.050320248776895227e+00
1.752929689059999873e+04	1.060641597689516047e+00
1.752949189059999844e+04	1.060618601178994425e+00
1.752968789059999835e+04	1.060357532679194748e+00
1.752988289059999806e+04	1.072658289120624886e+00
1.753007789060000141e+04	1.028035056876149156e+00
1.753027389060000132e+04	1.116893951836711807e+00
1.753046889060000103e+04	1.056053825575023808e+00
1.753066389060000074e+04	1.074227521851394584e+00
1.753085889060000045e+04	1.072896332340228298e+00
1.753105489060000036e+04	1.074100359355714573e+00
1.753124989060000007e+04	1.060751396296399918e+00
1.753144489059999978e+04	1.039874818242033427e+00
1.753164089059999969e+04	1.040174597410555180e+00
1.753183589059999940e+04	1.073219716881528285e+00
1.753203089059999911e+04	1.074231948977894646e+00
1.753222689059999902e+04	1.045022327771864212e+00
1.753242189059999873e+04	1.053406686475376830e+00
1.753261689059999844e+04	1.058945262717411850e+00
1.753281289059999835e+04	1.061763970065126017e+00
1.753300789059999806e+04	1.071283017760908507e+00
1.753320289060000141e+04	1.064320188038255566e+00
1.753339889060000132e+04	1.095737870747246490e+00
1.753359389060000103e+04	1.062042740729662427e+00
1.753378889060000074e+04	1.082388990704375331e+00
1.753398389060000045e+04	1.071971840911237095e+00
1.753417989060000036e+04	1.114534928361825550e+00
1.753437489060000007e+04	1.050463001564562404e+00
1.753456989059999978e+04	1.074930482707877388e+00
1.753476589059999969e+04	1.048135854778038834e+00
1.753496089059999940e+04	1.068388744171082649e+00
1.753515589059999911e+04	1.079854394288105368e+00
1.753535189059999902e+04	1.070832426954893890e+00
1.753554689059999873e+04	1.063115760580066294e+00
1.753574189059999844e+04	1.063907724902694696e+00
1.753593789059999835e+04	1.103247997948027859e+00
1.753613289059999806e+04	1.068894403023076478e+00
1.753632789060000141e+04	1.067748246386170052e+00
1.753652389060000132e+04	1.031919672309623337e+00
1.753671889060000103e+04	1.071966282926739567e+00
1.753691389060000074e+04	1.059433591105470640e+00
1.753710889060000045e+04	1.074008236767824087e+00
1.753730489060000036e+04	1.076661846188720517e+00
1.753749989060000007e+04	1.069632474195785221e+00
1.753769489059999978e+04	1.101160380287565133e+00
1.753789089059999969e+04	1.044392236084906500e+00
1.753808589059999940e+04	1.059613613135528709e+00
1.753828089059999911e+04	1.079847896424674047e+00
1.753847689059999902e+04	1.029052324037289523e+00
1.753867189059999873e+04	1.010811097194729058e+00
1.753886689059999844e+04	1.017033458131544776e+00
1.753906289059999835e+04	1.082488707936203554e+00
1.753925789059999806e+04	1.028828187349080991e+00
1.753945289060000141e+04	1.019482409479440577e+00
1.753964889060000132e+04	1.033380627617891179e+00
1.753984389060000103e+04	1.066011805840345161e+00
1.754003889060000074e+04	1.018978911694317091e+00
1.754023389060000045e+04	1.043304036737122686e+00
1.754042989060000036e+04	1.031888816059499447e+00
1.754062489060000007e+04	1.054141089652734564e+00
1.754081989059999978e+04	1.072916020018723771e+00
1.754101589059999969e+04	1.064536358462174093e+00
1.754121089059999940e+04	1.081585493734547043e+00
1.754140589059999911e+04	1.045660230307962735e+00
1.754160189059999902e+04	1.046154300688222349e+00
1.754179689059999873e+04	1.063669686038380746e+00
1.754199189059999844e+04	1.024311219321276667e+00
1.754218789059999835e+04	1.046175142141731129e+00
1.754238289059999806e+04	1.038029933158295393e+00
1.754257789060000141e+04	1.033602551386303858e+00
1.754277389060000132e+04	1.052999502483533689e+00
1.754296889060000103e+04	1.051501375076778544e+00
1.754316389060000074e+04	1.040809328217397578e+00
1.754335889060000045e+04	1.035492782668024248e+00
1.754355489060000036e+04	1.043604998900562464e+00
1.754374989060000007e+04	1.029214927988713058e+00
1.754394489059999978e+04	1.041478093031923180e+00
1.754414089059999969e+04	1.068466567529444688e+00
1.754433589059999940e+04	1.074381057885291924e+00
1.754453089059999911e+04	1.062444209990449195e+00
1.754472689059999902e+04	1.087837515219492346e+00
1.754492189059999873e+04	1.026426442410471651e+00
1.754511689059999844e+04	1.029971875851046548e+00
1.754531289059999835e+04	1.076892126313680365e+00
1.754550789059999806e+04	1.049459753824972807e+00
1.754570289060000141e+04	1.035298426171795683e+00
1.754589889060000132e+04	1.049169897884636882e+00
1.754609389060000103e+04	1.014803049182662065e+00
1.754628889060000074e+04	1.038479069267527422e+00
1.754648389060000045e+04	1.086356830121131267e+00
1.754667989060000036e+04	1.086334988196316687e+00
1.754687489060000007e+04	1.049120582420968617e+00
1.754706989059999978e+04	1.059364503755755749e+00
1.754726589059999969e+04	1.027245014586643634e+00
1.754746089059999940e+04	1.046809713241136919e+00
1.754765589059999911e+04	1.054194731308527366e+00
1.754785189059999902e+04	1.029114987560106442e+00
1.754804689059999873e+04	1.068042116220278004e+00
1.754824189059999844e+04	1.033930998549426050e+00
1.754843789059999835e+04	1.069095080753461602e+00
1.754863289059999806e+04	1.054527325733792154e+00
1.754882789060000141e+04	1.064188543623515670e+00
1.754902389060000132e+04	1.071105439086617039e+00
1.754921889060000103e+04	1.058388965219718258e+00
1.754941389060000074e+04	1.059200974237375803e+00
1.754960889060000045e+04	1.090604609043765549e+00
1.754980489060000036e+04	1.076252799147345840e+00
1.754999989060000007e+04	1.051585853488802513e+00
1.755019489059999978e+04	1.078113374295806892e+00
1.755039089059999969e+04	1.074429379143822416e+00
1.755058589059999940e+04	1.064739334484695377e+00
1.755078089059999911e+04	1.049779213608463380e+00
1.755097689059999902e+04	1.033073120140945989e+00
1.755117189059999873e+04	1.029032600093193750e+00
1.755136689059999844e+04	1.068260325651902320e+00
1.755156289059999835e+04	1.050182021022443735e+00
1.755175789059999806e+04	1.071378542292944047e+00
1.755195289060000141e+04	1.059297489777632606e+00
1.755214889060000132e+04	1.065623494442753838e+00
1.755234389060000103e+04	1.080944126801593796e+00
1.755253889060000074e+04	1.036686719508701060e+00
1.755273389060000045e+04	1.068696926948051740e+00
1.755292989060000036e+04	1.134220528684444673e+00
1.755312489060000007e+04	1.071176753334077247e+00
1.755331989059999978e+04	1.060383733906897774e+00
1.755351589059999969e+04	1.050344480981415529e+00
1.755371089059999940e+04	1.076883273049451972e+00
1.755390589059999911e+04	1.103185529199521397e+00
1.755410189059999902e+04	1.086388651510182157e+00
1.755429689059999873e+04	1.097028447221212843e+00
1.755449189059999844e+04	1.090158619904691761e+00
1.755468789059999835e+04	1.083512503838123919e+00
1.755488289059999806e+04	1.078957672360992603e+00
