# time(sec)	crack length FEA(mm)
3.780000189059999684e+04	1.521164435635462553e+00
3.780019689059999655e+04	1.505259321861505128e+00
3.780039289060000010e+04	1.555992007493554041e+00
3.780058789059999981e+04	1.543719291915465419e+00
3.780078289059999952e+04	1.543085167729520535e+00
3.780097889060000307e+04	1.505939796887831861e+00
3.780117389060000278e+04	1.526744480972805462e+00
3.780136889060000249e+04	1.553106230770421092e+00
3.780156489059999876e+04	1.540771870621298945e+00
3.780175989059999847e+04	1.574551300983376478e+00
3.780195489059999818e+04	1.491824502439733635e+00
3.780215089060000173e+04	1.498800844323639581e+00
3.780234589060000144e+04	1.516769036780660329e+00
3.780254089060000115e+04	1.525693444882259442e+00
3.780273589060000086e+04	1.521110647755939738e+00
3.780293189059999713e+04	1.548753444258162304e+00
3.780312689059999684e+04	1.541562016891671050e+00
3.780332189059999655e+04	1.539922597216371258e+00
3.780351789060000010e+04	1.529895825093245065e+00
3.780371289059999981e+04	1.549484057753696575e+00
3.780390789059999952e+04	1.531361637496802430e+00
3.780410389060000307e+04	1.532314499770299321e+00
3.780429889060000278e+04	1.564203380648800490e+00
3.780449389060000249e+04	1.511867907891277341e+00
3.780468989059999876e+04	1.528808530915583219e+00
3.780488489059999847e+04	1.540280612647567438e+00
3.780507989059999818e+04	1.524449972981532397e+00
3.780527589060000173e+04	1.514641421772374485e+00
3.780547089060000144e+04	1.532890909303258553e+00
3.780566589060000115e+04	1.495380198796825155e+00
3.780586089060000086e+04	1.500390356125841151e+00
3.780605689059999713e+04	1.500294524126676521e+00
3.780625189059999684e+04	1.508413679798316309e+00
3.780644689059999655e+04	1.563179874452062634e+00
3.780664289060000010e+04	1.537669198415688498e+00
3.780683789059999981e+04	1.521276354689229393e+00
3.780703289059999952e+04	1.479303245052172144e+00
3.780722889060000307e+04	1.491145741874941422e+00
3.780742389060000278e+04	1.481484741058306298e+00
3.780761889060000249e+04	1.499575123985504632e+00
3.780781489059999876e+04	1.556198252455677888e+00
3.780800989059999847e+04	1.526102222737122815e+00
3.780820489059999818e+04	1.493306694784495292e+00
3.780840089060000173e+04	1.495538595416709526e+00
3.780859589060000144e+04	1.506299262388290927e+00
3.780879089060000115e+04	1.499354313529348559e+00
3.780898589060000086e+04	1.512503903932300275e+00
3.780918189059999713e+04	1.495391949050475233e+00
3.780937689059999684e+04	1.539376467580488850e+00
3.780957189059999655e+04	1.521587248383083235e+00
3.780976789060000010e+04	1.488160440496733017e+00
3.780996289059999981e+04	1.459957735128538658e+00
3.781015789059999952e+04	1.481532140472170411e+00
3.781035389060000307e+04	1.485582951847785438e+00
3.781054889060000278e+04	1.487037683540046729e+00
3.781074389060000249e+04	1.518793029447877529e+00
3.781093989059999876e+04	1.514389600402996194e+00
3.781113489059999847e+04	1.511765558883592320e+00
3.781132989059999818e+04	1.507644041220784104e+00
3.781152589060000173e+04	1.510635436789176111e+00
3.781172089060000144e+04	1.507656894940257786e+00
3.781191589060000115e+04	1.515598207107986539e+00
3.781211089060000086e+04	1.501859052261913519e+00
3.781230689059999713e+04	1.501140810599350672e+00
3.781250189059999684e+04	1.516335320887048255e+00
3.781269689059999655e+04	1.552030732363826715e+00
3.781289289060000010e+04	1.478603749062726180e+00
3.781308789059999981e+04	1.499411389579613285e+00
3.781328289059999952e+04	1.472946362962240130e+00
3.781347889060000307e+04	1.475213557129846365e+00
3.781367389060000278e+04	1.515522775030957447e+00
3.781386889060000249e+04	1.503991076973001384e+00
3.781406489059999876e+04	1.479625533868833998e+00
3.781425989059999847e+04	1.485787787875437971e+00
3.781445489059999818e+04	1.489281940084975275e+00
3.781465089060000173e+04	1.507744096604483275e+00
3.781484589060000144e+04	1.467205711520557898e+00
3.781504089060000115e+04	1.491377364785666515e+00
3.781523589060000086e+04	1.500055404913020141e+00
3.781543189059999713e+04	1.492567738695441903e+00
3.781562689059999684e+04	1.481971876518608511e+00
3.781582189059999655e+04	1.535784471637480664e+00
3.781601789060000010e+04	1.532781170901401424e+00
3.781621289059999981e+04	1.472368555185678218e+00
3.781640789059999952e+04	1.519623668454849863e+00
3.781660389060000307e+04	1.479596462323300443e+00
3.781679889060000278e+04	1.511529978782988337e+00
3.781699389060000249e+04	1.454180324623738585e+00
3.781718989059999876e+04	1.501244223968985381e+00
3.781738489059999847e+04	1.490059868790298836e+00
3.781757989059999818e+04	1.464092168406537553e+00
3.781777589060000173e+04	1.528465397664632519e+00
3.781797089060000144e+04	1.491424836555212963e+00
3.781816589060000115e+04	1.470760916334604929e+00
3.781836089060000086e+04	1.428766649616047602e+00
3.781855689059999713e+04	1.450629073959213144e+00
3.781875189059999684e+04	1.484792006809122711e+00
3.781894689059999655e+04	1.507158368846681640e+00
3.781914289060000010e+04	1.495739920401915057e+00
3.781933789059999981e+04	1.509664576982858719e+00
3.781953289059999952e+04	1.462567066674706595e+00
3.781972889060000307e+04	1.465548153032809608e+00
3.781992389060000278e+04	1.516913144763012866e+00
3.782011889060000249e+04	1.487632434031219475e+00
3.782031489059999876e+04	1.487560242906894814e+00
3.782050989059999847e+04	1.477470993102137697e+00
3.782070489059999818e+04	1.488673164473116373e+00
3.782090089060000173e+04	1.521428012924641138e+00
3.782109589060000144e+04	1.482121662602256862e+00
3.782129089060000115e+04	1.504593994420687864e+00
3.782148589060000086e+04	1.487679820903666794e+00
3.782168189059999713e+04	1.523568866640228947e+00
3.782187689059999684e+04	1.473472573225372173e+00
3.782207189059999655e+04	1.499510462908970609e+00
3.782226789060000010e+04	1.472875237535617998e+00
3.782246289059999981e+04	1.479616923510411297e+00
3.782265789059999952e+04	1.467677028325445221e+00
3.782285389060000307e+04	1.508012172626660430e+00
3.782304889060000278e+04	1.483329728903049372e+00
3.782324389060000249e+04	1.498612404612826410e+00
3.782343989059999876e+04	1.543951498159865210e+00
3.782363489059999847e+04	1.504927770329649306e+00
3.782382989059999818e+04	1.494997803437884798e+00
3.782402589060000173e+04	1.502320972115578357e+00
3.782422089060000144e+04	1.517782672767181040e+00
3.782441589060000115e+04	1.503937249250924424e+00
3.782461089060000086e+04	1.498791130973879504e+00
3.782480689059999713e+04	1.524061588022069813e+00
3.782500189059999684e+04	1.502800178810785425e+00
3.782519689059999655e+04	1.518034457290331929e+00
3.782539289060000010e+04	1.489159038662622336e+00
3.782558789059999981e+04	1.522977162061469159e+00
3.782578289059999952e+04	1.514354101135420905e+00
3.782597889060000307e+04	1.543272230630783781e+00
3.782617389060000278e+04	1.555022954533598067e+00
3.782636889060000249e+04	1.515042906648274013e+00
3.782656489059999876e+04	1.556357156715936441e+00
3.782675989059999847e+04	1.500013408479583532e+00
3.782695489059999818e+04	1.510577278807826218e+00
3.782715089060000173e+04	1.508948703659010349e+00
3.782734589060000144e+04	1.558843930762378704e+00
3.782754089060000115e+04	1.535401726005332534e+00
3.782773589060000086e+04	1.519969150801607327e+00
3.782793189059999713e+04	1.525041639961241202e+00
3.782812689059999684e+04	1.556422766693152937e+00
3.782832189059999655e+04	1.497884256233970035e+00
3.782851789060000010e+04	1.500757492623083778e+00
3.782871289059999981e+04	1.523499005071297319e+00
3.782890789059999952e+04	1.514597325496595204e+00
3.782910389060000307e+04	1.514630605712488531e+00
3.782929889060000278e+04	1.498758845620232094e+00
3.782949389060000249e+04	1.494868548126293106e+00
3.782968989059999876e+04	1.499610553368789567e+00
3.782988489059999847e+04	1.470244462611987046e+00
3.783007989059999818e+04	1.535011400224476574e+00
3.783027589060000173e+04	1.512868814850808263e+00
3.783047089060000144e+04	1.470755451765949573e+00
3.783066589060000115e+04	1.503465557685380816e+00
3.783086089060000086e+04	1.489266855080952467e+00
3.783105689059999713e+04	1.531103623547851456e+00
3.783125189059999684e+04	1.555992007493554041e+00
3.783144689059999655e+04	1.560955679424020914e+00
3.783164289060000010e+04	1.497988701738229622e+00
3.783183789059999981e+04	1.489889589217083810e+00
3.783203289059999952e+04	1.499121752612623482e+00
3.783222889060000307e+04	1.506456474774861221e+00
3.783242389060000278e+04	1.495003169784585140e+00
3.783261889060000249e+04	1.483452661170886699e+00
3.783281489059999876e+04	1.526233521689006167e+00
3.783300989059999847e+04	1.517368294561292075e+00
3.783320489059999818e+04	1.493870102928994470e+00
3.783340089060000173e+04	1.500552881111742565e+00
3.783359589060000144e+04	1.494492621108067354e+00
3.783379089060000115e+04	1.531301406785516406e+00
3.783398589060000086e+04	1.498981696902975003e+00
3.783418189059999713e+04	1.512682708226185113e+00
3.783437689059999684e+04	1.462247691539786842e+00
3.783457189059999655e+04	1.507434034478809082e+00
3.783476789060000010e+04	1.465068269976640636e+00
3.783496289059999981e+04	1.507712933375053410e+00
3.783515789059999952e+04	1.516647390089458369e+00
3.783535389060000307e+04	1.501487585814093251e+00
3.783554889060000278e+04	1.485868499993973302e+00
3.783574389060000249e+04	1.493684769158946324e+00
3.783593989059999876e+04	1.465767154287744845e+00
3.783613489059999847e+04	1.503999678298466591e+00
3.783632989059999818e+04	1.501651213077199287e+00
3.783652589060000173e+04	1.528888077236089771e+00
3.783672089060000144e+04	1.504194548333897430e+00
3.783691589060000115e+04	1.534244768682764715e+00
3.783711089060000086e+04	1.532665058238450229e+00
3.783730689059999713e+04	1.544845770509549965e+00
3.783750189059999684e+04	1.543161433438402952e+00
3.783769689059999655e+04	1.515838090574916919e+00
3.783789289060000010e+04	1.541713542386792923e+00
3.783808789059999981e+04	1.513439329131474054e+00
3.783828289059999952e+04	1.530517469472433945e+00
3.783847889060000307e+04	1.507408234312022088e+00
3.783867389060000278e+04	1.560017927386862624e+00
3.783886889060000249e+04	1.486548432924589491e+00
3.783906489059999876e+04	1.506056043479651052e+00
3.783925989059999847e+04	1.495705410314737804e+00
3.783945489059999818e+04	1.478781703579956641e+00
3.783965089060000173e+04	1.505124759677098467e+00
3.783984589060000144e+04	1.482186279539220664e+00
3.784004089060000115e+04	1.508932521818604044e+00
3.784023589060000086e+04	1.504925550721837979e+00
3.784043189059999713e+04	1.538111103871147023e+00
3.784062689059999684e+04	1.501454194241048867e+00
3.784082189059999655e+04	1.458247765140347596e+00
3.784101789060000010e+04	1.496710437771042734e+00
3.784121289059999981e+04	1.513608234167080013e+00
3.784140789059999952e+04	1.525749439743373514e+00
3.784160389060000307e+04	1.512746130721049909e+00
3.784179889060000278e+04	1.551207623438147110e+00
3.784199389060000249e+04	1.521906825010095332e+00
3.784218989059999876e+04	1.505605018246246374e+00
3.784238489059999847e+04	1.543248501610037238e+00
3.784257989059999818e+04	1.549731251892151107e+00
3.784277589060000173e+04	1.522985756348214537e+00
3.784297089060000144e+04	1.506197073765767058e+00
3.784316589060000115e+04	1.532147763248563166e+00
3.784336089060000086e+04	1.554829526665953310e+00
3.784355689059999713e+04	1.542377897492057670e+00
3.784375189059999684e+04	1.517384562950843119e+00
3.784394689059999655e+04	1.525624698531121481e+00
3.784414289060000010e+04	1.488981348709357277e+00
3.784433789059999981e+04	1.510014368584393196e+00
3.784453289059999952e+04	1.535968360930864307e+00
3.784472889060000307e+04	1.534129679395729084e+00
3.784492389060000278e+04	1.558927710553327017e+00
3.784511889060000249e+04	1.541636163860538034e+00
3.784531489059999876e+04	1.509667720784953815e+00
3.784550989059999847e+04	1.548020407588772684e+00
3.784570489059999818e+04	1.524697434474271418e+00
3.784590089060000173e+04	1.534393109247709219e+00
3.784609589060000144e+04	1.573657070005447522e+00
3.784629089060000115e+04	1.549541102789241620e+00
3.784648589060000086e+04	1.574296811054088252e+00
3.784668189059999713e+04	1.580445738872562345e+00
3.784687689059999684e+04	1.562850165737280861e+00
3.784707189059999655e+04	1.568380421245009870e+00
3.784726789060000010e+04	1.594081398615916356e+00
3.784746289059999981e+04	1.582368769419794319e+00
3.784765789059999952e+04	1.551893211156157193e+00
3.784785389060000307e+04	1.541772730321213203e+00
3.784804889060000278e+04	1.547247744635571465e+00
3.784824389060000249e+04	1.587445936163259574e+00
3.784843989059999876e+04	1.583093067571589074e+00
3.784863489059999847e+04	1.572028684071874238e+00
3.784882989059999818e+04	1.594896533136122230e+00
3.784902589060000173e+04	1.536424244916521076e+00
3.784922089060000144e+04	1.582562980888294391e+00
3.784941589060000115e+04	1.532594115609020591e+00
3.784961089060000086e+04	1.560224228716549533e+00
3.784980689059999713e+04	1.558793459750649646e+00
3.785000189059999684e+04	1.542167189570282204e+00
3.785019689059999655e+04	1.551243158572656711e+00
3.785039289060000010e+04	1.574074683314092837e+00
3.785058789059999981e+04	1.554959555405917015e+00
3.785078289059999952e+04	1.527149914066042058e+00
3.785097889060000307e+04	1.518591811982625828e+00
3.785117389060000278e+04	1.542525170295265369e+00
3.785136889060000249e+04	1.591714231449383732e+00
3.785156489059999876e+04	1.525964547456579723e+00
3.785175989059999847e+04	1.560621602701422361e+00
3.785195489059999818e+04	1.513196092624989220e+00
3.785215089060000173e+04	1.534346926110154996e+00
3.785234589060000144e+04	1.600054484153874412e+00
3.785254089060000115e+04	1.527248961364353619e+00
3.785273589060000086e+04	1.536809190208233034e+00
3.785293189059999713e+04	1.514928738849496526e+00
3.785312689059999684e+04	1.572230451918297689e+00
3.785332189059999655e+04	1.543313040796348901e+00
3.785351789060000010e+04	1.533907165661418048e+00
3.785371289059999981e+04	1.566861148685926963e+00
3.785390789059999952e+04	1.521824944316108486e+00
3.785410389060000307e+04	1.534661893280768297e+00
3.785429889060000278e+04	1.562964005259727784e+00
3.785449389060000249e+04	1.545346625486114789e+00
3.785468989059999876e+04	1.525332062252084953e+00
3.785488489059999847e+04	1.576009953676907216e+00
3.785507989059999818e+04	1.533431742064532699e+00
3.785527589060000173e+04	1.544173915396431340e+00
3.785547089060000144e+04	1.570219703151467527e+00
3.785566589060000115e+04	1.579756756847856991e+00
3.785586089060000086e+04	1.563459117635551010e+00
3.785605689059999713e+04	1.536220963883199175e+00
3.785625189059999684e+04	1.524230508095191894e+00
3.785644689059999655e+04	1.548395559843990910e+00
3.785664289060000010e+04	1.569797685602853932e+00
3.785683789059999981e+04	1.539085205487502606e+00
3.785703289059999952e+04	1.515966119848911831e+00
3.785722889060000307e+04	1.541515755711097668e+00
3.785742389060000278e+04	1.548113919288308438e+00
3.785761889060000249e+04	1.528926787832185497e+00
3.785781489059999876e+04	1.537545537259909167e+00
3.785800989059999847e+04	1.535218940567688151e+00
3.785820489059999818e+04	1.526927333284772814e+00
3.785840089060000173e+04	1.536023130287535565e+00
3.785859589060000144e+04	1.535092033609434026e+00
3.785879089060000115e+04	1.537801540056278782e+00
3.785898589060000086e+04	1.530073294301104170e+00
3.785918189059999713e+04	1.534954411740720559e+00
3.785937689059999684e+04	1.587430914970378026e+00
3.785957189059999655e+04	1.514034420387131874e+00
3.785976789060000010e+04	1.509474006301482873e+00
3.785996289059999981e+04	1.569362933068754629e+00
3.786015789059999952e+04	1.523010615073658869e+00
3.786035389060000307e+04	1.510399752748236679e+00
3.786054889060000278e+04	1.507916279627909972e+00
3.786074389060000249e+04	1.509116624262263784e+00
3.786093989059999876e+04	1.513162625448771337e+00
3.786113489059999847e+04	1.551771748792312167e+00
3.786132989059999818e+04	1.571997515024436964e+00
3.786152589060000173e+04	1.511918481263133884e+00
3.786172089060000144e+04	1.539214214545673087e+00
3.786191589060000115e+04	1.541347053976039660e+00
3.786211089060000086e+04	1.521578653577792650e+00
3.786230689059999713e+04	1.509113387918510796e+00
3.786250189059999684e+04	1.493909889816059433e+00
3.786269689059999655e+04	1.563949883740633595e+00
3.786289289060000010e+04	1.535123252416198625e+00
3.786308789059999981e+04	1.505346532537441107e+00
3.786328289059999952e+04	1.480566450910101750e+00
3.786347889060000307e+04	1.512632136520714710e+00
3.786367389060000278e+04	1.525342873320232329e+00
3.786386889060000249e+04	1.559104957326692187e+00
3.786406489059999876e+04	1.513797661503840430e+00
3.786425989059999847e+04	1.529841041247465228e+00
3.786445489059999818e+04	1.478728835860977142e+00
3.786465089060000173e+04	1.567525796599863241e+00
3.786484589060000144e+04	1.521590390569171447e+00
3.786504089060000115e+04	1.516085551574084533e+00
3.786523589060000086e+04	1.534258716061522421e+00
3.786543189059999713e+04	1.526846579081338362e+00
3.786562689059999684e+04	1.546282664378608729e+00
3.786582189059999655e+04	1.545929173125221823e+00
3.786601789060000010e+04	1.549847278999514799e+00
3.786621289059999981e+04	1.529034419579271997e+00
3.786640789059999952e+04	1.522731992517931232e+00
3.786660389060000307e+04	1.565722827874223455e+00
3.786679889060000278e+04	1.551052929593341290e+00
3.786699389060000249e+04	1.553665972238766457e+00
3.786718989059999876e+04	1.528455789121354158e+00
3.786738489059999847e+04	1.542710021729220671e+00
3.786757989059999818e+04	1.541938289527653438e+00
3.786777589060000173e+04	1.525228848638139567e+00
3.786797089060000144e+04	1.576583155008666637e+00
3.786816589060000115e+04	1.532260645390612908e+00
3.786836089060000086e+04	1.542039304992863791e+00
3.786855689059999713e+04	1.542109203004663698e+00
3.786875189059999684e+04	1.507033620055388212e+00
3.786894689059999655e+04	1.509288889565148395e+00
3.786914289060000010e+04	1.544299756995881623e+00
3.786933789059999981e+04	1.517542624550570096e+00
3.786953289059999952e+04	1.533164052209443184e+00
3.786972889060000307e+04	1.583691808476057616e+00
3.786992389060000278e+04	1.488277794203504811e+00
3.787011889060000249e+04	1.557937373417953353e+00
3.787031489059999876e+04	1.541784457085892512e+00
3.787050989059999847e+04	1.540043013651132497e+00
3.787070489059999818e+04	1.542775578077034027e+00
3.787090089060000173e+04	1.536968227638006113e+00
3.787109589060000144e+04	1.552108076147009186e+00
3.787129089060000115e+04	1.551994183183014187e+00
3.787148589060000086e+04	1.530509894176910635e+00
3.787168189059999713e+04	1.555165809573114899e+00
3.787187689059999684e+04	1.489319698825099181e+00
3.787207189059999655e+04	1.547873262056643995e+00
3.787226789060000010e+04	1.562784666244267484e+00
3.787246289059999981e+04	1.536973676636286257e+00
3.787265789059999952e+04	1.550575827325996414e+00
3.787285389060000307e+04	1.535711321899393411e+00
3.787304889060000278e+04	1.571924387478901508e+00
3.787324389060000249e+04	1.520300394958509216e+00
3.787343989059999876e+04	1.546800659176991388e+00
3.787363489059999847e+04	1.576649721782301228e+00
3.787382989059999818e+04	1.571418851257597282e+00
3.787402589060000173e+04	1.538903464950598377e+00
3.787422089060000144e+04	1.550868052478371339e+00
3.787441589060000115e+04	1.569089018172554972e+00
3.787461089060000086e+04	1.546881343831907785e+00
3.787480689059999713e+04	1.562613997679648037e+00
3.787500189059999684e+04	1.569122312378691930e+00
3.787519689059999655e+04	1.568015369601837961e+00
3.787539289060000010e+04	1.521628096768969485e+00
3.787558789059999981e+04	1.597359818499858974e+00
3.787578289059999952e+04	1.584255141656123911e+00
3.787597889060000307e+04	1.556485054474007867e+00
3.787617389060000278e+04	1.560790256231692652e+00
3.787636889060000249e+04	1.584765834811499019e+00
3.787656489059999876e+04	1.543417281820278930e+00
3.787675989059999847e+04	1.575733074914536402e+00
3.787695489059999818e+04	1.573616313345445050e+00
3.787715089060000173e+04	1.613867174400770210e+00
3.787734589060000144e+04	1.571177329775872877e+00
3.787754089060000115e+04	1.577789624967632420e+00
3.787773589060000086e+04	1.577901178307774543e+00
3.787793189059999713e+04	1.578925046861787251e+00
3.787812689059999684e+04	1.561109199944850090e+00
3.787832189059999655e+04	1.554333214366479865e+00
3.787851789060000010e+04	1.584293667539773409e+00
3.787871289059999981e+04	1.546052789510358849e+00
3.787890789059999952e+04	1.597769450068653896e+00
3.787910389060000307e+04	1.575941264449923551e+00
3.787929889060000278e+04	1.609996278984437978e+00
3.787949389060000249e+04	1.557197245651462225e+00
3.787968989059999876e+04	1.580518747270104996e+00
3.787988489059999847e+04	1.579843687342414427e+00
3.788007989059999818e+04	1.562989835867522714e+00
3.788027589060000173e+04	1.574696156137038727e+00
3.788047089060000144e+04	1.561013618778780199e+00
3.788066589060000115e+04	1.548649134953938855e+00
3.788086089060000086e+04	1.554519078940291621e+00
3.788105689059999713e+04	1.544291170613554698e+00
3.788125189059999684e+04	1.541411506125013986e+00
3.788144689059999655e+04	1.559933136637690509e+00
3.788164289060000010e+04	1.572056533303546999e+00
3.788183789059999981e+04	1.544163297768703202e+00
3.788203289059999952e+04	1.580339544427832976e+00
3.788222889060000307e+04	1.585566183750552582e+00
3.788242389060000278e+04	1.519204054828195538e+00
3.788261889060000249e+04	1.572863777572727884e+00
3.788281489059999876e+04	1.540497801668731626e+00
3.788300989059999847e+04	1.528138427784487163e+00
3.788320489059999818e+04	1.558854726193006357e+00
3.788340089060000173e+04	1.553884050863018729e+00
3.788359589060000144e+04	1.625572380208389234e+00
3.788379089060000115e+04	1.559365980945070618e+00
3.788398589060000086e+04	1.568471729370138235e+00
3.788418189059999713e+04	1.581676618541536072e+00
3.788437689059999684e+04	1.551431170830682049e+00
3.788457189059999655e+04	1.549883831571545301e+00
3.788476789060000010e+04	1.566508986384427260e+00
3.788496289059999981e+04	1.523730305200976076e+00
3.788515789059999952e+04	1.541473834321926972e+00
3.788535389060000307e+04	1.565743305414928344e+00
3.788554889060000278e+04	1.547238143882267991e+00
3.788574389060000249e+04	1.570786500435479738e+00
3.788593989059999876e+04	1.501934528781504241e+00
3.788613489059999847e+04	1.558403528258427428e+00
3.788632989059999818e+04	1.549752758949608733e+00
3.788652589060000173e+04	1.555781423491787052e+00
3.788672089060000144e+04	1.483621784545647415e+00
3.788691589060000115e+04	1.515756280885272034e+00
3.788711089060000086e+04	1.558685043585235519e+00
3.788730689059999713e+04	1.516524725948386276e+00
3.788750189059999684e+04	1.488510556307636179e+00
3.788769689059999655e+04	1.537170393851086558e+00
3.788789289060000010e+04	1.527289799772669099e+00
3.788808789059999981e+04	1.548057055358093237e+00
3.788828289059999952e+04	1.560681757165145456e+00
3.788847889060000307e+04	1.533279053923726210e+00
3.788867389060000278e+04	1.511701024227427581e+00
3.788886889060000249e+04	1.501748149430568446e+00
3.788906489059999876e+04	1.585147856506743835e+00
3.788925989059999847e+04	1.506033386075070979e+00
3.788945489059999818e+04	1.560768759433264208e+00
3.788965089060000173e+04	1.552573240940935406e+00
3.788984589060000144e+04	1.507543800459110628e+00
3.789004089060000115e+04	1.543401216360912542e+00
3.789023589060000086e+04	1.557774143185884697e+00
3.789043189059999713e+04	1.522096092143833346e+00
3.789062689059999684e+04	1.542816389118115694e+00
3.789082189059999655e+04	1.565571459544548460e+00
3.789101789060000010e+04	1.557599008507215999e+00
3.789121289059999981e+04	1.528798830126106623e+00
3.789140789059999952e+04	1.505353006275498728e+00
3.789160389060000307e+04	1.547464868300670204e+00
3.789179889060000278e+04	1.577117712134112892e+00
3.789199389060000249e+04	1.568696124472532816e+00
3.789218989059999876e+04	1.525758033002166059e+00
3.789238489059999847e+04	1.503916716994137204e+00
3.789257989059999818e+04	1.501609219531252037e+00
3.789277589060000173e+04	1.544934863477516629e+00
3.789297089060000144e+04	1.493079440069042363e+00
3.789316589060000115e+04	1.548502916518362582e+00
3.789336089060000086e+04	1.577584586679678935e+00
3.789355689059999713e+04	1.548811414181511026e+00
3.789375189059999684e+04	1.528283573785365945e+00
3.789394689059999655e+04	1.499369391980904354e+00
3.789414289060000010e+04	1.508197299551198967e+00
3.789433789059999981e+04	1.507692404459204383e+00
3.789453289059999952e+04	1.566591631555064978e+00
3.789472889060000307e+04	1.516725868916941167e+00
3.789492389060000278e+04	1.531994050511084282e+00
3.789511889060000249e+04	1.535617852453402321e+00
3.789531489059999876e+04	1.567607423564801650e+00
3.789550989059999847e+04	1.589205191221640945e+00
3.789570489059999818e+04	1.513454398432029890e+00
3.789590089060000173e+04	1.553362984432652638e+00
3.789609589060000144e+04	1.529837715411176191e+00
3.789629089060000115e+04	1.534085620183439858e+00
3.789648589060000086e+04	1.594308769503467005e+00
3.789668189059999713e+04	1.612148278427431691e+00
3.789687689059999684e+04	1.557058647843007293e+00
3.789707189059999655e+04	1.569017172616970157e+00
3.789726789060000010e+04	1.577403148403664801e+00
3.789746289059999981e+04	1.569178202267869082e+00
3.789765789059999952e+04	1.531983242545853940e+00
3.789785389060000307e+04	1.562404488762620502e+00
3.789804889060000278e+04	1.577238949223362496e+00
3.789824389060000249e+04	1.574065001483589299e+00
3.789843989059999876e+04	1.538401454714602323e+00
3.789863489059999847e+04	1.545074641805666005e+00
3.789882989059999818e+04	1.559761247581853638e+00
3.789902589060000173e+04	1.521968096717188246e+00
3.789922089060000144e+04	1.583143577717846640e+00
3.789941589060000115e+04	1.541656570394360770e+00
3.789961089060000086e+04	1.509591344766498366e+00
3.789980689059999713e+04	1.514534832517707486e+00
