# time(sec)	crack length FEA(mm)
3.793945489059999818e+04	1.553233039010034844e+00
3.793965089060000173e+04	1.577402042068341004e+00
3.793984589060000144e+04	1.560759072028298888e+00
3.794004089060000115e+04	1.548670643017093340e+00
3.794023589060000086e+04	1.568659601620318256e+00
3.794043189059999713e+04	1.543633333466500446e+00
3.794062689059999684e+04	1.568743345852478654e+00
3.794082189059999655e+04	1.556117600282274083e+00
3.794101789060000010e+04	1.531732625664457004e+00
3.794121289059999981e+04	1.525313766586799957e+00
3.794140789059999952e+04	1.558836456999767250e+00
3.794160389060000307e+04	1.545944128988852029e+00
3.794179889060000278e+04	1.558516374702241691e+00
3.794199389060000249e+04	1.569534658530042037e+00
3.794218989059999876e+04	1.577413935170275394e+00
3.794238489059999847e+04	1.540695597040478759e+00
3.794257989059999818e+04	1.584647770857214866e+00
3.794277589060000173e+04	1.568682105606793442e+00
3.794297089060000144e+04	1.568298889240582028e+00
3.794316589060000115e+04	1.535131842198843799e+00
3.794336089060000086e+04	1.561711831944458950e+00
3.794355689059999713e+04	1.589705086028033065e+00
3.794375189059999684e+04	1.556293853523555981e+00
3.794394689059999655e+04	1.547273500482935660e+00
3.794414289060000010e+04	1.568523286020857554e+00
3.794433789059999981e+04	1.585998603946892516e+00
3.794453289059999952e+04	1.601333683891459359e+00
3.794472889060000307e+04	1.599936590479586584e+00
3.794492389060000278e+04	1.567106958113768655e+00
3.794511889060000249e+04	1.579269552846568558e+00
3.794531489059999876e+04	1.579388750536562469e+00
3.794550989059999847e+04	1.580517641083986291e+00
3.794570489059999818e+04	1.584442885606961227e+00
3.794590089060000173e+04	1.566809588327977565e+00
3.794609589060000144e+04	1.581332148455285136e+00
3.794629089060000115e+04	1.599910893262805445e+00
3.794648589060000086e+04	1.565577916470981990e+00
3.794668189059999713e+04	1.532091876223431015e+00
3.794687689059999684e+04	1.580703295246115303e+00
3.794707189059999655e+04	1.543492530806240381e+00
3.794726789060000010e+04	1.530112002917023872e+00
3.794746289059999981e+04	1.551476304621054680e+00
3.794765789059999952e+04	1.562211214872753828e+00
3.794785389060000307e+04	1.505998983769490707e+00
3.794804889060000278e+04	1.556002619695318501e+00
3.794824389060000249e+04	1.586197024229381469e+00
3.794843989059999876e+04	1.594994093080535080e+00
3.794863489059999847e+04	1.560417519213785909e+00
3.794882989059999818e+04	1.517984914002585839e+00
3.794902589060000173e+04	1.584011542296163810e+00
3.794922089060000144e+04	1.595265397839934707e+00
3.794941589060000115e+04	1.592642037335798122e+00
3.794961089060000086e+04	1.531044408340685337e+00
3.794980689059999713e+04	1.584897722871005499e+00
3.795000189059999684e+04	1.609150650997355214e+00
3.795019689059999655e+04	1.595653602227102397e+00
3.795039289060000010e+04	1.610335994506296942e+00
3.795058789059999981e+04	1.589565761595823190e+00
3.795078289059999952e+04	1.606822597095778349e+00
3.795097889060000307e+04	1.588013416770046149e+00
3.795117389060000278e+04	1.537171502112354204e+00
3.795136889060000249e+04	1.574265737272886767e+00
3.795156489059999876e+04	1.571694767326249575e+00
3.795175989059999847e+04	1.578485026795648949e+00
3.795195489059999818e+04	1.550227662914345217e+00
3.795215089060000173e+04	1.552953580046242621e+00
3.795234589060000144e+04	1.580360930848323520e+00
3.795254089060000115e+04	1.555174391921433141e+00
3.795273589060000086e+04	1.551135722310750253e+00
3.795293189059999713e+04	1.516163107914481500e+00
3.795312689059999684e+04	1.520401597237739821e+00
3.795332189059999655e+04	1.558488416885616346e+00
3.795351789060000010e+04	1.525275142357108038e+00
3.795371289059999981e+04	1.548991969254325696e+00
3.795390789059999952e+04	1.605887810651660530e+00
3.795410389060000307e+04	1.588996107584328854e+00
3.795429889060000278e+04	1.516780776207212966e+00
3.795449389060000249e+04	1.540865411606809232e+00
3.795468989059999876e+04	1.574817498138411764e+00
3.795488489059999847e+04	1.566302741120832565e+00
3.795507989059999818e+04	1.543963316148978748e+00
3.795527589060000173e+04	1.551032623641940944e+00
3.795547089060000144e+04	1.555402145979973838e+00
3.795566589060000115e+04	1.551996305990551051e+00
3.795586089060000086e+04	1.561794494263963884e+00
3.795605689059999713e+04	1.573879386177225115e+00
3.795625189059999684e+04	1.540307484358837797e+00
3.795644689059999655e+04	1.566153498096593211e+00
3.795664289060000010e+04	1.590298311202161585e+00
3.795683789059999981e+04	1.573555086010689053e+00
3.795703289059999952e+04	1.556552694200146192e+00
3.795722889060000307e+04	1.536276933305265047e+00
3.795742389060000278e+04	1.576291254675892262e+00
3.795761889060000249e+04	1.556932967887284747e+00
3.795781489059999876e+04	1.561379888091977364e+00
3.795800989059999847e+04	1.576422176948968357e+00
3.795820489059999818e+04	1.562192948330874742e+00
3.795840089060000173e+04	1.584901040799895355e+00
3.795859589060000144e+04	1.554779046894312344e+00
3.795879089060000115e+04	1.569065500075607744e+00
3.795898589060000086e+04	1.587755941912789126e+00
3.795918189059999713e+04	1.562675069494527946e+00
3.795937689059999684e+04	1.572913203538977456e+00
3.795957189059999655e+04	1.567750200885027922e+00
3.795976789060000010e+04	1.584181039058062623e+00
3.795996289059999981e+04	1.569345686671043794e+00
3.796015789059999952e+04	1.549634516038924659e+00
3.796035389060000307e+04	1.531806896486262559e+00
3.796054889060000278e+04	1.523173074042940556e+00
3.796074389060000249e+04	1.556156357654705502e+00
3.796093989059999876e+04	1.564281790701706143e+00
3.796113489059999847e+04	1.568138868011178744e+00
3.796132989059999818e+04	1.549475473294425143e+00
3.796152589060000173e+04	1.521836866015277678e+00
3.796172089060000144e+04	1.576258984987578771e+00
3.796191589060000115e+04	1.547959204761507834e+00
3.796211089060000086e+04	1.507905552903302748e+00
3.796230689059999713e+04	1.550813318231337945e+00
3.796250189059999684e+04	1.524218680033877504e+00
3.796269689059999655e+04	1.537672523127714186e+00
3.796289289060000010e+04	1.558861184995240734e+00
3.796308789059999981e+04	1.512778489069980026e+00
3.796328289059999952e+04	1.557400250263361485e+00
3.796347889060000307e+04	1.566998580920833106e+00
3.796367389060000278e+04	1.537816501171134220e+00
3.796386889060000249e+04	1.512637406337951518e+00
3.796406489059999876e+04	1.542704666413731829e+00
3.796425989059999847e+04	1.511733291577954219e+00
3.796445489059999818e+04	1.535476908682266384e+00
3.796465089060000173e+04	1.497920890848760678e+00
3.796484589060000144e+04	1.526699206554468446e+00
3.796504089060000115e+04	1.501270030990276894e+00
3.796523589060000086e+04	1.535547934844521123e+00
3.796543189059999713e+04	1.535840349753980760e+00
3.796562689059999684e+04	1.544341673268174731e+00
3.796582189059999655e+04	1.551681482276094926e+00
3.796601789060000010e+04	1.534844683114521047e+00
3.796621289059999981e+04	1.504211750830794614e+00
3.796640789059999952e+04	1.537997142017253793e+00
3.796660389060000307e+04	1.515559381804864714e+00
3.796679889060000278e+04	1.548856553081778387e+00
3.796699389060000249e+04	1.553359846554627666e+00
3.796718989059999876e+04	1.536777973673933317e+00
3.796738489059999847e+04	1.498178256639011607e+00
3.796757989059999818e+04	1.517906347004592149e+00
3.796777589060000173e+04	1.538132621727129390e+00
3.796797089060000144e+04	1.504273161790955271e+00
3.796816589060000115e+04	1.555076571418638309e+00
3.796836089060000086e+04	1.545477723063687137e+00
3.796855689059999713e+04	1.543564548011595150e+00
3.796875189059999684e+04	1.535758703006102621e+00
3.796894689059999655e+04	1.544380358042435120e+00
3.796914289060000010e+04	1.535555416131115791e+00
3.796933789059999981e+04	1.602393996357339034e+00
3.796953289059999952e+04	1.530365778326919113e+00
3.796972889060000307e+04	1.507579402624244835e+00
3.796992389060000278e+04	1.502568762337055830e+00
3.797011889060000249e+04	1.533903840408832764e+00
3.797031489059999876e+04	1.546554541547012107e+00
3.797050989059999847e+04	1.546446068017218067e+00
3.797070489059999818e+04	1.542517598926346878e+00
3.797090089060000173e+04	1.522659818102445328e+00
3.797109589060000144e+04	1.534599639112173008e+00
3.797129089060000115e+04	1.501512282597595060e+00
3.797148589060000086e+04	1.489319698825099181e+00
3.797168189059999713e+04	1.518221630136466160e+00
3.797187689059999684e+04	1.543477481028617149e+00
3.797207189059999655e+04	1.484285676772586271e+00
3.797226789060000010e+04	1.532429598076280541e+00
3.797246289059999981e+04	1.511099308504732619e+00
3.797265789059999952e+04	1.506022750959168377e+00
3.797285389060000307e+04	1.535032920960638592e+00
3.797304889060000278e+04	1.534795268117301603e+00
3.797324389060000249e+04	1.505946177980773015e+00
3.797343989059999876e+04	1.469358054572950323e+00
3.797363489059999847e+04	1.518406768013328190e+00
3.797382989059999818e+04	1.513624320296788284e+00
3.797402589060000173e+04	1.510567662847737580e+00
3.797422089060000144e+04	1.515357026970345800e+00
3.797441589060000115e+04	1.528103965869682668e+00
3.797461089060000086e+04	1.525439618295331812e+00
3.797480689059999713e+04	1.530075511502808183e+00
3.797500189059999684e+04	1.501231366696767822e+00
3.797519689059999655e+04	1.540774086799068243e+00
3.797539289060000010e+04	1.527769507090310341e+00
3.797558789059999981e+04	1.542003848060758742e+00
3.797578289059999952e+04	1.513550176088882537e+00
3.797597889060000307e+04	1.504859979712023232e+00
3.797617389060000278e+04	1.536400601235143881e+00
3.797636889060000249e+04	1.490770865061454842e+00
3.797656489059999876e+04	1.542269312054065367e+00
3.797675989059999847e+04	1.512946289498204422e+00
3.797695489059999818e+04	1.519113661294968054e+00
3.797715089060000173e+04	1.484004367254236456e+00
3.797734589060000144e+04	1.542379928847442017e+00
3.797754089060000115e+04	1.529159050050591162e+00
3.797773589060000086e+04	1.541602830072029917e+00
3.797793189059999713e+04	1.545085443662468805e+00
3.797812689059999684e+04	1.526186121097602211e+00
3.797832189059999655e+04	1.540757927164637664e+00
3.797851789060000010e+04	1.538038053833219010e+00
3.797871289059999981e+04	1.530363653535244950e+00
3.797890789059999952e+04	1.536236110736844296e+00
3.797910389060000307e+04	1.505587724301232555e+00
3.797929889060000278e+04	1.471956607165378017e+00
3.797949389060000249e+04	1.536469407975184609e+00
3.797968989059999876e+04	1.550544721651839097e+00
3.797988489059999847e+04	1.561828813800879345e+00
3.798007989059999818e+04	1.551200147208092517e+00
3.798027589060000173e+04	1.542148907197438135e+00
3.798047089060000144e+04	1.558506686353773318e+00
3.798066589060000115e+04	1.548980061524504848e+00
3.798086089060000086e+04	1.545790507806003689e+00
3.798105689059999713e+04	1.539896833189263958e+00
3.798125189059999684e+04	1.544528633690587682e+00
3.798144689059999655e+04	1.543056083282836610e+00
3.798164289060000010e+04	1.552039315875193282e+00
3.798183789059999981e+04	1.541801724043544652e+00
3.798203289059999952e+04	1.541846876615259987e+00
3.798222889060000307e+04	1.558444404016716689e+00
3.798242389060000278e+04	1.502678551335518975e+00
3.798261889060000249e+04	1.551489226344420658e+00
3.798281489059999876e+04	1.557593656636303336e+00
3.798300989059999847e+04	1.504514272226973759e+00
3.798320489059999818e+04	1.564008922570135240e+00
3.798340089060000173e+04	1.563171295073901845e+00
3.798359589060000144e+04	1.540569735848647426e+00
3.798379089060000115e+04	1.521730309835430006e+00
3.798398589060000086e+04	1.522191834109205999e+00
3.798418189059999713e+04	1.482183132013503268e+00
3.798437689059999684e+04	1.559382127590353662e+00
3.798457189059999655e+04	1.518274407984417707e+00
3.798476789060000010e+04	1.507057201234882626e+00
3.798496289059999981e+04	1.521760437651469289e+00
3.798515789059999952e+04	1.497716346843079194e+00
3.798535389060000307e+04	1.526298015905236838e+00
3.798554889060000278e+04	1.499698895329160564e+00
3.798574389060000249e+04	1.562443143346747831e+00
3.798593989059999876e+04	1.510601041307488401e+00
3.798613489059999847e+04	1.480516920165015904e+00
3.798632989059999818e+04	1.519406283665114543e+00
3.798652589060000173e+04	1.511265086997287455e+00
3.798672089060000144e+04	1.556929738217164072e+00
3.798691589060000115e+04	1.527005869711553387e+00
3.798711089060000086e+04	1.531857426374447328e+00
3.798730689059999713e+04	1.526400300776945329e+00
3.798750189059999684e+04	1.504073945524424971e+00
3.798769689059999655e+04	1.516973412877449690e+00
3.798789289060000010e+04	1.565195571075870262e+00
3.798808789059999981e+04	1.507672985197768156e+00
3.798828289059999952e+04	1.504361393518491852e+00
3.798847889060000307e+04	1.539091577462151861e+00
3.798867389060000278e+04	1.542673457826417405e+00
3.798886889060000249e+04	1.544244914886238718e+00
3.798906489059999876e+04	1.521889543217273655e+00
3.798925989059999847e+04	1.509682885000827923e+00
3.798945489059999818e+04	1.499191780150548325e+00
3.798965089060000173e+04	1.547552935737241953e+00
3.798984589060000144e+04	1.528430936236127025e+00
3.799004089060000115e+04	1.565336333951943715e+00
3.799023589060000086e+04	1.588590559176806138e+00
3.799043189059999713e+04	1.521329033164999345e+00
3.799062689059999684e+04	1.524726449577052279e+00
3.799082189059999655e+04	1.545204725369952570e+00
3.799101789060000010e+04	1.520863147966498019e+00
3.799121289059999981e+04	1.555216288500824717e+00
3.799140789059999952e+04	1.552578686267073849e+00
3.799160389060000307e+04	1.542916477430127387e+00
3.799179889060000278e+04	1.549071446270849250e+00
3.799199389060000249e+04	1.587991945282885453e+00
3.799218989059999876e+04	1.555464528791192791e+00
3.799238489059999847e+04	1.549406705199327661e+00
3.799257989059999818e+04	1.576262211958436410e+00
3.799277589060000173e+04	1.533677999220000032e+00
3.799297089060000144e+04	1.575955278912815061e+00
3.799316589060000115e+04	1.558376677551706280e+00
3.799336089060000086e+04	1.558397161598829683e+00
3.799355689059999713e+04	1.601253189145579015e+00
3.799375189059999684e+04	1.575368231598673674e+00
3.799394689059999655e+04	1.576924561236673128e+00
3.799414289060000010e+04	1.560880487210560830e+00
3.799433789059999981e+04	1.555552473504102196e+00
3.799453289059999952e+04	1.554667381925863623e+00
3.799472889060000307e+04	1.575595694610061770e+00
3.799492389060000278e+04	1.582554408703202853e+00
3.799511889060000249e+04	1.595322329978802856e+00
3.799531489059999876e+04	1.529295782487363198e+00
3.799550989059999847e+04	1.573440284320767546e+00
3.799570489059999818e+04	1.561711831944458950e+00
3.799590089060000173e+04	1.526797147021616397e+00
3.799609589060000144e+04	1.582792585221106663e+00
3.799629089060000115e+04	1.559109201636729836e+00
3.799648589060000086e+04	1.528196449337585250e+00
3.799668189059999713e+04	1.559251108771835703e+00
3.799687689059999684e+04	1.568795916415892222e+00
3.799707189059999655e+04	1.580281561317487871e+00
3.799726789060000010e+04	1.507291902020831742e+00
3.799746289059999981e+04	1.521291418897154912e+00
3.799765789059999952e+04	1.562206971131987032e+00
3.799785389060000307e+04	1.503139344988543513e+00
3.799804889060000278e+04	1.563785588954447192e+00
3.799824389060000249e+04	1.562961883458520163e+00
3.799843989059999876e+04	1.513750327926828732e+00
3.799863489059999847e+04	1.523685117302733261e+00
3.799882989059999818e+04	1.530428228638648136e+00
3.799902589060000173e+04	1.532916681125286118e+00
3.799922089060000144e+04	1.543772011708529845e+00
3.799941589060000115e+04	1.518973726234504440e+00
3.799961089060000086e+04	1.555582649629709380e+00
3.799980689059999713e+04	1.540697720884507405e+00
3.800000189059999684e+04	1.524105666299908179e+00
3.800019689059999655e+04	1.516898170145864810e+00
3.800039289060000010e+04	1.572040395507825039e+00
3.800058789059999981e+04	1.540610643119570966e+00
3.800078289059999952e+04	1.513798770883392208e+00
3.800097889060000307e+04	1.539072276837901043e+00
3.800117389060000278e+04	1.583184317572850830e+00
3.800136889060000249e+04	1.573096797946927694e+00
3.800156489059999876e+04	1.567769477600361228e+00
3.800175989059999847e+04	1.571419957879424345e+00
3.800195489059999818e+04	1.577593160709291453e+00
3.800215089060000173e+04	1.573651721850540142e+00
3.800234589060000144e+04	1.562773964901014168e+00
3.800254089060000115e+04	1.547796919558141582e+00
3.800273589060000086e+04	1.542510027554950369e+00
3.800293189059999713e+04	1.529693687764845933e+00
3.800312689059999684e+04	1.574452548158820520e+00
3.800332189059999655e+04	1.568407260337396636e+00
3.800351789060000010e+04	1.546007552821667019e+00
3.800371289059999981e+04	1.563386055324587076e+00
3.800390789059999952e+04	1.540493461601947445e+00
3.800410389060000307e+04	1.564427817185606528e+00
3.800429889060000278e+04	1.545401464985658890e+00
3.800449389060000249e+04	1.571969573505352713e+00
3.800468989059999876e+04	1.559848253312996036e+00
3.800488489059999847e+04	1.549650669477655285e+00
3.800507989059999818e+04	1.557875089547851033e+00
3.800527589060000173e+04	1.572152068823397641e+00
3.800547089060000144e+04	1.605497568457527890e+00
3.800566589060000115e+04	1.604004310832952029e+00
3.800586089060000086e+04	1.544787606003483305e+00
3.800605689059999713e+04	1.554150486070644988e+00
3.800625189059999684e+04	1.571075334837352955e+00
3.800644689059999655e+04	1.563318435581082966e+00
3.800664289060000010e+04	1.541554445207761859e+00
3.800683789059999981e+04	1.570719916769569124e+00
3.800703289059999952e+04	1.604564938374771543e+00
3.800722889060000307e+04	1.555278579530357419e+00
3.800742389060000278e+04	1.601743152815664928e+00
3.800761889060000249e+04	1.593049541480414888e+00
3.800781489059999876e+04	1.553103000566011360e+00
3.800800989059999847e+04	1.559271499777567627e+00
3.800820489059999818e+04	1.647300245993248424e+00
3.800840089060000173e+04	1.599393995498028076e+00
3.800859589060000144e+04	1.553164282081365144e+00
3.800879089060000115e+04	1.561226369368142741e+00
3.800898589060000086e+04	1.548798490962768781e+00
3.800918189059999713e+04	1.582519013840757438e+00
3.800937689059999684e+04	1.598361362669152186e+00
3.800957189059999655e+04	1.594594085474925649e+00
3.800976789060000010e+04	1.566289827671026202e+00
3.800996289059999981e+04	1.559411191523455642e+00
3.801015789059999952e+04	1.546986676579402697e+00
3.801035389060000307e+04	1.606900862563310994e+00
3.801054889060000278e+04	1.555243142876346241e+00
3.801074389060000249e+04	1.583892460629696686e+00
3.801093989059999876e+04	1.578915367063631336e+00
3.801113489059999847e+04	1.573854582031795957e+00
3.801132989059999818e+04	1.591757167480210455e+00
3.801152589060000173e+04	1.563461331641370577e+00
3.801172089060000144e+04	1.588851249938958432e+00
3.801191589060000115e+04	1.525832230577250925e+00
3.801211089060000086e+04	1.530481994896440767e+00
3.801230689059999713e+04	1.573444618210187329e+00
3.801250189059999684e+04	1.528208367759646080e+00
3.801269689059999655e+04	1.559565829486700750e+00
3.801289289060000010e+04	1.531582143381346128e+00
3.801308789059999981e+04	1.527515610848819705e+00
3.801328289059999952e+04	1.571716253967405663e+00
3.801347889060000307e+04	1.548613688145298539e+00
3.801367389060000278e+04	1.569703154829031888e+00
3.801386889060000249e+04	1.574306492787467704e+00
3.801406489059999876e+04	1.552866640670957921e+00
3.801425989059999847e+04	1.553976431412408488e+00
3.801445489059999818e+04	1.555520359418940401e+00
3.801465089060000173e+04	1.571135462106930447e+00
3.801484589060000144e+04	1.582350518803927741e+00
3.801504089060000115e+04	1.560693658873324452e+00
3.801523589060000086e+04	1.571152614949632209e+00
3.801543189059999713e+04	1.619811579736566642e+00
3.801562689059999684e+04	1.556799720551161670e+00
3.801582189059999655e+04	1.540106453652857255e+00
3.801601789060000010e+04	1.558617317824865012e+00
3.801621289059999981e+04	1.557702170190768953e+00
3.801640789059999952e+04	1.562686970176837775e+00
3.801660389060000307e+04	1.560178004830827803e+00
3.801679889060000278e+04	1.554900493471258471e+00
3.801699389060000249e+04	1.563809204672143238e+00
3.801718989059999876e+04	1.563487069443461053e+00
3.801738489059999847e+04	1.530179812126501560e+00
3.801757989059999818e+04	1.528821372906834952e+00
3.801777589060000173e+04	1.545530438852118493e+00
3.801797089060000144e+04	1.568711157852007432e+00
3.801816589060000115e+04	1.543134565039361306e+00
3.801836089060000086e+04	1.552457319795731649e+00
3.801855689059999713e+04	1.547371353978643782e+00
3.801875189059999684e+04	1.573048478917201010e+00
3.801894689059999655e+04	1.534765249609574056e+00
3.801914289060000010e+04	1.549052061657839374e+00
3.801933789059999981e+04	1.563202476024457610e+00
3.801953289059999952e+04	1.529937859828065072e+00
3.801972889060000307e+04	1.534108157820321949e+00
3.801992389060000278e+04	1.518801625285997048e+00
3.802011889060000249e+04	1.547469207060634844e+00
3.802031489059999876e+04	1.562726731326799623e+00
3.802050989059999847e+04	1.547405787232975172e+00
3.802070489059999818e+04	1.618317132248991541e+00
3.802090089060000173e+04	1.545995735876177335e+00
3.802109589060000144e+04	1.551691173483360942e+00
3.802129089060000115e+04	1.581551072372418432e+00
3.802148589060000086e+04	1.541834965209185171e+00
3.802168189059999713e+04	1.567113506847022109e+00
3.802187689059999684e+04	1.557454046186887098e+00
3.802207189059999655e+04	1.562893155444520232e+00
3.802226789060000010e+04	1.572741410966367326e+00
3.802246289059999981e+04	1.556474257937344063e+00
3.802265789059999952e+04	1.540823489040093364e+00
3.802285389060000307e+04	1.544895164062641157e+00
3.802304889060000278e+04	1.534060865704544696e+00
3.802324389060000249e+04	1.544710237751461435e+00
3.802343989059999876e+04	1.576381332967338622e+00
3.802363489059999847e+04	1.528216960106632882e+00
3.802382989059999818e+04	1.563176737905575209e+00
3.802402589060000173e+04	1.549515257159493231e+00
3.802422089060000144e+04	1.569665711313188439e+00
3.802441589060000115e+04	1.561643100214968882e+00
3.802461089060000086e+04	1.558913778032035680e+00
3.802480689059999713e+04	1.559298349445480625e+00
3.802500189059999684e+04	1.560712941472795379e+00
3.802519689059999655e+04	1.552675409812710683e+00
3.802539289060000010e+04	1.563358195645216497e+00
3.802558789059999981e+04	1.554443773513362714e+00
3.802578289059999952e+04	1.541709294884899606e+00
3.802597889060000307e+04	1.510807690813209092e+00
3.802617389060000278e+04	1.547498101334971565e+00
3.802636889060000249e+04	1.524339178126030703e+00
3.802656489059999876e+04	1.537916611098367525e+00
3.802675989059999847e+04	1.517902095135930551e+00
3.802695489059999818e+04	1.589954983299801228e+00
3.802715089060000173e+04	1.552391698571543799e+00
3.802734589060000144e+04	1.558906304291994616e+00
3.802754089060000115e+04	1.547201587131310063e+00
3.802773589060000086e+04	1.565293348787106353e+00
3.802793189059999713e+04	1.590421782683046459e+00
3.802812689059999684e+04	1.516941152817272709e+00
3.802832189059999655e+04	1.566397193562947265e+00
3.802851789060000010e+04	1.518955425549879834e+00
3.802871289059999981e+04	1.598461118619731280e+00
3.802890789059999952e+04	1.592181916615203363e+00
3.802910389060000307e+04	1.550744554111860296e+00
3.802929889060000278e+04	1.548607318791116683e+00
3.802949389060000249e+04	1.570452657964295895e+00
3.802968989059999876e+04	1.545220881900712939e+00
3.802988489059999847e+04	1.579032354066786326e+00
3.803007989059999818e+04	1.548318203651263048e+00
3.803027589060000173e+04	1.632824424086479098e+00
3.803047089060000144e+04	1.578502174183329387e+00
3.803066589060000115e+04	1.527309110216696908e+00
3.803086089060000086e+04	1.559486296248104864e+00
3.803105689059999713e+04	1.531495031336742585e+00
3.803125189059999684e+04	1.563341037018037838e+00
3.803144689059999655e+04	1.583901032318147273e+00
3.803164289060000010e+04	1.560877258091625919e+00
3.803183789059999981e+04	1.602654531238918878e+00
3.803203289059999952e+04	1.555643924577097437e+00
3.803222889060000307e+04	1.536103852509651091e+00
3.803242389060000278e+04	1.575837169916717073e+00
3.803261889060000249e+04	1.561080230405348601e+00
3.803281489059999876e+04	1.566447740219150120e+00
3.803300989059999847e+04	1.534459797535847159e+00
3.803320489059999818e+04	1.551179656787414984e+00
3.803340089060000173e+04	1.531683204027958212e+00
3.803359589060000144e+04	1.554027005223254321e+00
3.803379089060000115e+04	1.547632510009140816e+00
3.803398589060000086e+04	1.541855463904209245e+00
3.803418189059999713e+04	1.542251029761862569e+00
3.803437689059999684e+04	1.563362439174703411e+00
3.803457189059999655e+04	1.567115536031597145e+00
3.803476789060000010e+04	1.540048461925936252e+00
3.803496289059999981e+04	1.564067961248884586e+00
3.803515789059999952e+04	1.538737976391688633e+00
3.803535389060000307e+04	1.541880117716074139e+00
3.803554889060000278e+04	1.496849304478843123e+00
3.803574389060000249e+04	1.559581883726741225e+00
3.803593989059999876e+04	1.529537741491038716e+00
3.803613489059999847e+04	1.538516522775697837e+00
3.803632989059999818e+04	1.569341352012912694e+00
3.803652589060000173e+04	1.550460819194652728e+00
3.803672089060000144e+04	1.563818890799380412e+00
3.803691589060000115e+04	1.569127753809485881e+00
3.803711089060000086e+04	1.599530221104041416e+00
3.803730689059999713e+04	1.555282824542562281e+00
3.803750189059999684e+04	1.580473670142815479e+00
3.803769689059999655e+04	1.570066058668476927e+00
3.803789289060000010e+04	1.529886124758997212e+00
3.803808789059999981e+04	1.541934965428071180e+00
3.803828289059999952e+04	1.563658930806933967e+00
3.803847889060000307e+04	1.572907855211909123e+00
3.803867389060000278e+04	1.565482353775545121e+00
3.803886889060000249e+04	1.562897491311840525e+00
3.803906489059999876e+04	1.546390215490847098e+00
3.803925989059999847e+04	1.553647698947118627e+00
