# time(sec)	crack length FEA(mm)
2.790624989060000007e+04	1.404766724857562821e+00
2.790644489059999978e+04	1.424295370956116358e+00
2.790664089059999969e+04	1.400652037279066064e+00
2.790683589059999940e+04	1.419952907499521189e+00
2.790703089059999911e+04	1.417591672103913680e+00
2.790722689059999902e+04	1.430648294471941639e+00
2.790742189059999873e+04	1.377824728436980450e+00
2.790761689059999844e+04	1.390814943697185058e+00
2.790781289059999835e+04	1.394876169254954945e+00
2.790800789059999806e+04	1.407228725368788957e+00
2.790820289060000141e+04	1.411446067022350093e+00
2.790839889060000132e+04	1.379041560254270493e+00
2.790859389060000103e+04	1.376761738776519195e+00
2.790878889060000074e+04	1.404899732275286084e+00
2.790898389060000045e+04	1.423431063645036687e+00
2.790917989060000036e+04	1.442265106768642724e+00
2.790937489060000007e+04	1.448249343886018892e+00
2.790956989059999978e+04	1.368998245359955845e+00
2.790976589059999969e+04	1.375406312692668109e+00
2.790996089059999940e+04	1.407962779984002211e+00
2.791015589059999911e+04	1.400416258650437840e+00
2.791035189059999902e+04	1.422429455384666142e+00
2.791054689059999873e+04	1.378213422238140140e+00
2.791074189059999844e+04	1.404218525671899087e+00
2.791093789059999835e+04	1.413616474142907364e+00
2.791113289059999806e+04	1.415537220486896786e+00
2.791132789060000141e+04	1.408078495495072247e+00
2.791152389060000132e+04	1.407488210369693959e+00
2.791171889060000103e+04	1.393120437042236759e+00
2.791191389060000074e+04	1.427004928641817827e+00
2.791210889060000045e+04	1.431864509619336090e+00
2.791230489060000036e+04	1.431452957459926623e+00
2.791249989060000007e+04	1.414817423352769055e+00
2.791269489059999978e+04	1.405156085216086481e+00
2.791289089059999969e+04	1.428438366819996475e+00
2.791308589059999940e+04	1.382243368333060829e+00
2.791328089059999911e+04	1.388504947237439779e+00
2.791347689059999902e+04	1.427577368014746995e+00
2.791367189059999873e+04	1.394662076234745030e+00
2.791386689059999844e+04	1.402134656835690052e+00
2.791406289059999835e+04	1.391023774559398518e+00
2.791425789059999806e+04	1.391759546927470836e+00
2.791445289060000141e+04	1.435691800698290166e+00
2.791464889060000132e+04	1.407084957920133661e+00
2.791484389060000103e+04	1.392475594664727367e+00
2.791503889060000074e+04	1.409651556588551458e+00
2.791523389060000045e+04	1.394026940646259760e+00
2.791542989060000036e+04	1.415239945941401345e+00
2.791562489060000007e+04	1.397612837394399676e+00
2.791581989059999978e+04	1.402258018430536879e+00
2.791601589059999969e+04	1.378534973134859953e+00
2.791621089059999940e+04	1.466841194037041163e+00
2.791640589059999911e+04	1.418429275708932735e+00
2.791660189059999902e+04	1.366794290441436743e+00
2.791679689059999873e+04	1.419722707544382345e+00
2.791699189059999844e+04	1.436892633638326089e+00
2.791718789059999835e+04	1.429003255321639188e+00
2.791738289059999806e+04	1.442719588152993282e+00
2.791757789060000141e+04	1.399969684801261494e+00
2.791777389060000132e+04	1.417705204754861725e+00
2.791796889060000103e+04	1.405271721762526127e+00
2.791816389060000074e+04	1.421882784840120095e+00
2.791835889060000045e+04	1.423360807685938312e+00
2.791855489060000036e+04	1.410205014110179178e+00
2.791874989060000007e+04	1.421453885446288368e+00
2.791894489059999978e+04	1.405695624652793185e+00
2.791914089059999969e+04	1.386859072525341574e+00
2.791933589059999940e+04	1.391782222883453102e+00
2.791953089059999911e+04	1.430874025979552044e+00
2.791972689059999902e+04	1.406665352511568656e+00
2.791992189059999873e+04	1.368448090082580393e+00
2.792011689059999844e+04	1.418647513712285146e+00
2.792031289059999835e+04	1.386839552222250305e+00
2.792050789059999806e+04	1.404611053202149407e+00
2.792070289060000141e+04	1.388209559047336228e+00
2.792089889060000132e+04	1.423582340619038433e+00
2.792109389060000103e+04	1.433709168548560342e+00
2.792128889060000074e+04	1.423247488182962428e+00
2.792148389060000045e+04	1.372394149103817185e+00
2.792167989060000036e+04	1.389920119027081569e+00
2.792187489060000007e+04	1.403447569757588553e+00
2.792206989059999978e+04	1.387749552822128862e+00
2.792226589059999969e+04	1.447884529323582470e+00
2.792246089059999940e+04	1.400474692582919900e+00
2.792265589059999911e+04	1.407056817288756534e+00
2.792285189059999902e+04	1.416896817959772292e+00
2.792304689059999873e+04	1.423149110444681398e+00
2.792324189059999844e+04	1.398420777508139423e+00
2.792343789059999835e+04	1.382109116169225160e+00
2.792363289059999806e+04	1.377819428022304393e+00
2.792382789060000141e+04	1.411546536955052389e+00
2.792402389060000132e+04	1.433747945267187518e+00
2.792421889060000103e+04	1.402679746670260741e+00
2.792441389060000074e+04	1.433630316170509289e+00
2.792460889060000045e+04	1.413788426751159122e+00
2.792480489060000036e+04	1.424708163142620165e+00
2.792499989060000007e+04	1.365889986487529129e+00
2.792519489059999978e+04	1.417332392277037556e+00
2.792539089059999969e+04	1.428271996752499717e+00
2.792558589059999940e+04	1.407748806933726726e+00
2.792578089059999911e+04	1.392799086775443840e+00
2.792597689059999902e+04	1.416432084985997264e+00
2.792617189059999873e+04	1.408358494939756511e+00
2.792636689059999844e+04	1.425137002680594733e+00
2.792656289059999835e+04	1.380206259858116624e+00
2.792675789059999806e+04	1.372978903954784613e+00
2.792695289060000141e+04	1.425706332748966076e+00
2.792714889060000132e+04	1.414788177933267832e+00
2.792734389060000103e+04	1.410716300618910068e+00
2.792753889060000074e+04	1.409970446300237157e+00
2.792773389060000045e+04	1.365717774025746678e+00
2.792792989060000036e+04	1.430289791604019811e+00
2.792812489060000007e+04	1.392417233646058961e+00
2.792831989059999978e+04	1.392390190513131287e+00
2.792851589059999969e+04	1.430899911203828978e+00
2.792871089059999940e+04	1.398176335834705242e+00
2.792890589059999911e+04	1.389832567867813395e+00
2.792910189059999902e+04	1.418499546526703625e+00
2.792929689059999873e+04	1.370604170790219456e+00
2.792949189059999844e+04	1.424386226698178604e+00
2.792968789059999835e+04	1.372364850520039425e+00
2.792988289059999806e+04	1.393605149035073154e+00
2.793007789060000141e+04	1.424981466897651927e+00
2.793027389060000132e+04	1.396814625317810865e+00
2.793046889060000103e+04	1.402051517441353923e+00
2.793066389060000074e+04	1.389447320280632781e+00
2.793085889060000045e+04	1.411245961569939311e+00
2.793105489060000036e+04	1.418431317928551039e+00
2.793124989060000007e+04	1.418006625227878459e+00
2.793144489059999978e+04	1.402711143754334699e+00
2.793164089059999969e+04	1.388145610451516632e+00
2.793183589059999940e+04	1.367191819586404122e+00
2.793203089059999911e+04	1.350325087080189945e+00
2.793222689059999902e+04	1.369961032472385654e+00
2.793242189059999873e+04	1.351320015711170441e+00
2.793261689059999844e+04	1.384823481875685047e+00
2.793281289059999835e+04	1.390244761810073726e+00
2.793300789059999806e+04	1.423261502336432116e+00
2.793320289060000141e+04	1.396376530851238584e+00
2.793339889060000132e+04	1.389018846865806012e+00
2.793359389060000103e+04	1.372427726165806661e+00
2.793378889060000074e+04	1.404994936141715556e+00
2.793398389060000045e+04	1.357066537404074680e+00
2.793417989060000036e+04	1.385783386562444264e+00
2.793437489060000007e+04	1.400926737745271211e+00
2.793456989059999978e+04	1.383606951016812303e+00
2.793476589059999969e+04	1.403237735300136180e+00
2.793496089059999940e+04	1.429492603972249753e+00
2.793515589059999911e+04	1.431341811153339805e+00
2.793535189059999902e+04	1.384457674004316630e+00
2.793554689059999873e+04	1.405179769856584215e+00
2.793574189059999844e+04	1.416416952693966280e+00
2.793593789059999835e+04	1.407930368393694565e+00
2.793613289059999806e+04	1.360102264864471167e+00
2.793632789060000141e+04	1.418200081834548598e+00
2.793652389060000132e+04	1.420004794998186881e+00
2.793671889060000103e+04	1.424929590471986529e+00
2.793691389060000074e+04	1.443426654902570050e+00
2.793710889060000045e+04	1.395083848760073408e+00
2.793730489060000036e+04	1.376648006900968113e+00
2.793749989060000007e+04	1.380592682576269326e+00
2.793769489059999978e+04	1.363276239924067212e+00
2.793789089059999969e+04	1.404361289051374584e+00
2.793808589059999940e+04	1.396852441358349850e+00
2.793828089059999911e+04	1.383393870319222785e+00
2.793847689059999902e+04	1.426605168511761335e+00
2.793867189059999873e+04	1.390839851080976075e+00
2.793886689059999844e+04	1.425629680480415828e+00
2.793906289059999835e+04	1.423560809232336410e+00
2.793925789059999806e+04	1.443888717220914941e+00
2.793945289060000141e+04	1.403624891872512492e+00
2.793964889060000132e+04	1.396319294572698766e+00
2.793984389060000103e+04	1.420319273468047427e+00
2.794003889060000074e+04	1.408227736081519410e+00
2.794023389060000045e+04	1.424411005475471725e+00
2.794042989060000036e+04	1.406691357492771743e+00
2.794062489060000007e+04	1.421420285982913256e+00
2.794081989059999978e+04	1.434254448632101386e+00
2.794101589059999969e+04	1.436329976998901969e+00
2.794121089059999940e+04	1.401644919736559913e+00
2.794140589059999911e+04	1.435239408451353782e+00
2.794160189059999902e+04	1.394443520919068646e+00
2.794179689059999873e+04	1.407304416531438562e+00
2.794199189059999844e+04	1.443219405430063773e+00
2.794218789059999835e+04	1.425087353841147930e+00
2.794238289059999806e+04	1.399415891636921927e+00
2.794257789060000141e+04	1.414022956181277380e+00
2.794277389060000132e+04	1.385507485398678185e+00
2.794296889060000103e+04	1.412892253784212571e+00
2.794316389060000074e+04	1.411497973446405041e+00
2.794335889060000045e+04	1.393379056675010830e+00
2.794355489060000036e+04	1.415872183642916227e+00
2.794374989060000007e+04	1.392297165614060361e+00
2.794394489059999978e+04	1.400096123572931006e+00
2.794414089059999969e+04	1.414262868249878125e+00
2.794433589059999940e+04	1.378381265290917312e+00
2.794453089059999911e+04	1.400059334698969593e+00
2.794472689059999902e+04	1.410909817689852019e+00
2.794492189059999873e+04	1.383117755007340577e+00
2.794511689059999844e+04	1.366945934698737375e+00
2.794531289059999835e+04	1.361349145244567183e+00
2.794550789059999806e+04	1.403859523465039061e+00
2.794570289060000141e+04	1.399268824410624390e+00
2.794589889060000132e+04	1.409330433774089286e+00
2.794609389060000103e+04	1.356479244023653052e+00
2.794628889060000074e+04	1.396118037323660133e+00
2.794648389060000045e+04	1.404543991465017072e+00
2.794667989060000036e+04	1.392068923133356506e+00
2.794687489060000007e+04	1.394499739637389268e+00
2.794706989059999978e+04	1.411531494349411275e+00
2.794726589059999969e+04	1.400375196880670359e+00
2.794746089059999940e+04	1.372784979399837013e+00
2.794765589059999911e+04	1.406403722213561025e+00
2.794785189059999902e+04	1.421116682006902110e+00
2.794804689059999873e+04	1.414619575053823297e+00
2.794824189059999844e+04	1.392724556671955938e+00
2.794843789059999835e+04	1.424072916740621864e+00
2.794863289059999806e+04	1.389156312403137861e+00
2.794882789060000141e+04	1.414464990395895683e+00
2.794902389060000132e+04	1.405743085693496042e+00
2.794921889060000103e+04	1.410459080146857502e+00
2.794941389060000074e+04	1.415741466885995337e+00
2.794960889060000045e+04	1.410352012450363901e+00
2.794980489060000036e+04	1.413496515093370931e+00
2.794999989060000007e+04	1.445466781468308426e+00
2.795019489059999978e+04	1.406346510511614412e+00
2.795039089059999969e+04	1.405166766527518263e+00
2.795058589059999940e+04	1.443872582748980449e+00
2.795078089059999911e+04	1.443403936370309282e+00
2.795097689059999902e+04	1.379928061299773745e+00
2.795117189059999873e+04	1.418682138269488746e+00
2.795136689059999844e+04	1.414955758332281377e+00
2.795156289059999835e+04	1.431105229186574235e+00
2.795175789059999806e+04	1.422625102781173823e+00
2.795195289060000141e+04	1.425184516984943528e+00
2.795214889060000132e+04	1.396920547242505251e+00
2.795234389060000103e+04	1.372596633868329974e+00
2.795253889060000074e+04	1.380645773360150486e+00
2.795273389060000045e+04	1.362392457342711083e+00
2.795292989060000036e+04	1.416073270632878689e+00
2.795312489060000007e+04	1.434890530760856819e+00
2.795331989059999978e+04	1.382075553007782176e+00
2.795351589059999969e+04	1.397262374457664436e+00
2.795371089059999940e+04	1.434594708812753083e+00
2.795390589059999911e+04	1.412369222716892025e+00
2.795410189059999902e+04	1.429477480153774849e+00
2.795429689059999873e+04	1.430633171403353998e+00
2.795449189059999844e+04	1.398692345397572367e+00
2.795468789059999835e+04	1.434846282937872530e+00
2.795488289059999806e+04	1.398729136425336250e+00
2.795507789060000141e+04	1.415756599616226907e+00
2.795527389060000132e+04	1.425861956494728133e+00
2.795546889060000103e+04	1.433860286066215295e+00
2.795566389060000074e+04	1.447347077990322362e+00
2.795585889060000045e+04	1.458082719930294147e+00
2.795605489060000036e+04	1.387221589476476780e+00
2.795624989060000007e+04	1.389676703686342663e+00
2.795644489059999978e+04	1.397392172717415448e+00
2.795664089059999969e+04	1.413160403635348672e+00
2.795683589059999940e+04	1.406153977244324338e+00
2.795703089059999911e+04	1.393237248348446755e+00
2.795722689059999902e+04	1.401463123589595128e+00
2.795742189059999873e+04	1.421789877417431569e+00
2.795761689059999844e+04	1.418838829992935757e+00
2.795781289059999835e+04	1.468082382779638095e+00
2.795800789059999806e+04	1.445161358024327214e+00
2.795820289060000141e+04	1.422994675120193619e+00
2.795839889060000132e+04	1.420523477995782713e+00
2.795859389060000103e+04	1.409695945108850879e+00
2.795878889060000074e+04	1.406704359972506424e+00
2.795898389060000045e+04	1.444820324927873045e+00
2.795917989060000036e+04	1.405631816800198663e+00
2.795937489060000007e+04	1.368905127325980686e+00
2.795956989059999978e+04	1.386949888197230862e+00
2.795976589059999969e+04	1.468838327729439897e+00
2.795996089059999940e+04	1.424730807106866948e+00
2.796015589059999911e+04	1.418796686706354393e+00
2.796035189059999902e+04	1.459625443856733540e+00
2.796054689059999873e+04	1.429563862076941305e+00
2.796074189059999844e+04	1.400570936388209731e+00
2.796093789059999835e+04	1.398948673600710180e+00
2.796113289059999806e+04	1.454652924905062150e+00
2.796132789060000141e+04	1.419475332882356611e+00
2.796152389060000132e+04	1.403711369586615021e+00
2.796171889060000103e+04	1.428491256107486507e+00
2.796191389060000074e+04	1.391254164786763781e+00
2.796210889060000045e+04	1.362659977702652014e+00
2.796230489060000036e+04	1.382505269399999293e+00
2.796249989060000007e+04	1.412464303264526322e+00
2.796269489059999978e+04	1.385421869853761478e+00
2.796289089059999969e+04	1.371652465087455752e+00
2.796308589059999940e+04	1.390957696103949814e+00
2.796328089059999911e+04	1.373441154082886584e+00
2.796347689059999902e+04	1.381406697020576502e+00
2.796367189059999873e+04	1.386655595803137686e+00
2.796386689059999844e+04	1.438968947216849870e+00
2.796406289059999835e+04	1.415429062010415961e+00
2.796425789059999806e+04	1.387540692692342148e+00
2.796445289060000141e+04	1.381851580427895243e+00
2.796464889060000132e+04	1.428473997511074955e+00
2.796484389060000103e+04	1.379585980392443290e+00
2.796503889060000074e+04	1.385557218497361021e+00
2.796523389060000045e+04	1.408930370598502790e+00
2.796542989060000036e+04	1.438415059093216541e+00
2.796562489060000007e+04	1.377852904305356674e+00
2.796581989059999978e+04	1.376434769767634236e+00
2.796601589059999969e+04	1.450727243029385605e+00
2.796621089059999940e+04	1.464151462001524351e+00
2.796640589059999911e+04	1.384044262384652058e+00
2.796660189059999902e+04	1.428427510582984894e+00
2.796679689059999873e+04	1.409528326927485864e+00
2.796699189059999844e+04	1.418780534853866016e+00
2.796718789059999835e+04	1.425265625163557814e+00
2.796738289059999806e+04	1.383973887787128376e+00
2.796757789060000141e+04	1.420332175534307240e+00
2.796777389060000132e+04	1.384099483518873797e+00
2.796796889060000103e+04	1.394053052632679979e+00
2.796816389060000074e+04	1.395293756504177196e+00
2.796835889060000045e+04	1.387125197697596235e+00
2.796855489060000036e+04	1.426071494757042757e+00
2.796874989060000007e+04	1.414439086920582511e+00
2.796894489059999978e+04	1.393423383216465083e+00
2.796914089059999969e+04	1.415166415862936233e+00
2.796933589059999940e+04	1.364911866124764117e+00
2.796953089059999911e+04	1.426368631260571007e+00
2.796972689059999902e+04	1.433132426817405047e+00
2.796992189059999873e+04	1.462953146166366736e+00
2.797011689059999844e+04	1.450490950581569294e+00
2.797031289059999835e+04	1.424502788806890408e+00
2.797050789059999806e+04	1.423870785037301800e+00
2.797070289060000141e+04	1.432831016299193294e+00
2.797089889060000132e+04	1.451852866905181116e+00
2.797109389060000103e+04	1.444979993573603849e+00
2.797128889060000074e+04	1.415391368895628332e+00
2.797148389060000045e+04	1.422988085609436126e+00
2.797167989060000036e+04	1.425491408801732973e+00
2.797187489060000007e+04	1.422935091025635757e+00
2.797206989059999978e+04	1.426964841584261734e+00
2.797226589059999969e+04	1.416579044096781814e+00
2.797246089059999940e+04	1.430523041767507664e+00
2.797265589059999911e+04	1.410691507288944990e+00
2.797285189059999902e+04	1.462931651148331014e+00
2.797304689059999873e+04	1.396341966102403020e+00
2.797324189059999844e+04	1.435675660547779842e+00
2.797343789059999835e+04	1.429062638337374125e+00
2.797363289059999806e+04	1.460556421953073780e+00
2.797382789060000141e+04	1.419062448052322623e+00
2.797402389060000132e+04	1.419113223626807141e+00
2.797421889060000103e+04	1.406031843644166557e+00
2.797441389060000074e+04	1.444797607755170077e+00
2.797460889060000045e+04	1.413758158727365100e+00
2.797480489060000036e+04	1.425099232451609410e+00
2.797499989060000007e+04	1.433304142793270231e+00
2.797519489059999978e+04	1.402155279075385508e+00
2.797539089059999969e+04	1.405979925060865554e+00
2.797558589059999940e+04	1.422627237444853421e+00
2.797578089059999911e+04	1.459203725484574221e+00
2.797597689059999902e+04	1.397956884307689052e+00
2.797617189059999873e+04	1.404826169607193975e+00
2.797636689059999844e+04	1.421095148343351156e+00
2.797656289059999835e+04	1.428939603983653939e+00
2.797675789059999806e+04	1.402309945292463667e+00
2.797695289060000141e+04	1.430241081549699089e+00
2.797714889060000132e+04	1.441436983831687613e+00
2.797734389060000103e+04	1.390433058133597299e+00
2.797753889060000074e+04	1.415184798404281352e+00
2.797773389060000045e+04	1.403752518375684488e+00
2.797792989060000036e+04	1.427848503949725512e+00
2.797812489060000007e+04	1.401417790451498391e+00
2.797831989059999978e+04	1.426663536887566863e+00
2.797851589059999969e+04	1.401079182568254922e+00
2.797871089059999940e+04	1.423259274921875317e+00
2.797890589059999911e+04	1.422421937591423102e+00
2.797910189059999902e+04	1.433698314766475690e+00
2.797929689059999873e+04	1.417451217618115322e+00
2.797949189059999844e+04	1.403700594722414152e+00
2.797968789059999835e+04	1.444119698579275024e+00
2.797988289059999806e+04	1.358662393189485229e+00
2.798007789060000141e+04	1.399779328592103411e+00
2.798027389060000132e+04	1.443251767997168145e+00
2.798046889060000103e+04	1.360647219040465927e+00
2.798066389060000074e+04	1.424378523926835172e+00
2.798085889060000045e+04	1.409306660480854845e+00
2.798105489060000036e+04	1.392740726564980491e+00
2.798124989060000007e+04	1.372476370965117098e+00
2.798144489059999978e+04	1.403970986578206848e+00
2.798164089059999969e+04	1.392632462412624506e+00
2.798183589059999940e+04	1.373534254059602944e+00
2.798203089059999911e+04	1.363466986680787585e+00
2.798222689059999902e+04	1.386723731421819039e+00
2.798242189059999873e+04	1.406118312441595464e+00
2.798261689059999844e+04	1.408070973075595589e+00
2.798281289059999835e+04	1.431433567199203338e+00
2.798300789059999806e+04	1.398737776734058968e+00
2.798320289060000141e+04	1.352443832973087012e+00
2.798339889060000132e+04	1.461991039356201227e+00
2.798359389060000103e+04	1.405055402005501719e+00
2.798378889060000074e+04	1.384973893717877047e+00
2.798398389060000045e+04	1.400517983764508756e+00
2.798417989060000036e+04	1.438027459420913701e+00
2.798437489060000007e+04	1.406698880356927361e+00
2.798456989059999978e+04	1.414830328462732822e+00
2.798476589059999969e+04	1.450403533819093482e+00
2.798496089059999940e+04	1.407647206196038780e+00
2.798515589059999911e+04	1.418124518840379267e+00
2.798535189059999902e+04	1.382690374134865507e+00
2.798554689059999873e+04	1.414685586568623421e+00
2.798574189059999844e+04	1.396178619097241835e+00
2.798593789059999835e+04	1.409758534636274874e+00
2.798613289059999806e+04	1.410593076580505922e+00
2.798632789060000141e+04	1.473015358122589546e+00
2.798652389060000132e+04	1.422222019089298684e+00
2.798671889060000103e+04	1.412264392249944933e+00
2.798691389060000074e+04	1.475935841968336604e+00
2.798710889060000045e+04	1.486992424125645584e+00
2.798730489060000036e+04	1.469945662590854241e+00
2.798749989060000007e+04	1.389714624226922268e+00
2.798769489059999978e+04	1.495370484015687396e+00
2.798789089059999969e+04	1.422279377497837061e+00
2.798808589059999940e+04	1.455196695312302779e+00
2.798828089059999911e+04	1.458545603449653782e+00
2.798847689059999902e+04	1.455739433538560945e+00
2.798867189059999873e+04	1.454692871655078434e+00
2.798886689059999844e+04	1.492213334932152691e+00
2.798906289059999835e+04	1.451434159349865638e+00
2.798925789059999806e+04	1.452656797668110400e+00
2.798945289060000141e+04	1.472468762660600561e+00
2.798964889060000132e+04	1.459025713743436370e+00
2.798984389060000103e+04	1.457026625282631827e+00
2.799003889060000074e+04	1.450087328981588541e+00
2.799023389060000045e+04	1.467370692015483868e+00
2.799042989060000036e+04	1.450967982613331486e+00
2.799062489060000007e+04	1.441584898207072030e+00
2.799081989059999978e+04	1.447633095985098706e+00
2.799101589059999969e+04	1.496206310409311513e+00
2.799121089059999940e+04	1.452506821684934835e+00
2.799140589059999911e+04	1.440400629495147911e+00
2.799160189059999902e+04	1.464430788388428439e+00
2.799179689059999873e+04	1.464946352163483567e+00
2.799199189059999844e+04	1.451768699597622003e+00
2.799218789059999835e+04	1.475554237608509567e+00
2.799238289059999806e+04	1.435440235702124312e+00
2.799257789060000141e+04	1.453999030421675442e+00
2.799277389060000132e+04	1.438540269382382775e+00
2.799296889060000103e+04	1.459329843337918931e+00
2.799316389060000074e+04	1.498287048796544951e+00
2.799335889060000045e+04	1.453852307137299960e+00
2.799355489060000036e+04	1.465586969395447525e+00
2.799374989060000007e+04	1.495306921490236363e+00
2.799394489059999978e+04	1.458668574159831977e+00
2.799414089059999969e+04	1.448184632596699828e+00
2.799433589059999940e+04	1.453082898448663229e+00
2.799453089059999911e+04	1.473426176072742066e+00
2.799472689059999902e+04	1.400803462014266643e+00
2.799492189059999873e+04	1.431188357868961702e+00
2.799511689059999844e+04	1.451994226511155617e+00
2.799531289059999835e+04	1.411682755664593003e+00
2.799550789059999806e+04	1.463213123130548965e+00
2.799570289060000141e+04	1.386310359887659160e+00
2.799589889060000132e+04	1.473567404642491141e+00
2.799609389060000103e+04	1.428888757017352518e+00
2.799628889060000074e+04	1.427039447997254129e+00
2.799648389060000045e+04	1.452140961508838757e+00
2.799667989060000036e+04	1.458760315261091733e+00
2.799687489060000007e+04	1.439400770482459180e+00
2.799706989059999978e+04	1.419836229822362128e+00
2.799726589059999969e+04	1.463265933491664228e+00
2.799746089059999940e+04	1.429470892475173116e+00
2.799765589059999911e+04	1.419172817487302396e+00
2.799785189059999902e+04	1.452447405716064566e+00
2.799804689059999873e+04	1.424979332449495928e+00
2.799824189059999844e+04	1.394600375451442886e+00
2.799843789059999835e+04	1.409549871270856514e+00
2.799863289059999806e+04	1.467162544055824469e+00
2.799882789060000141e+04	1.431750025370474688e+00
2.799902389060000132e+04	1.475268562687839236e+00
2.799921889060000103e+04	1.439618904965200841e+00
2.799941389060000074e+04	1.423904288163456044e+00
2.799960889060000045e+04	1.417779747969213133e+00
2.799980489060000036e+04	1.460639445561774608e+00
2.799999989060000007e+04	1.424099923185359273e+00
2.800019489059999978e+04	1.462841038310854103e+00
2.800039089059999969e+04	1.447456015566288556e+00
2.800058589059999940e+04	1.446513850923768274e+00
2.800078089059999911e+04	1.414732008056473589e+00
2.800097689059999902e+04	1.399940420770494853e+00
2.800117189059999873e+04	1.403847634034889325e+00
2.800136689059999844e+04	1.463568988526468218e+00
2.800156289059999835e+04	1.449835919431908593e+00
2.800175789059999806e+04	1.485265188633713151e+00
2.800195289060000141e+04	1.469679369813556846e+00
2.800214889060000132e+04	1.414388301170458107e+00
2.800234389060000103e+04	1.441650833403375742e+00
2.800253889060000074e+04	1.485243529112796779e+00
2.800273389060000045e+04	1.453570629206225817e+00
2.800292989060000036e+04	1.463190516553357412e+00
2.800312489060000007e+04	1.459679374329990509e+00
2.800331989059999978e+04	1.456303752947039953e+00
2.800351589059999969e+04	1.489722639988643849e+00
2.800371089059999940e+04	1.465498497639154962e+00
2.800390589059999911e+04	1.462943417820145697e+00
2.800410189059999902e+04	1.423648233963421106e+00
2.800429689059999873e+04	1.463963852843658486e+00
2.800449189059999844e+04	1.442000629944640622e+00
2.800468789059999835e+04	1.458500381201378815e+00
2.800488289059999806e+04	1.449998798273615108e+00
2.800507789060000141e+04	1.427699481646154567e+00
2.800527389060000132e+04	1.475383944294012650e+00
2.800546889060000103e+04	1.471304310332472554e+00
2.800566389060000074e+04	1.466647029406136227e+00
2.800585889060000045e+04	1.431229458212879280e+00
