# time(sec)	crack length FEA(mm)
4.769375189059999684e+04	1.799123883301326998e+00
4.769394689059999655e+04	1.837420000684721444e+00
4.769414289060000010e+04	1.844065209770210600e+00
4.769433789059999981e+04	1.837940123442866280e+00
4.769453289059999952e+04	1.878834198174628156e+00
4.769472889060000307e+04	1.864695072284316524e+00
4.769492389060000278e+04	1.861621173262403062e+00
4.769511889060000249e+04	1.845563214605396851e+00
4.769531489059999876e+04	1.833248196817990561e+00
4.769550989059999847e+04	1.866831806054921827e+00
4.769570489059999818e+04	1.862901772286660318e+00
4.769590089060000173e+04	1.893817442463042511e+00
4.769609589060000144e+04	1.879650715557531271e+00
4.769629089060000115e+04	1.879764174027000578e+00
4.769648589060000086e+04	1.897278645663632801e+00
4.769668189059999713e+04	1.899206045170435786e+00
4.769687689059999684e+04	1.861375225151657986e+00
4.769707189059999655e+04	1.896673236924531381e+00
4.769726789060000010e+04	1.848344545183060461e+00
4.769746289059999981e+04	1.889928095273925024e+00
4.769765789059999952e+04	1.910099528267553026e+00
4.769785389060000307e+04	1.849274677387493071e+00
4.769804889060000278e+04	1.848867424657090197e+00
4.769824389060000249e+04	1.847042897507666481e+00
4.769843989059999876e+04	1.877850225654164262e+00
4.769863489059999847e+04	1.900853582211967208e+00
4.769882989059999818e+04	1.841971081609530714e+00
4.769902589060000173e+04	1.807075618195828071e+00
4.769922089060000144e+04	1.848731581015808700e+00
4.769941589060000115e+04	1.881113622105379690e+00
4.769961089060000086e+04	1.880362664884877688e+00
4.769980689059999713e+04	1.860745545782897636e+00
4.770000189059999684e+04	1.855105335227456465e+00
4.770019689059999655e+04	1.900857945426206896e+00
4.770039289060000010e+04	1.873598744558453433e+00
4.770058789059999981e+04	1.888733785363774231e+00
4.770078289059999952e+04	1.856914187490270152e+00
4.770097889060000307e+04	1.858871247119450842e+00
4.770117389060000278e+04	1.870703998299989124e+00
4.770136889060000249e+04	1.845453958997813615e+00
4.770156489059999876e+04	1.869589233664857630e+00
4.770175989059999847e+04	1.877018629139312722e+00
4.770195489059999818e+04	1.883826832403254770e+00
4.770215089060000173e+04	1.894081042757525424e+00
4.770234589060000144e+04	1.814106641241819418e+00
4.770254089060000115e+04	1.853336510044535146e+00
4.770273589060000086e+04	1.863250409783631767e+00
4.770293189059999713e+04	1.860922750158762184e+00
4.770312689059999684e+04	1.864886995067312370e+00
4.770332189059999655e+04	1.896029898543680758e+00
4.770351789060000010e+04	1.824440244785884957e+00
4.770371289059999981e+04	1.869809696891699957e+00
4.770390789059999952e+04	1.854346958845013660e+00
4.770410389060000307e+04	1.888749610472350682e+00
4.770429889060000278e+04	1.849540799893429011e+00
4.770449389060000249e+04	1.836597679288679785e+00
4.770468989059999876e+04	1.860915101077566192e+00
4.770488489059999847e+04	1.887917594959816370e+00
4.770507989059999818e+04	1.861294638093923481e+00
4.770527589060000173e+04	1.883223247603336148e+00
4.770547089060000144e+04	1.890961469986429222e+00
4.770566589060000115e+04	1.870639373119891147e+00
4.770586089060000086e+04	1.842204480873967043e+00
4.770605689059999713e+04	1.838392144758779878e+00
4.770625189059999684e+04	1.825477697554219958e+00
4.770644689059999655e+04	1.852058559973968954e+00
4.770664289060000010e+04	1.924924818772062451e+00
4.770683789059999981e+04	1.874951653552056285e+00
4.770703289059999952e+04	1.865960749436080590e+00
4.770722889060000307e+04	1.891536294403779905e+00
4.770742389060000278e+04	1.856573740802183181e+00
4.770761889060000249e+04	1.907741777993358312e+00
4.770781489059999876e+04	1.857759088913265799e+00
4.770800989059999847e+04	1.916052102656585987e+00
4.770820489059999818e+04	1.916791250075121411e+00
4.770840089060000173e+04	1.865644746450028535e+00
4.770859589060000144e+04	1.881287210326217263e+00
4.770879089060000115e+04	1.842257521684667054e+00
4.770898589060000086e+04	1.895522833927554274e+00
4.770918189059999713e+04	1.875502495379407719e+00
4.770937689059999684e+04	1.847886161592782628e+00
4.770957189059999655e+04	1.869392162122199608e+00
4.770976789060000010e+04	1.878417921315488570e+00
4.770996289059999981e+04	1.875873325522448454e+00
4.771015789059999952e+04	1.885700253663637582e+00
4.771035389060000307e+04	1.879860526844554514e+00
4.771054889060000278e+04	1.861164332314155345e+00
4.771074389060000249e+04	1.865239881111707021e+00
4.771093989059999876e+04	1.895383086852504562e+00
4.771113489059999847e+04	1.839745147001142556e+00
4.771132989059999818e+04	1.841488326679739274e+00
4.771152589060000173e+04	1.890068785422432285e+00
4.771172089060000144e+04	1.870037621940085160e+00
4.771191589060000115e+04	1.923135188688716468e+00
4.771211089060000086e+04	1.899755207195262585e+00
4.771230689059999713e+04	1.869732234622903277e+00
4.771250189059999684e+04	1.900420801723974762e+00
4.771269689059999655e+04	1.907488877955476170e+00
4.771289289060000010e+04	1.886963486244583876e+00
4.771308789059999981e+04	1.852211236384068371e+00
4.771328289059999952e+04	1.880330820983413531e+00
4.771347889060000307e+04	1.857701985969903546e+00
4.771367389060000278e+04	1.874512098935735338e+00
4.771386889060000249e+04	1.872536000092669184e+00
4.771406489059999876e+04	1.885351960933212112e+00
4.771425989059999847e+04	1.876983504685165727e+00
4.771445489059999818e+04	1.833078435002860829e+00
4.771465089060000173e+04	1.861718877936962002e+00
4.771484589060000144e+04	1.864431312378274086e+00
4.771504089060000115e+04	1.844338956817113129e+00
4.771523589060000086e+04	1.851699092250839840e+00
4.771543189059999713e+04	1.874993970472605298e+00
4.771562689059999684e+04	1.883440303459522625e+00
4.771582189059999655e+04	1.871590983056517388e+00
4.771601789060000010e+04	1.859690850640433268e+00
4.771621289059999981e+04	1.873791684177593453e+00
4.771640789059999952e+04	1.881323146925023337e+00
4.771660389060000307e+04	1.846780846024049794e+00
4.771679889060000278e+04	1.879129727360609792e+00
4.771699389060000249e+04	1.831148786859236210e+00
4.771718989059999876e+04	1.855369203465532024e+00
4.771738489059999847e+04	1.861931859922478338e+00
4.771757989059999818e+04	1.859397071712511007e+00
4.771777589060000173e+04	1.870472074967894471e+00
4.771797089060000144e+04	1.877318276740682634e+00
4.771816589060000115e+04	1.902293851765408661e+00
4.771836089060000086e+04	1.841180641391201078e+00
4.771855689059999713e+04	1.910906651710885029e+00
4.771875189059999684e+04	1.866590193155913013e+00
4.771894689059999655e+04	1.864659018297768256e+00
4.771914289060000010e+04	1.838192614779444511e+00
4.771933789059999981e+04	1.820323439727399517e+00
4.771953289059999952e+04	1.815056423160916310e+00
4.771972889060000307e+04	1.813462055370871795e+00
4.771992389060000278e+04	1.841697306048954985e+00
4.772011889060000249e+04	1.821079485174843526e+00
4.772031489059999876e+04	1.829656124031338038e+00
4.772050989059999847e+04	1.833504022380418874e+00
4.772070489059999818e+04	1.845525034431913625e+00
4.772090089060000173e+04	1.853645123892345481e+00
4.772109589060000144e+04	1.815514191307066483e+00
4.772129089060000115e+04	1.851506055918823890e+00
4.772148589060000086e+04	1.872389922307384325e+00
4.772168189059999713e+04	1.850099820109454285e+00
4.772187689059999684e+04	1.854006655857251218e+00
4.772207189059999655e+04	1.823201167798984557e+00
4.772226789060000010e+04	1.864609307404245797e+00
4.772246289059999981e+04	1.876546082380789571e+00
4.772265789059999952e+04	1.869572302874335179e+00
4.772285389060000307e+04	1.858642390320635940e+00
4.772304889060000278e+04	1.890009672021015774e+00
4.772324389060000249e+04	1.867994498028799910e+00
4.772343989059999876e+04	1.867377656023245791e+00
4.772363489059999847e+04	1.884023778601843446e+00
4.772382989059999818e+04	1.822404784662888133e+00
4.772402589060000173e+04	1.846974013613449372e+00
4.772422089060000144e+04	1.833822478335418893e+00
4.772441589060000115e+04	1.846777839157088152e+00
4.772461089060000086e+04	1.850547317907791367e+00
4.772480689059999713e+04	1.833500831416428056e+00
4.772500189059999684e+04	1.832690859107799497e+00
4.772519689059999655e+04	1.853277209796120317e+00
4.772539289060000010e+04	1.878665686582719374e+00
4.772558789059999981e+04	1.864555226198664428e+00
4.772578289059999952e+04	1.871777386527426756e+00
4.772597889060000307e+04	1.850541031863750518e+00
4.772617389060000278e+04	1.854059669131114418e+00
4.772636889060000249e+04	1.870385057596088529e+00
4.772656489059999876e+04	1.794331436751592790e+00
4.772675989059999847e+04	1.821605089812845080e+00
4.772695489059999818e+04	1.882168504870927350e+00
4.772715089060000173e+04	1.893363522663024767e+00
4.772734589060000144e+04	1.880489767097675013e+00
4.772754089060000115e+04	1.842269187001006614e+00
4.772773589060000086e+04	1.860520896726814755e+00
4.772793189059999713e+04	1.826839675833644705e+00
4.772812689059999684e+04	1.835013207006539915e+00
4.772832189059999655e+04	1.842988415100272448e+00
4.772851789060000010e+04	1.859004935579172013e+00
4.772871289059999981e+04	1.834402033029300938e+00
4.772890789059999952e+04	1.781116469683905024e+00
4.772910389060000307e+04	1.797806816544708752e+00
4.772929889060000278e+04	1.835197905218793224e+00
4.772949389060000249e+04	1.839646254050959939e+00
4.772968989059999876e+04	1.854064041354362757e+00
4.772988489059999847e+04	1.858042233604205506e+00
4.773007989059999818e+04	1.902810308575775267e+00
4.773027589060000173e+04	1.858886182381516150e+00
4.773047089060000144e+04	1.870701904811122418e+00
4.773066589060000115e+04	1.862350624576730951e+00
4.773086089060000086e+04	1.900246360033824189e+00
4.773105689059999713e+04	1.853763904492209846e+00
4.773125189059999684e+04	1.865239881111707021e+00
4.773144689059999655e+04	1.855850570660656729e+00
4.773164289060000010e+04	1.865089477307330768e+00
4.773183789059999981e+04	1.860142439542205040e+00
4.773203289059999952e+04	1.884841382683070776e+00
4.773222889060000307e+04	1.874398614197353652e+00
4.773242389060000278e+04	1.849442131761943386e+00
4.773261889060000249e+04	1.858505603341427559e+00
4.773281489059999876e+04	1.860691546435617738e+00
4.773300989059999847e+04	1.846654648386827802e+00
4.773320489059999818e+04	1.855927078414477904e+00
4.773340089060000173e+04	1.864370766437570381e+00
4.773359589060000144e+04	1.835482242723392332e+00
4.773379089060000115e+04	1.864721748555687952e+00
4.773398589060000086e+04	1.864291282574068731e+00
4.773418189059999713e+04	1.873298956820006467e+00
4.773437689059999684e+04	1.870706182809904305e+00
4.773457189059999655e+04	1.854555911098023202e+00
4.773476789060000010e+04	1.861193016040548542e+00
4.773496289059999981e+04	1.869383696655017246e+00
4.773515789059999952e+04	1.875672213485394479e+00
4.773535389060000307e+04	1.860788981926903674e+00
4.773554889060000278e+04	1.895476281972250376e+00
4.773574389060000249e+04	1.887596622353161280e+00
4.773593989059999876e+04	1.854111589227873225e+00
4.773613489059999847e+04	1.866914467300368585e+00
4.773632989059999818e+04	1.886008427779458430e+00
4.773652589060000173e+04	1.883822738815164044e+00
4.773672089060000144e+04	1.913744303104504496e+00
4.773691589060000115e+04	1.900108732864516980e+00
4.773711089060000086e+04	1.883298480526367058e+00
4.773730689059999713e+04	1.886402189614733160e+00
4.773750189059999684e+04	1.886109029166647133e+00
4.773769689059999655e+04	1.929864182226728175e+00
4.773789289060000010e+04	1.856413716345123532e+00
4.773808789059999981e+04	1.861955079299926652e+00
4.773828289059999952e+04	1.895184057162301983e+00
4.773847889060000307e+04	1.881474807842664632e+00
4.773867389060000278e+04	1.846958159354272766e+00
4.773886889060000249e+04	1.907105842156838094e+00
4.773906489059999876e+04	1.884483525334292864e+00
4.773925989059999847e+04	1.885416362290431636e+00
4.773945489059999818e+04	1.913897836675870323e+00
4.773965089060000173e+04	1.899208136029407967e+00
4.773984589060000144e+04	1.922599125698090106e+00
4.774004089060000115e+04	1.888782533938702102e+00
4.774023589060000086e+04	1.867022618343185059e+00
4.774043189059999713e+04	1.876406127301805782e+00
4.774062689059999684e+04	1.887006781275161416e+00
4.774082189059999655e+04	1.860311999339785416e+00
4.774101789060000010e+04	1.876917987423297518e+00
4.774121289059999981e+04	1.873809703926184511e+00
4.774140789059999952e+04	1.856270540405819958e+00
4.774160389060000307e+04	1.874543768993985893e+00
4.774179889060000278e+04	1.900878125281138864e+00
4.774199389060000249e+04	1.869864857876123665e+00
4.774218989059999876e+04	1.885072158562696387e+00
4.774238489059999847e+04	1.879932495490354682e+00
4.774257989059999818e+04	1.899376404090808990e+00
4.774277589060000173e+04	1.860743451375530100e+00
4.774297089060000144e+04	1.868238189697873253e+00
4.774316589060000115e+04	1.887620906922926167e+00
4.774336089060000086e+04	1.855582427165538562e+00
4.774355689059999713e+04	1.835345316289290096e+00
4.774375189059999684e+04	1.846795880352896546e+00
4.774394689059999655e+04	1.904708517933041634e+00
4.774414289060000010e+04	1.903183691698750124e+00
4.774433789059999981e+04	1.860076691524980674e+00
4.774453289059999952e+04	1.880248117613357195e+00
4.774472889060000307e+04	1.865160491334286519e+00
4.774492389060000278e+04	1.918994923375318962e+00
4.774511889060000249e+04	1.881952437579847981e+00
4.774531489059999876e+04	1.880786366484707983e+00
4.774550989059999847e+04	1.878031300184176189e+00
4.774570489059999818e+04	1.883205235330802196e+00
4.774590089060000173e+04	1.886880807059450049e+00
4.774609589060000144e+04	1.914153663082709400e+00
4.774629089060000115e+04	1.874301146098083848e+00
4.774648589060000086e+04	1.922383443713487239e+00
4.774668189059999713e+04	1.907564939097493806e+00
4.774687689059999684e+04	1.872749062640577833e+00
4.774707189059999655e+04	1.839130545411462592e+00
4.774726789060000010e+04	1.876919898346114834e+00
4.774746289059999981e+04	1.890595069786973781e+00
4.774765789059999952e+04	1.910152319726810433e+00
4.774785389060000307e+04	1.892306978211495405e+00
4.774804889060000278e+04	1.906848663833418556e+00
4.774824389060000249e+04	1.893058631122933377e+00
4.774843989059999876e+04	1.857261824014225127e+00
4.774863489059999847e+04	1.881871923557589810e+00
4.774882989059999818e+04	1.853299344929988379e+00
4.774902589060000173e+04	1.895317349966791909e+00
4.774922089060000144e+04	1.872444803978110528e+00
4.774941589060000115e+04	1.898982776684267293e+00
4.774961089060000086e+04	1.854291851239196376e+00
4.774980689059999713e+04	1.881270288262502532e+00
4.775000189059999684e+04	1.901164822719696446e+00
4.775019689059999655e+04	1.896520859388381552e+00
4.775039289060000010e+04	1.897321193679688989e+00
4.775058789059999981e+04	1.901894912176899766e+00
4.775078289059999952e+04	1.877292889198791670e+00
4.775097889060000307e+04	1.863976531025762995e+00
4.775117389060000278e+04	1.863597129882908376e+00
4.775136889060000249e+04	1.852846526850232323e+00
4.775156489059999876e+04	1.877246208805685157e+00
4.775175989059999847e+04	1.910766908655590512e+00
4.775195489059999818e+04	1.894868642894582678e+00
4.775215089060000173e+04	1.929796457358033734e+00
4.775234589060000144e+04	1.912974530038791698e+00
4.775254089060000115e+04	1.898839687336339566e+00
4.775273589060000086e+04	1.884850933958418295e+00
4.775293189059999713e+04	1.888400273178444166e+00
4.775312689059999684e+04	1.915011423564285664e+00
4.775332189059999655e+04	1.904213190155999769e+00
4.775351789060000010e+04	1.913006146395989759e+00
4.775371289059999981e+04	1.907175634215665383e+00
4.775390789059999952e+04	1.908721273260468365e+00
4.775410389060000307e+04	1.928820869922390102e+00
4.775429889060000278e+04	1.921140167261759402e+00
4.775449389060000249e+04	1.903110615252581184e+00
4.775468989059999876e+04	1.937258953208624845e+00
4.775488489059999847e+04	1.883544191151800717e+00
4.775507989059999818e+04	1.923442853866692559e+00
4.775527589060000173e+04	1.912526990315171815e+00
4.775547089060000144e+04	1.884506812613677695e+00
4.775566589060000115e+04	1.879134913645073013e+00
4.775586089060000086e+04	1.882024490564202068e+00
4.775605689059999713e+04	1.888309231775821218e+00
4.775625189059999684e+04	1.889720559795710741e+00
4.775644689059999655e+04	1.897567570577933793e+00
4.775664289060000010e+04	1.887705766282692821e+00
4.775683789059999981e+04	1.904500118043412016e+00
4.775703289059999952e+04	1.877076775460722047e+00
4.775722889060000307e+04	1.871809242436166087e+00
4.775742389060000278e+04	1.866086839863712044e+00
4.775761889060000249e+04	1.890857616274686848e+00
4.775781489059999876e+04	1.870034345078607885e+00
4.775800989059999847e+04	1.887083184068620412e+00
4.775820489059999818e+04	1.848710352526337530e+00
4.775840089060000173e+04	1.875684771664777983e+00
4.775859589060000144e+04	1.892667985684791887e+00
4.775879089060000115e+04	1.905981324306797120e+00
4.775898589060000086e+04	1.854372372059520657e+00
4.775918189059999713e+04	1.909619402013545297e+00
4.775937689059999684e+04	1.875003525895353462e+00
4.775957189059999655e+04	1.917476418262491933e+00
4.775976789060000010e+04	1.896056356149259159e+00
4.775996289059999981e+04	1.887470651414663081e+00
4.776015789059999952e+04	1.913836332524086359e+00
4.776035389060000307e+04	1.886691253202222640e+00
4.776054889060000278e+04	1.929286063150723152e+00
4.776074389060000249e+04	1.944463051657796981e+00
4.776093989059999876e+04	1.904463036658432529e+00
4.776113489059999847e+04	1.889362870395371985e+00
4.776132989059999818e+04	1.901223997928230602e+00
4.776152589060000173e+04	1.896222374646193032e+00
4.776172089060000144e+04	1.890315604943745953e+00
4.776191589060000115e+04	1.871480669343807079e+00
4.776211089060000086e+04	1.916744650981563325e+00
4.776230689059999713e+04	1.923569714588621693e+00
4.776250189059999684e+04	1.915199559649416017e+00
4.776269689059999655e+04	1.881106070805660835e+00
4.776289289060000010e+04	1.895730316284138794e+00
4.776308789059999981e+04	1.887228257711932145e+00
4.776328289059999952e+04	1.894531947640100356e+00
4.776347889060000307e+04	1.906943992817637934e+00
4.776367389060000278e+04	1.935236587307084477e+00
4.776386889060000249e+04	1.886484870545153569e+00
4.776406489059999876e+04	1.841347244013377349e+00
4.776425989059999847e+04	1.925918461823016514e+00
4.776445489059999818e+04	1.862331503071288807e+00
4.776465089060000173e+04	1.891401797163501541e+00
4.776484589060000144e+04	1.856338303176595872e+00
4.776504089060000115e+04	1.884907149954667460e+00
4.776523589060000086e+04	1.869899811301818815e+00
4.776543189059999713e+04	1.853195500905343351e+00
4.776562689059999684e+04	1.908131981853284032e+00
4.776582189059999655e+04	1.879719773346311129e+00
4.776601789060000010e+04	1.854038354530718635e+00
4.776621289059999981e+04	1.887662381633621322e+00
4.776640789059999952e+04	1.891340504714914772e+00
4.776660389060000307e+04	1.877600085647204153e+00
4.776679889060000278e+04	1.873101917488224188e+00
4.776699389060000249e+04	1.894864551299859201e+00
4.776718989059999876e+04	1.909713447227343153e+00
4.776738489059999847e+04	1.896762153652989724e+00
4.776757989059999818e+04	1.868534949273435330e+00
4.776777589060000173e+04	1.890339886601125841e+00
4.776797089060000144e+04	1.903160514493219324e+00
4.776816589060000115e+04	1.875226120604672531e+00
4.776836089060000086e+04	1.878967678120556428e+00
4.776855689059999713e+04	1.873237524417444178e+00
4.776875189059999684e+04	1.874360573476396397e+00
4.776894689059999655e+04	1.866281755168389012e+00
4.776914289060000010e+04	1.830349399220931872e+00
4.776933789059999981e+04	1.892834029005186380e+00
4.776953289059999952e+04	1.860484836111959694e+00
4.776972889060000307e+04	1.902903291365218408e+00
4.776992389060000278e+04	1.897825945244305146e+00
4.777011889060000249e+04	1.909899537475038045e+00
4.777031489059999876e+04	1.907448620879668155e+00
4.777050989059999847e+04	1.920232050951513614e+00
4.777070489059999818e+04	1.921198200458398730e+00
4.777090089060000173e+04	1.915106718184304668e+00
4.777109589060000144e+04	1.902048344319675621e+00
4.777129089060000115e+04	1.879876358146530535e+00
4.777148589060000086e+04	1.940680671372966515e+00
4.777168189059999713e+04	1.865090569832508649e+00
4.777187689059999684e+04	1.920281640001636703e+00
4.777207189059999655e+04	1.946068468737474078e+00
4.777226789060000010e+04	1.875581939991352698e+00
4.777246289059999981e+04	1.898497869226057233e+00
4.777265789059999952e+04	1.896352661037603582e+00
4.777285389060000307e+04	1.880726864955477140e+00
4.777304889060000278e+04	1.865141372195033398e+00
4.777324389060000249e+04	1.891199549642017530e+00
4.777343989059999876e+04	1.891753270689983779e+00
4.777363489059999847e+04	1.899163773414990430e+00
4.777382989059999818e+04	1.860891880636732054e+00
4.777402589060000173e+04	1.873742903372235702e+00
4.777422089060000144e+04	1.901809287863427400e+00
4.777441589060000115e+04	1.891976610414635829e+00
4.777461089060000086e+04	1.853488084784068235e+00
4.777480689059999713e+04	1.859157565310901816e+00
4.777500189059999684e+04	1.893095549314720571e+00
4.777519689059999655e+04	1.864631431496672320e+00
4.777539289060000010e+04	1.854248402668957851e+00
4.777558789059999981e+04	1.854044912871433581e+00
4.777578289059999952e+04	1.898190955805581837e+00
4.777597889060000307e+04	1.844681591618044791e+00
4.777617389060000278e+04	1.864087882737596402e+00
4.777636889060000249e+04	1.915329736913665926e+00
4.777656489059999876e+04	1.821054034729005622e+00
4.777675989059999847e+04	1.878609728082842878e+00
4.777695489059999818e+04	1.906951353761597190e+00
4.777715089060000173e+04	1.876679575790138443e+00
4.777734589060000144e+04	1.861170706478706194e+00
4.777754089060000115e+04	1.878578882606820599e+00
4.777773589060000086e+04	1.911420731548346907e+00
4.777793189059999713e+04	1.888099498641890861e+00
4.777812689059999684e+04	1.897962495338207489e+00
4.777832189059999655e+04	1.916113328270615312e+00
4.777851789060000010e+04	1.847651818408198920e+00
4.777871289059999981e+04	1.857578854413709735e+00
4.777890789059999952e+04	1.924670203767867349e+00
4.777910389060000307e+04	1.913380633336768000e+00
4.777929889060000278e+04	1.886549450600123023e+00
4.777949389060000249e+04	1.926654290704144401e+00
4.777968989059999876e+04	1.906218155642871892e+00
4.777988489059999847e+04	1.925503049335082650e+00
4.778007989059999818e+04	1.898898050445067653e+00
4.778027589060000173e+04	1.884288584397364019e+00
4.778047089060000144e+04	1.914797849512545724e+00
4.778066589060000115e+04	1.888221373292376271e+00
4.778086089060000086e+04	1.906294402809987076e+00
4.778105689059999713e+04	1.932086552946650215e+00
4.778125189059999684e+04	1.916866371608724862e+00
4.778144689059999655e+04	1.878996248368213884e+00
4.778164289060000010e+04	1.916345965925785322e+00
4.778183789059999981e+04	1.867796320245050268e+00
4.778203289059999952e+04	1.885860071754789757e+00
4.778222889060000307e+04	1.887972439073644537e+00
4.778242389060000278e+04	1.888854565223216042e+00
4.778261889060000249e+04	1.937027438104845345e+00
4.778281489059999876e+04	1.915034770329079095e+00
4.778300989059999847e+04	1.840658678773696266e+00
4.778320489059999818e+04	1.873220596348396327e+00
4.778340089060000173e+04	1.869303229045877757e+00
4.778359589060000144e+04	1.905762303100226873e+00
4.778379089060000115e+04	1.883529272107917762e+00
4.778398589060000086e+04	1.912169569979143446e+00
4.778418189059999713e+04	1.884205986425406820e+00
4.778437689059999684e+04	1.916079536112430759e+00
4.778457189059999655e+04	1.899670483844641211e+00
4.778476789060000010e+04	1.886821594388447210e+00
4.778496289059999981e+04	1.892835120194945375e+00
4.778515789059999952e+04	1.861032842006274279e+00
4.778535389060000307e+04	1.900082279990474632e+00
4.778554889060000278e+04	1.871056884946000309e+00
4.778574389060000249e+04	1.881304132377303873e+00
4.778593989059999876e+04	1.921814669107906326e+00
4.778613489059999847e+04	1.892272150234264316e+00
4.778632989059999818e+04	1.924895398354538045e+00
4.778652589060000173e+04	1.918887928325879955e+00
4.778672089060000144e+04	1.924632065752973631e+00
4.778691589060000115e+04	1.905769664428291321e+00
4.778711089060000086e+04	1.867082064782803030e+00
4.778730689059999713e+04	1.858889278715105675e+00
4.778750189059999684e+04	1.875986802885151405e+00
4.778769689059999655e+04	1.865511188118007979e+00
4.778789289060000010e+04	1.883837475728839195e+00
4.778808789059999981e+04	1.905882719585905605e+00
4.778828289059999952e+04	1.917802145194126950e+00
4.778847889060000307e+04	1.909593868897738744e+00
4.778867389060000278e+04	1.885260816326912447e+00
4.778886889060000249e+04	1.870659579886115864e+00
4.778906489059999876e+04	1.868901432891966863e+00
4.778925989059999847e+04	1.839081872411991725e+00
4.778945489059999818e+04	1.849845274473832291e+00
4.778965089060000173e+04	1.889698278266395803e+00
4.778984589060000144e+04	1.878674148587755610e+00
4.779004089060000115e+04	1.886381178241133938e+00
4.779023589060000086e+04	1.850011631393137179e+00
4.779043189059999713e+04	1.872360251564453293e+00
4.779062689059999684e+04	1.889309666684331646e+00
4.779082189059999655e+04	1.850633318103804825e+00
4.779101789060000010e+04	1.835095984080810538e+00
4.779121289059999981e+04	1.851157238114069514e+00
4.779140789059999952e+04	1.814714254395109805e+00
4.779160389060000307e+04	1.889530029276780709e+00
4.779179889060000278e+04	1.875536348100297346e+00
4.779199389060000249e+04	1.843685475968626974e+00
4.779218989059999876e+04	1.840843148858983369e+00
4.779238489059999847e+04	1.845334041479564036e+00
4.779257989059999818e+04	1.871514528065139515e+00
4.779277589060000173e+04	1.833553801360752189e+00
4.779297089060000144e+04	1.847939189147670191e+00
4.779316589060000115e+04	1.831522256389217063e+00
4.779336089060000086e+04	1.836235779173659211e+00
4.779355689059999713e+04	1.842836770318472261e+00
