# time(sec)	crack length FEA(mm)
1.987499990600000046e+03	4.642148905030101247e-01
1.987695290600000135e+03	4.450196211459296336e-01
1.987890590599999996e+03	4.377191571913190415e-01
1.988085890600000084e+03	4.351725836396962421e-01
1.988281290600000148e+03	4.159411590635073708e-01
1.988476590600000009e+03	4.697773013201356207e-01
1.988671890600000097e+03	4.327530500175917894e-01
1.988867190599999958e+03	4.310313531198968207e-01
1.989062490600000046e+03	4.026049902242903045e-01
1.989257790600000135e+03	3.813116856350529105e-01
1.989453090599999996e+03	4.796543225668781218e-01
1.989648390600000084e+03	4.028856723823253105e-01
1.989843790600000148e+03	4.216519011916872728e-01
1.990039090600000009e+03	4.239881047576190554e-01
1.990234390600000097e+03	4.192512876782465980e-01
1.990429690599999958e+03	4.305494193700596384e-01
1.990624990600000046e+03	4.195667347117453261e-01
1.990820290600000135e+03	3.980749004565993232e-01
1.991015590599999996e+03	4.326055232576369036e-01
1.991210890600000084e+03	4.299165381679852516e-01
1.991406290600000148e+03	4.136256056377956014e-01
1.991601590600000009e+03	4.230689452620932656e-01
1.991796890600000097e+03	4.188186724804126015e-01
1.991992190599999958e+03	4.033321233061126776e-01
1.992187490600000046e+03	4.305302768570999916e-01
1.992382790600000135e+03	4.380185775432980932e-01
1.992578090599999996e+03	3.960779343490372639e-01
1.992773390600000084e+03	3.874466698093215200e-01
1.992968790600000148e+03	3.875639729425284230e-01
1.993164090600000009e+03	4.332191370981206546e-01
1.993359390600000097e+03	4.101457263352941141e-01
1.993554690599999958e+03	4.290247041476860090e-01
1.993749990600000046e+03	4.195396871517118598e-01
1.993945290600000135e+03	3.845271582257776544e-01
1.994140590599999996e+03	4.040591865985838638e-01
1.994335890600000084e+03	3.956381621092379675e-01
1.994531290600000148e+03	4.046713212206043409e-01
1.994726590600000009e+03	4.074171275317937102e-01
1.994921890600000097e+03	3.976024938030615630e-01
1.995117190599999958e+03	4.464116997737921366e-01
1.995312490600000046e+03	4.052383095399143542e-01
1.995507790600000135e+03	3.903556835685968451e-01
1.995703090599999996e+03	4.221914458819995275e-01
1.995898390600000084e+03	4.374579978691528481e-01
1.996093790600000148e+03	4.372654845372565546e-01
1.996289090600000009e+03	4.045270351624115079e-01
1.996484390600000097e+03	4.429386214372108554e-01
1.996679690599999958e+03	4.247945447652021755e-01
1.996874990600000046e+03	4.064849487176900311e-01
1.997070290600000135e+03	3.713579905714894380e-01
1.997265590599999996e+03	4.154487875872998615e-01
1.997460890600000084e+03	4.253994131275149471e-01
1.997656290600000148e+03	4.030063109871484528e-01
1.997851590600000009e+03	4.076977647692441309e-01
1.998046890600000097e+03	4.242764489537425021e-01
1.998242190599999958e+03	3.831801149699245457e-01
1.998437490600000046e+03	4.364931726449619021e-01
1.998632790600000135e+03	3.622754621199408831e-01
1.998828090599999996e+03	3.873541427677267279e-01
1.999023390600000084e+03	3.783722677581398131e-01
1.999218790600000148e+03	4.110642048639654433e-01
1.999414090600000009e+03	3.745510517258932026e-01
1.999609390600000097e+03	3.833606256149479918e-01
1.999804690599999958e+03	3.905620682743062844e-01
1.999999990600000046e+03	3.942658008524837498e-01
2.000195290600000135e+03	3.922820321418640788e-01
2.000390590599999996e+03	3.882870522214680875e-01
2.000585890600000084e+03	4.107700530454678756e-01
2.000781290600000148e+03	4.127523397822567830e-01
2.000976590600000009e+03	3.753060955262466081e-01
2.001171890600000097e+03	3.921264068410899029e-01
2.001367190599999958e+03	4.144921523873605906e-01
2.001562490600000046e+03	4.013287734612056568e-01
2.001757790600000135e+03	3.395516702383716279e-01
2.001953090599999996e+03	4.453662150301589406e-01
2.002148390600000084e+03	3.979429928429407681e-01
2.002343790600000148e+03	3.847279321218621817e-01
2.002539090600000009e+03	3.733896918045491731e-01
2.002734390600000097e+03	3.965301067181883354e-01
2.002929690599999958e+03	3.618350602454079024e-01
2.003124990600000046e+03	3.670130218593996574e-01
2.003320290600000135e+03	3.891036679632069450e-01
2.003515590599999996e+03	3.909669946787719397e-01
2.003710890600000084e+03	4.180615873401176685e-01
2.003906290600000148e+03	4.094661534023931182e-01
2.004101590600000009e+03	4.273770635721447775e-01
2.004296890600000097e+03	3.848249751619796655e-01
2.004492190599999958e+03	3.844199482911765386e-01
2.004687490600000046e+03	4.066123085743083010e-01
2.004882790600000135e+03	4.226781000557942036e-01
2.005078090599999996e+03	3.765520133869166841e-01
2.005273390600000084e+03	3.716616282616200806e-01
2.005468790600000148e+03	3.884506081300305169e-01
2.005664090600000009e+03	4.098842754038916070e-01
2.005859390600000097e+03	4.279367789783030673e-01
2.006054690599999958e+03	3.801968857174955474e-01
2.006249990600000046e+03	4.287881880314774463e-01
2.006445290600000135e+03	4.006083800406372575e-01
2.006640590599999996e+03	4.034887723724249753e-01
2.006835890600000084e+03	4.063711434072647677e-01
2.007031290600000148e+03	4.421665450238716488e-01
2.007226590600000009e+03	3.863648405141404396e-01
2.007421890600000097e+03	4.094413408002228749e-01
2.007617190599999958e+03	3.786182713534138600e-01
2.007812490600000046e+03	4.277948826779294222e-01
2.008007790600000135e+03	4.049519896157569576e-01
2.008203090599999996e+03	3.652235593403574399e-01
2.008398390600000084e+03	4.167129620073666274e-01
2.008593790600000148e+03	4.089127674051091788e-01
2.008789090600000009e+03	3.919188726248492571e-01
2.008984390600000097e+03	4.038055825631392537e-01
2.009179690599999958e+03	3.647696803374618213e-01
2.009374990600000046e+03	3.726379733280094086e-01
2.009570290600000135e+03	4.025328364318365715e-01
2.009765590599999996e+03	3.834384368685661570e-01
2.009960890600000084e+03	4.218647789112992541e-01
2.010156290600000148e+03	4.145124591415019211e-01
2.010351590600000009e+03	3.549697295352345350e-01
2.010546890600000097e+03	3.787582109191198754e-01
2.010742190599999958e+03	4.202719252815452222e-01
2.010937490600000046e+03	3.945285696455336222e-01
2.011132790600000135e+03	3.907131982985578844e-01
2.011328090599999996e+03	3.798978596968751731e-01
2.011523390600000084e+03	3.500852647960144282e-01
2.011718790600000148e+03	3.857861594427767216e-01
2.011914090600000009e+03	4.171501143636291431e-01
2.012109390600000097e+03	3.605150008143258589e-01
2.012304690599999958e+03	3.951149507278728379e-01
2.012499990600000046e+03	3.600463491845129482e-01
2.012695290600000135e+03	4.101468202664371177e-01
2.012890590599999996e+03	3.960136752599403565e-01
2.013085890600000084e+03	3.843974169930710616e-01
2.013281290600000148e+03	3.722271430572305917e-01
2.013476590600000009e+03	4.025204218136586576e-01
2.013671890600000097e+03	4.116175427150956523e-01
2.013867190599999958e+03	3.915433070292664297e-01
2.014062490600000046e+03	4.129641906770142867e-01
2.014257790600000135e+03	3.796259213244095321e-01
2.014453090599999996e+03	4.084078442776206685e-01
2.014648390600000084e+03	3.871195436470777906e-01
2.014843790600000148e+03	3.957430665294232597e-01
2.015039090600000009e+03	3.836347713388281733e-01
2.015234390600000097e+03	3.924714860242932701e-01
2.015429690599999958e+03	3.999341525180994950e-01
2.015624990600000046e+03	3.992565555878577754e-01
2.015820290600000135e+03	3.882373844964899234e-01
2.016015590599999996e+03	4.040197663023459285e-01
2.016210890600000084e+03	3.597922649622269375e-01
2.016406290600000148e+03	3.732632758638931847e-01
2.016601590600000009e+03	3.702743529919576559e-01
2.016796890600000097e+03	3.824027586483680352e-01
2.016992190599999958e+03	3.817381922013716178e-01
2.017187490600000046e+03	3.995215183029703354e-01
2.017382790600000135e+03	4.308365359386900906e-01
2.017578090599999996e+03	4.063091573440846815e-01
2.017773390600000084e+03	4.011890195330014564e-01
2.017968790600000148e+03	3.953325612780123066e-01
2.018164090600000009e+03	4.158025910501077504e-01
2.018359390600000097e+03	3.894521900930207892e-01
2.018554690599999958e+03	4.208521032113932137e-01
2.018749990600000046e+03	4.034324438955181336e-01
2.018945290600000135e+03	4.077778037923689425e-01
2.019140590599999996e+03	4.249792508560759074e-01
2.019335890600000084e+03	3.563036473920391245e-01
2.019531290600000148e+03	4.106122980978490489e-01
2.019726590600000009e+03	3.907199511218806265e-01
2.019921890600000097e+03	4.020210333055231899e-01
2.020117190599999958e+03	4.042497123032333661e-01
2.020312490600000046e+03	4.127680887895088802e-01
2.020507790600000135e+03	3.763850053608219781e-01
2.020703090599999996e+03	3.463964213808896631e-01
2.020898390600000084e+03	4.213105769696223746e-01
2.021093790600000148e+03	4.167400223391748426e-01
2.021289090600000009e+03	3.643473915086818948e-01
2.021484390600000097e+03	4.150104533525311723e-01
2.021679690599999958e+03	3.883761651333479392e-01
2.021874990600000046e+03	4.114191746345507994e-01
2.022070290600000135e+03	4.175917495305938587e-01
2.022265590599999996e+03	4.181336958335517551e-01
2.022460890600000084e+03	4.101310695894575531e-01
2.022656290600000148e+03	3.841255280220963186e-01
2.022851590600000009e+03	3.543247929894555170e-01
2.023046890600000097e+03	3.440246589541153810e-01
2.023242190599999958e+03	4.131850514813990571e-01
2.023437490600000046e+03	3.812327143364733217e-01
2.023632790600000135e+03	3.477533940328427775e-01
2.023828090599999996e+03	4.121618076883315496e-01
2.024023390600000084e+03	4.021393519812193063e-01
2.024218790600000148e+03	3.722734106444587354e-01
2.024414090600000009e+03	4.010029831780883569e-01
2.024609390600000097e+03	3.696839993290641502e-01
2.024804690599999958e+03	3.562629964933385907e-01
2.024999990600000046e+03	3.674092856046673461e-01
2.025195290600000135e+03	4.165675944818190146e-01
2.025390590599999996e+03	4.132582679949017290e-01
2.025585890600000084e+03	3.887449672858611649e-01
2.025781290600000148e+03	3.965256026641679199e-01
2.025976590600000009e+03	3.536956262937351880e-01
2.026171890600000097e+03	4.089521799032631577e-01
2.026367190599999958e+03	4.060746797607031056e-01
2.026562490600000046e+03	3.657993653299396186e-01
2.026757790600000135e+03	3.530856461531310941e-01
2.026953090599999996e+03	3.846489717163397160e-01
2.027148390600000084e+03	3.924151324616502734e-01
2.027343790600000148e+03	4.037153728795406238e-01
2.027539090600000009e+03	3.980534857357973522e-01
2.027734390600000097e+03	3.821578781154340021e-01
2.027929690599999958e+03	3.636146221913847398e-01
2.028124990600000046e+03	3.694683935419931231e-01
2.028320290600000135e+03	3.354136511587579861e-01
2.028515590599999996e+03	3.612760982623761663e-01
2.028710890600000084e+03	3.630500650700430043e-01
2.028906290600000148e+03	3.720555682830468669e-01
2.029101590600000009e+03	3.772336441755914649e-01
2.029296890600000097e+03	3.538176302248032812e-01
2.029492190599999958e+03	3.175265681164152198e-01
2.029687490600000046e+03	3.510172879911284127e-01
2.029882790600000135e+03	3.692866471213989144e-01
2.030078090599999996e+03	3.464856850239979025e-01
2.030273390600000084e+03	3.269624622373719092e-01
2.030468790600000148e+03	3.672591188572145171e-01
2.030664090600000009e+03	3.405914600590023156e-01
2.030859390600000097e+03	3.772212168636244201e-01
2.031054690599999958e+03	3.461071688659380641e-01
2.031249990600000046e+03	3.865408220738508760e-01
2.031445290600000135e+03	3.701908376575424597e-01
2.031640590599999996e+03	3.723129106076132899e-01
2.031835890600000084e+03	3.640865815744565026e-01
2.032031290600000148e+03	3.428900968667711879e-01
2.032226590600000009e+03	3.572173727571623658e-01
2.032421890600000097e+03	3.720544338843971843e-01
2.032617190599999958e+03	3.522260013371898424e-01
2.032812490600000046e+03	3.897116673536604736e-01
2.033007790600000135e+03	3.612987087936403441e-01
2.033203090599999996e+03	4.084957326620415330e-01
2.033398390600000084e+03	3.635242950797579198e-01
2.033593790600000148e+03	3.608131355841663890e-01
2.033789090600000009e+03	3.588526846226756106e-01
2.033984390600000097e+03	3.673178474009652916e-01
2.034179690599999958e+03	3.688136521897700248e-01
2.034374990600000046e+03	3.903218414281894866e-01
2.034570290600000135e+03	4.014809804828001205e-01
2.034765590599999996e+03	3.957329054466782736e-01
2.034960890600000084e+03	4.026478117688832015e-01
2.035156290600000148e+03	3.709189038792644055e-01
2.035351590600000009e+03	3.871353089792055613e-01
2.035546890600000097e+03	4.416082446153097862e-01
2.035742190599999958e+03	4.229281627454799519e-01
2.035937490600000046e+03	3.934729634369009688e-01
2.036132790600000135e+03	4.285302813123319510e-01
2.036328090599999996e+03	4.025091692448405922e-01
2.036523390600000084e+03	3.822053095519137855e-01
2.036718790600000148e+03	4.136707214868380333e-01
2.036914090600000009e+03	4.041798194803636335e-01
2.037109390600000097e+03	4.383799581027059133e-01
2.037304690599999958e+03	4.209174589816129242e-01
2.037499990600000046e+03	4.392591258303468749e-01
2.037695290600000135e+03	4.281271207311618809e-01
2.037890590599999996e+03	4.245692887343004429e-01
2.038085890600000084e+03	4.435632800778339657e-01
2.038281290600000148e+03	4.323690414294922846e-01
2.038476590600000009e+03	4.289999111739497550e-01
2.038671890600000097e+03	4.046261889496634012e-01
2.038867190599999958e+03	3.744167598466496827e-01
2.039062490600000046e+03	4.066630431984403771e-01
2.039257790600000135e+03	4.442340657262917603e-01
2.039453090599999996e+03	4.075523345470504211e-01
2.039648390600000084e+03	4.257800665458155720e-01
2.039843790600000148e+03	4.437309661145789619e-01
2.040039090600000009e+03	3.672546094768200931e-01
2.040234390600000097e+03	4.202415303020643478e-01
2.040429690599999958e+03	4.320222746965924898e-01
2.040624990600000046e+03	4.535644431282435107e-01
2.040820290600000135e+03	3.915072091846223401e-01
2.041015590599999996e+03	4.195869889117354035e-01
2.041210890600000084e+03	4.221970967181380985e-01
2.041406290600000148e+03	4.074103792639718336e-01
2.041601590600000009e+03	4.543823061461811363e-01
2.041796890600000097e+03	4.373982848579327509e-01
2.041992190599999958e+03	4.333734013762189363e-01
2.042187490600000046e+03	3.930974214214089102e-01
2.042382790600000135e+03	4.036161573409842163e-01
2.042578090599999996e+03	3.742181224802081374e-01
2.042773390600000084e+03	4.157451388611814735e-01
2.042968790600000148e+03	3.858493500812336663e-01
2.043164090600000009e+03	3.965763482920685590e-01
2.043359390600000097e+03	3.968515100222536063e-01
2.043554690599999958e+03	3.558360513117300172e-01
2.043749990600000046e+03	3.770316462678984237e-01
2.043945290600000135e+03	3.887810691586288669e-01
2.044140590600000223e+03	3.647324281201207441e-01
2.044335890600000084e+03	3.826035497684934228e-01
2.044531290600000148e+03	3.996466768004012238e-01
2.044726590600000009e+03	3.757699411931518796e-01
2.044921890599999870e+03	3.907109408980975473e-01
2.045117190600000185e+03	3.863017093320681994e-01
2.045312490600000046e+03	3.782549210791472660e-01
2.045507790599999907e+03	3.605477487684254356e-01
2.045703090600000223e+03	3.568706477189351745e-01
2.045898390600000084e+03	4.099203367642090257e-01
2.046093790600000148e+03	3.696693186077482096e-01
2.046289090600000009e+03	3.735623916710402170e-01
2.046484390599999870e+03	3.415577195674437405e-01
2.046679690600000185e+03	3.738795268809518291e-01
2.046874990600000046e+03	3.642706259377863631e-01
2.047070290599999907e+03	4.071353349535122845e-01
2.047265590600000223e+03	3.962764254951380849e-01
2.047460890600000084e+03	3.451478614122311939e-01
2.047656290600000148e+03	3.423058667583500636e-01
2.047851590600000009e+03	3.097867217461054423e-01
2.048046890599999642e+03	3.679500432171991520e-01
2.048242190599999958e+03	3.404253358216315917e-01
2.048437490599999819e+03	3.291289600357210077e-01
2.048632790599999680e+03	3.581954121861308238e-01
2.048828090599999996e+03	3.699616805289096533e-01
2.049023390599999857e+03	3.876305019630592597e-01
2.049218790599999920e+03	3.715385873800407524e-01
2.049414090599999781e+03	3.864923039635357327e-01
2.049609390599999642e+03	4.061614726472217995e-01
2.049804690599999958e+03	3.647674302702093030e-01
2.049999990599999819e+03	3.624933904512097627e-01
2.050195290599999680e+03	3.857917604597211891e-01
2.050390590599999996e+03	3.526563951120778029e-01
2.050585890599999857e+03	3.601118656881006075e-01
2.050781290599999920e+03	3.616001902734815587e-01
2.050976590599999781e+03	3.750476597198204587e-01
2.051171890599999642e+03	3.748896478430925328e-01
2.051367190599999958e+03	3.553628094121048520e-01
2.051562490599999819e+03	3.678269839075749559e-01
2.051757790599999680e+03	3.727621334218120808e-01
2.051953090599999996e+03	3.775789309590997789e-01
2.052148390599999857e+03	4.306710160576727731e-01
2.052343790599999920e+03	3.646974259206103852e-01
2.052539090599999781e+03	3.817020897508456301e-01
2.052734390599999642e+03	3.717124248666276998e-01
2.052929690599999958e+03	4.029612337799104438e-01
2.053124990599999819e+03	3.590763083014572032e-01
2.053320290599999680e+03	4.229890137887153401e-01
2.053515590599999996e+03	3.968639177992265843e-01
2.053710890599999857e+03	4.006489582317644960e-01
2.053906290599999920e+03	3.605104902070710438e-01
2.054101590599999781e+03	3.454676411544426173e-01
2.054296890599999642e+03	3.762698692091568375e-01
2.054492190599999958e+03	4.025238305081924040e-01
2.054687490599999819e+03	3.627937322817480492e-01
2.054882790599999680e+03	3.887145335406252400e-01
2.055078090599999996e+03	3.889356109335970757e-01
2.055273390599999857e+03	3.503326846372871728e-01
2.055468790599999920e+03	3.910707659948151615e-01
2.055664090599999781e+03	3.640154502344845611e-01
2.055859390599999642e+03	3.898492189435653898e-01
2.056054690599999958e+03	3.572647840388931684e-01
2.056249990599999819e+03	3.802284930347639147e-01
2.056445290599999680e+03	3.973701807892844329e-01
2.056640590599999996e+03	3.528936106466478151e-01
2.056835890599999857e+03	3.859305548053946211e-01
2.057031290599999920e+03	3.966902567858063833e-01
2.057226590599999781e+03	3.726312155727402597e-01
2.057421890599999642e+03	3.363812385236251146e-01
2.057617190599999958e+03	4.096622330745507412e-01
2.057812490599999819e+03	4.043680881009379391e-01
2.058007790599999680e+03	3.723230813046729537e-01
2.058203090599999996e+03	3.445772152613812978e-01
2.058398390599999857e+03	3.765452566991012162e-01
2.058593790599999920e+03	3.867066472841571567e-01
2.058789090599999781e+03	3.908463070543959361e-01
2.058984390599999642e+03	3.793427168617249379e-01
2.059179690599999958e+03	3.535646077250085284e-01
2.059374990599999819e+03	4.075669928213692117e-01
2.059570290599999680e+03	4.312520428282908824e-01
2.059765590599999996e+03	4.072446346446323417e-01
2.059960890599999857e+03	3.799237972043290057e-01
2.060156290599999920e+03	4.114327367426628967e-01
2.060351590599999781e+03	4.103733597785641507e-01
2.060546890599999642e+03	4.049553398781995384e-01
2.060742190599999958e+03	4.092023911658237978e-01
2.060937490599999819e+03	4.168121250099900976e-01
2.061132790599999680e+03	4.178430250274800528e-01
2.061328090599999996e+03	4.061772355350274921e-01
2.061523390599999857e+03	3.733027742491650258e-01
2.061718790599999920e+03	3.894127465208789829e-01
2.061914090599999781e+03	4.157101796808753136e-01
2.062109390599999642e+03	3.552679309747901470e-01
2.062304690599999958e+03	3.611518806215805455e-01
2.062499990599999819e+03	3.850652553487954322e-01
2.062695290599999680e+03	4.329658320960341200e-01
2.062890590599999996e+03	3.992373888277143124e-01
2.063085890599999857e+03	3.992622116678496980e-01
2.063281290599999920e+03	3.920294021044838928e-01
2.063476590599999781e+03	3.843240665734946049e-01
2.063671890599999642e+03	4.073100167163374863e-01
2.063867190599999958e+03	4.034188773994440425e-01
2.064062490599999819e+03	3.797331520136442151e-01
2.064257790599999680e+03	3.990704950163816989e-01
2.064453090599999996e+03	3.938699374885672455e-01
2.064648390599999857e+03	4.135760468329419126e-01
2.064843790599999920e+03	4.327777811924171658e-01
2.065039090599999781e+03	3.815124952930908364e-01
2.065234390599999642e+03	3.678258590127256866e-01
2.065429690599999958e+03	3.957408192741134201e-01
2.065624990599999819e+03	3.965177568906916861e-01
2.065820290599999680e+03	4.269874377443709790e-01
2.066015590599999996e+03	3.707597409102447727e-01
2.066210890599999857e+03	4.050049740599614978e-01
2.066406290599999920e+03	4.016422024999766194e-01
2.066601590599999781e+03	3.686872226007480435e-01
2.066796890599999642e+03	3.906399150300181589e-01
2.066992190599999958e+03	4.150172672987135769e-01
2.067187490599999819e+03	4.183117064250048145e-01
2.067382790599999680e+03	4.390835191213682265e-01
2.067578090599999996e+03	3.864392895585417875e-01
2.067773390599999857e+03	4.110010882676196076e-01
2.067968790599999920e+03	3.913075850218632468e-01
2.068164090599999781e+03	3.998484902753070003e-01
2.068359390599999642e+03	4.296800886302776235e-01
2.068554690599999958e+03	4.290978640730020999e-01
2.068749990599999819e+03	4.131399347460540383e-01
2.068945290599999680e+03	4.591664059173066192e-01
2.069140590599999996e+03	4.301856703949979988e-01
2.069335890599999857e+03	4.096825437959985550e-01
2.069531290599999920e+03	4.535756821277168171e-01
2.069726590599999781e+03	3.929045623105658080e-01
2.069921890599999642e+03	3.742576193433890808e-01
2.070117190599999958e+03	3.724088679141495106e-01
2.070312490599999819e+03	3.757417211821660885e-01
2.070507790599999680e+03	4.118733221243768838e-01
2.070703090599999996e+03	3.978031616750765664e-01
2.070898390599999857e+03	4.085701151518090768e-01
2.071093790599999920e+03	3.480878337135191458e-01
2.071289090599999781e+03	3.806098421703083545e-01
2.071484390599999642e+03	3.678100522951730511e-01
2.071679690599999958e+03	3.922279257223912907e-01
2.071874990599999819e+03	3.642683661264776163e-01
2.072070290599999680e+03	3.917880850668993276e-01
2.072265590599999996e+03	3.819886787612052359e-01
2.072460890599999857e+03	3.894544476082657525e-01
2.072656290599999920e+03	3.789398491057305307e-01
2.072851590599999781e+03	4.137090326280628005e-01
2.073046890599999642e+03	3.632713715969178025e-01
2.073242190599999958e+03	4.068107249003016790e-01
2.073437490599999819e+03	3.824929878935208194e-01
2.073632790599999680e+03	3.991291481693632903e-01
2.073828090599999996e+03	4.177889164271242350e-01
2.074023390599999857e+03	3.997977416727476196e-01
2.074218790599999920e+03	3.888521584949327092e-01
2.074414090599999781e+03	3.653646898770350759e-01
2.074609390599999642e+03	3.942939706995591820e-01
2.074804690599999958e+03	3.623127277287707670e-01
2.074999990599999819e+03	3.744517483222065124e-01
2.075195290599999680e+03	3.660409647760651808e-01
2.075390590599999996e+03	3.854612595302917555e-01
2.075585890599999857e+03	4.039678836354170244e-01
2.075781290599999920e+03	4.057568045069395168e-01
2.075976590599999781e+03	3.872470129010885387e-01
2.076171890599999642e+03	3.926936826960947258e-01
2.076367190599999958e+03	3.571902472930865713e-01
2.076562490599999819e+03	3.887348033298980710e-01
2.076757790599999680e+03	3.644998356862458877e-01
2.076953090599999996e+03	3.551007794918188409e-01
2.077148390599999857e+03	4.079750489691633675e-01
2.077343790599999920e+03	3.694841992019703980e-01
2.077539090599999781e+03	4.041020153090713052e-01
2.077734390599999642e+03	3.662599849750698411e-01
2.077929690599999958e+03	3.718885202506232446e-01
2.078124990599999819e+03	3.707021840710584826e-01
2.078320290599999680e+03	3.740409190383395810e-01
2.078515590599999996e+03	4.126779698724512002e-01
2.078710890599999857e+03	4.039678836354170244e-01
2.078906290599999920e+03	3.729698282304276802e-01
2.079101590599999781e+03	3.863670886208012689e-01
2.079296890599999642e+03	3.930083255039669154e-01
2.079492190599999958e+03	3.727858290616659076e-01
2.079687490599999819e+03	3.883513313727036120e-01
2.079882790599999680e+03	3.980061427684837838e-01
2.080078090599999996e+03	3.833301271032247826e-01
2.080273390599999857e+03	3.662599849750698411e-01
2.080468790599999920e+03	4.072965201204006291e-01
2.080664090599999781e+03	3.758331283083293783e-01
2.080859390599999642e+03	3.628095421981836211e-01
2.081054690599999958e+03	3.611247982608709606e-01
2.081249990599999819e+03	4.084495133633261332e-01
2.081445290599999680e+03	3.898458763240082448e-01
2.081640590599999996e+03	3.925166404710651591e-01
2.081835890599999857e+03	3.558021619926918788e-01
2.082031290599999920e+03	3.767404922442736392e-01
2.082226590599999781e+03	3.657067864981158323e-01
2.082421890599999642e+03	3.952096379484579813e-01
2.082617190599999958e+03	3.970950829419983563e-01
2.082812490599999819e+03	4.080246190013454566e-01
2.083007790599999680e+03	4.122260829208528321e-01
2.083203090599999996e+03	4.123635190697516606e-01
2.083398390599999857e+03	4.155107410638301246e-01
2.083593790599999920e+03	3.680854950275289639e-01
2.083789090599999781e+03	4.225902620810817467e-01
2.083984390599999642e+03	4.101637229485817215e-01
2.084179690599999958e+03	4.177089678741392476e-01
2.084374990599999819e+03	4.278365674610302705e-01
2.084570290599999680e+03	3.852796110229483872e-01
2.084765590599999996e+03	4.304480577090288307e-01
2.084960890599999857e+03	4.128188011054909623e-01
2.085156290599999920e+03	4.458850188801797287e-01
2.085351590599999781e+03	3.829409019339315989e-01
2.085546890599999642e+03	4.263341682471555316e-01
2.085742190599999958e+03	4.005993734163979525e-01
2.085937490599999819e+03	4.061174952990125320e-01
2.086132790599999680e+03	4.438784167403575509e-01
2.086328090599999996e+03	4.441305173726881605e-01
2.086523390599999857e+03	4.308951137701484413e-01
2.086718790599999920e+03	4.367825216650977893e-01
2.086914090599999781e+03	4.133134803043052585e-01
2.087109390599999642e+03	3.958163346898846413e-01
2.087304690599999958e+03	4.180007338404152506e-01
