# time(sec)	crack length FEA(mm)
1.870917989060000036e+04	1.184426315908662986e+00
1.870937489060000007e+04	1.147333815134214063e+00
1.870956989059999978e+04	1.138805264310247978e+00
1.870976589059999969e+04	1.159013808150671565e+00
1.870996089059999940e+04	1.141092932042951702e+00
1.871015589059999911e+04	1.195030932842470861e+00
1.871035189059999902e+04	1.175859811928233967e+00
1.871054689059999873e+04	1.142144824410545212e+00
1.871074189059999844e+04	1.123079727390168259e+00
1.871093789059999835e+04	1.108995078674197998e+00
1.871113289059999806e+04	1.162688174211405467e+00
1.871132789060000141e+04	1.122569767654892914e+00
1.871152389060000132e+04	1.129679732620161303e+00
1.871171889060000103e+04	1.114680399480462825e+00
1.871191389060000074e+04	1.141858350624273655e+00
1.871210889060000045e+04	1.087677570271976535e+00
1.871230489060000036e+04	1.124654470291300612e+00
1.871249989060000007e+04	1.086302131125084003e+00
1.871269489059999978e+04	1.184554013543248630e+00
1.871289089059999969e+04	1.146195756686903877e+00
1.871308589059999940e+04	1.142656523727001883e+00
1.871328089059999911e+04	1.135746241758182506e+00
1.871347689059999902e+04	1.156921329899828876e+00
1.871367189059999873e+04	1.123735279808801835e+00
1.871386689059999844e+04	1.137113371669531858e+00
1.871406289059999835e+04	1.144120553934406814e+00
1.871425789059999806e+04	1.159497831091869102e+00
1.871445289060000141e+04	1.150064406652344218e+00
1.871464889060000132e+04	1.130077993816273718e+00
1.871484389060000103e+04	1.155076589384613328e+00
1.871503889060000074e+04	1.149198689209187663e+00
1.871523389060000045e+04	1.180757574073263427e+00
1.871542989060000036e+04	1.172694319450799938e+00
1.871562489060000007e+04	1.171569486532566984e+00
1.871581989059999978e+04	1.135183001146597093e+00
1.871601589059999969e+04	1.120359188774692427e+00
1.871621089059999940e+04	1.156546517140910169e+00
1.871640589059999911e+04	1.146106073217387333e+00
1.871660189059999902e+04	1.133535762686260995e+00
1.871679689059999873e+04	1.126906190839150668e+00
1.871699189059999844e+04	1.170945932150914359e+00
1.871718789059999835e+04	1.116736176888240450e+00
1.871738289059999806e+04	1.120020932774309586e+00
1.871757789060000141e+04	1.097242156309487626e+00
1.871777389060000132e+04	1.135268404128010999e+00
1.871796889060000103e+04	1.121151504973392221e+00
1.871816389060000074e+04	1.171766108668514050e+00
1.871835889060000045e+04	1.142227948123537118e+00
1.871855489060000036e+04	1.139471278882407290e+00
1.871874989060000007e+04	1.149651176056639912e+00
1.871894489059999978e+04	1.149695964179000995e+00
1.871914089059999969e+04	1.164085374238826631e+00
1.871933589059999940e+04	1.175426396724114753e+00
1.871953089059999911e+04	1.139711753454220045e+00
1.871972689059999902e+04	1.170979797945426171e+00
1.871992189059999873e+04	1.109436293906323812e+00
1.872011689059999844e+04	1.153326994570312181e+00
1.872031289059999835e+04	1.152532372814125239e+00
1.872050789059999806e+04	1.194736382726823365e+00
1.872070289060000141e+04	1.125885390964109334e+00
1.872089889060000132e+04	1.146799115710315675e+00
1.872109389060000103e+04	1.175545420214287873e+00
1.872128889060000074e+04	1.149021598208889827e+00
1.872148389060000045e+04	1.141860604857745543e+00
1.872167989060000036e+04	1.140466414457376843e+00
1.872187489060000007e+04	1.172337204159092039e+00
1.872206989059999978e+04	1.174723217363009553e+00
1.872226589059999969e+04	1.196114354609784769e+00
1.872246089059999940e+04	1.184397907310287934e+00
1.872265589059999911e+04	1.178026018599332758e+00
1.872285189059999902e+04	1.146296239333420175e+00
1.872304689059999873e+04	1.136236283091573540e+00
1.872324189059999844e+04	1.152357466077212678e+00
1.872343789059999835e+04	1.151944369355828002e+00
1.872363289059999806e+04	1.122694509048514533e+00
1.872382789060000141e+04	1.159907605046806012e+00
1.872402389060000132e+04	1.185661822526235198e+00
1.872421889060000103e+04	1.119033682794016826e+00
1.872441389060000074e+04	1.139572917260709417e+00
1.872460889060000045e+04	1.158812762555411879e+00
1.872480489060000036e+04	1.169578501586432395e+00
1.872499989060000007e+04	1.155929137941342333e+00
1.872519489059999978e+04	1.164884957095342344e+00
1.872539089059999969e+04	1.152756473117682035e+00
1.872558589059999940e+04	1.183417742887256097e+00
1.872578089059999911e+04	1.158301412006629505e+00
1.872597689059999902e+04	1.171618548411233363e+00
1.872617189059999873e+04	1.142095701446535827e+00
1.872636689059999844e+04	1.113051485825133469e+00
1.872656289059999835e+04	1.166575993863679273e+00
1.872675789059999806e+04	1.127415023579896314e+00
1.872695289060000141e+04	1.154323707738091898e+00
1.872714889060000132e+04	1.138052898972603089e+00
1.872734389060000103e+04	1.134074989376770759e+00
1.872753889060000074e+04	1.132205636562717999e+00
1.872773389060000045e+04	1.161408766287912897e+00
1.872792989060000036e+04	1.179173520379862339e+00
1.872812489060000007e+04	1.159031265810906319e+00
1.872831989059999978e+04	1.177934392365180827e+00
1.872851589059999969e+04	1.131603973354840420e+00
1.872871089059999940e+04	1.151582622152851343e+00
1.872890589059999911e+04	1.108556018587535164e+00
1.872910189059999902e+04	1.134899825584355426e+00
1.872929689059999873e+04	1.132120316517875480e+00
1.872949189059999844e+04	1.114818441062441323e+00
1.872968789059999835e+04	1.142149238897543384e+00
1.872988289059999806e+04	1.113064651491338708e+00
1.873007789060000141e+04	1.112812809839379469e+00
1.873027389060000132e+04	1.117377706987541686e+00
1.873046889060000103e+04	1.111905292564479453e+00
1.873066389060000074e+04	1.114856806700208480e+00
1.873085889060000045e+04	1.121190800461015158e+00
1.873105489060000036e+04	1.089746604354061787e+00
1.873124989060000007e+04	1.087481285567406530e+00
1.873144489059999978e+04	1.121909858794463588e+00
1.873164089059999969e+04	1.117727941445833650e+00
1.873183589059999940e+04	1.117973149503034946e+00
1.873203089059999911e+04	1.084153801535043371e+00
1.873222689059999902e+04	1.120539690282310374e+00
1.873242189059999873e+04	1.132643225846241108e+00
1.873261689059999844e+04	1.140588807424824935e+00
1.873281289059999835e+04	1.086548699271110863e+00
1.873300789059999806e+04	1.132442990051114151e+00
1.873320289060000141e+04	1.130526523019925733e+00
1.873339889060000132e+04	1.145733249293027001e+00
1.873359389060000103e+04	1.125304339695947675e+00
1.873378889060000074e+04	1.120766255336205219e+00
1.873398389060000045e+04	1.098048323848924923e+00
1.873417989060000036e+04	1.107793851955792164e+00
1.873437489060000007e+04	1.112282974433005833e+00
1.873456989059999978e+04	1.133487655440450936e+00
1.873476589059999969e+04	1.138871960547508166e+00
1.873496089059999940e+04	1.133365225818113942e+00
1.873515589059999911e+04	1.116550192914891326e+00
1.873535189059999902e+04	1.153064689720837421e+00
1.873554689059999873e+04	1.125738766622234266e+00
1.873574189059999844e+04	1.122690090939515883e+00
1.873593789059999835e+04	1.119122340479151489e+00
1.873613289059999806e+04	1.102225051517615739e+00
1.873632789060000141e+04	1.143991604943398244e+00
1.873652389060000132e+04	1.122515057959684981e+00
1.873671889060000103e+04	1.097421704335657111e+00
1.873691389060000074e+04	1.103430793357560447e+00
1.873710889060000045e+04	1.138340452084102949e+00
1.873730489060000036e+04	1.133753465545634498e+00
1.873749989060000007e+04	1.112460339891264027e+00
1.873769489059999978e+04	1.117514510592199528e+00
1.873789089059999969e+04	1.123507615104832880e+00
1.873808589059999940e+04	1.119839299158689627e+00
1.873828089059999911e+04	1.130630361067321843e+00
1.873847689059999902e+04	1.109445041002450338e+00
1.873867189059999873e+04	1.132219919183409473e+00
1.873886689059999844e+04	1.152058065558174249e+00
1.873906289059999835e+04	1.160549000617216109e+00
1.873925789059999806e+04	1.162954689277608367e+00
1.873945289060000141e+04	1.131274710626845703e+00
1.873964889060000132e+04	1.130631488717829924e+00
1.873984389060000103e+04	1.100185518854146949e+00
1.874003889060000074e+04	1.147339167701815654e+00
1.874023389060000045e+04	1.198122597248335808e+00
1.874042989060000036e+04	1.122026989256244889e+00
1.874062489060000007e+04	1.189247876279811322e+00
1.874081989059999978e+04	1.182709362690845367e+00
1.874101589059999969e+04	1.125465253409462463e+00
1.874121089059999940e+04	1.138949647336641391e+00
1.874140589059999911e+04	1.170043733296905586e+00
1.874160189059999902e+04	1.152192509909298224e+00
1.874179689059999873e+04	1.180172334291844649e+00
1.874199189059999844e+04	1.140640187860634924e+00
1.874218789059999835e+04	1.177660355594198904e+00
1.874238289059999806e+04	1.184898849965893675e+00
1.874257789060000141e+04	1.152390231849775404e+00
1.874277389060000132e+04	1.162605028404325225e+00
1.874296889060000103e+04	1.145160384983848090e+00
1.874316389060000074e+04	1.118576192594391117e+00
1.874335889060000045e+04	1.156662256349283879e+00
1.874355489060000036e+04	1.158011848292378687e+00
1.874374989060000007e+04	1.180586064026920567e+00
1.874394489059999978e+04	1.109504201385256295e+00
1.874414089059999969e+04	1.162859720168450295e+00
1.874433589059999940e+04	1.153909518754964836e+00
1.874453089059999911e+04	1.105570796820398272e+00
1.874472689059999902e+04	1.136494452635663066e+00
1.874492189059999873e+04	1.136216647811099989e+00
1.874511689059999844e+04	1.123390491949729508e+00
1.874531289059999835e+04	1.130449842323955068e+00
1.874550789059999806e+04	1.119296364304453562e+00
1.874570289060000141e+04	1.155014444698334586e+00
1.874589889060000132e+04	1.135762777060264739e+00
1.874609389060000103e+04	1.142084712165319260e+00
1.874628889060000074e+04	1.091193098585197419e+00
1.874648389060000045e+04	1.143005445984005775e+00
1.874667989060000036e+04	1.120846163656793237e+00
1.874687489060000007e+04	1.123733023852173218e+00
1.874706989059999978e+04	1.129597692614598969e+00
1.874726589059999969e+04	1.152942267279581046e+00
1.874746089059999940e+04	1.148799622254696118e+00
1.874765589059999911e+04	1.135962890881682341e+00
1.874785189059999902e+04	1.137768536422793630e+00
1.874804689059999873e+04	1.132864225568690486e+00
1.874824189059999844e+04	1.110894757135662658e+00
1.874843789059999835e+04	1.161903720381278760e+00
1.874863289059999806e+04	1.138311988145257914e+00
1.874882789060000141e+04	1.135863303932787005e+00
1.874902389060000132e+04	1.103118732615062214e+00
1.874921889060000103e+04	1.128041979984431009e+00
1.874941389060000074e+04	1.132361993205229567e+00
1.874960889060000045e+04	1.126583441993576074e+00
1.874980489060000036e+04	1.158524331417090991e+00
1.874999989060000007e+04	1.153764194159061063e+00
1.875019489059999978e+04	1.163107652555764204e+00
1.875039089059999969e+04	1.137391259933970389e+00
1.875058589059999940e+04	1.136348927281197518e+00
1.875078089059999911e+04	1.112167958902405829e+00
1.875097689059999902e+04	1.144858545662220450e+00
1.875117189059999873e+04	1.123801924430720689e+00
1.875136689059999844e+04	1.147334754181247973e+00
1.875156289059999835e+04	1.130969499541807366e+00
1.875175789059999806e+04	1.178928944739750406e+00
1.875195289060000141e+04	1.123359942075062179e+00
1.875214889060000132e+04	1.108841671927066841e+00
1.875234389060000103e+04	1.101982879697096962e+00
1.875253889060000074e+04	1.125505669649712104e+00
1.875273389060000045e+04	1.123972718044674579e+00
1.875292989060000036e+04	1.126914931501055150e+00
1.875312489060000007e+04	1.126707128441546857e+00
1.875331989059999978e+04	1.127060514740453101e+00
1.875351589059999969e+04	1.110623141957136184e+00
1.875371089059999940e+04	1.093993777862237948e+00
1.875390589059999911e+04	1.126946792596225322e+00
1.875410189059999902e+04	1.152110453880681007e+00
1.875429689059999873e+04	1.119735225855126970e+00
1.875449189059999844e+04	1.135961763484598208e+00
1.875468789059999835e+04	1.132284378798765090e+00
1.875488289059999806e+04	1.131884087391785698e+00
1.875507789060000141e+04	1.121623140537961305e+00
1.875527389060000132e+04	1.163837358249789844e+00
1.875546889060000103e+04	1.129551738810548045e+00
1.875566389060000074e+04	1.155902854145615777e+00
1.875585889060000045e+04	1.136573180634670166e+00
1.875605489060000036e+04	1.097166497301106602e+00
1.875624989060000007e+04	1.146288632718073686e+00
1.875644489059999978e+04	1.137527948199867467e+00
1.875664089059999969e+04	1.146261305227982419e+00
1.875683589059999940e+04	1.127916138916990718e+00
1.875703089059999911e+04	1.161592427935104865e+00
1.875722689059999902e+04	1.128678693600322802e+00
1.875742189059999873e+04	1.124866709030946765e+00
1.875761689059999844e+04	1.161946326867413504e+00
1.875781289059999835e+04	1.133011839457441994e+00
1.875800789059999806e+04	1.147235402798663984e+00
1.875820289060000141e+04	1.135801014902177997e+00
1.875839889060000132e+04	1.139820060150338321e+00
1.875859389060000103e+04	1.094968799152887584e+00
1.875878889060000074e+04	1.138727577048076256e+00
1.875898389060000045e+04	1.144311862980536887e+00
1.875917989060000036e+04	1.106313374743180589e+00
1.875937489060000007e+04	1.115015534464387059e+00
1.875956989059999978e+04	1.107629620327090336e+00
1.875976589059999969e+04	1.139167206567000434e+00
1.875996089059999940e+04	1.117439010143595368e+00
1.876015589059999911e+04	1.116055419559236483e+00
1.876035189059999902e+04	1.133708647295536665e+00
1.876054689059999873e+04	1.142423686879535438e+00
1.876074189059999844e+04	1.127947810704807097e+00
1.876093789059999835e+04	1.117585591741567796e+00
1.876113289059999806e+04	1.153142236124010012e+00
1.876132789060000141e+04	1.121424033822545852e+00
1.876152389060000132e+04	1.112192128197497354e+00
1.876171889060000103e+04	1.146525845277324152e+00
1.876191389060000074e+04	1.158335202031125277e+00
1.876210889060000045e+04	1.172976011793039675e+00
1.876230489060000036e+04	1.125585562015121610e+00
1.876249989060000007e+04	1.122001889920234419e+00
1.876269489059999978e+04	1.126382215171322088e+00
1.876289089059999969e+04	1.111697264029881893e+00
1.876308589059999940e+04	1.154961875047916919e+00
1.876328089059999911e+04	1.139286506333823112e+00
1.876347689059999902e+04	1.161058050232968597e+00
1.876367189059999873e+04	1.160630933567459167e+00
1.876386689059999844e+04	1.155172903938810336e+00
1.876406289059999835e+04	1.161350955275395336e+00
1.876425789059999806e+04	1.141434081283581037e+00
1.876445289060000141e+04	1.108902056552757642e+00
1.876464889060000132e+04	1.144232221503362013e+00
1.876484389060000103e+04	1.188410963444088253e+00
1.876503889060000074e+04	1.156052577520451763e+00
1.876523389060000045e+04	1.143588223927396896e+00
1.876542989060000036e+04	1.154856923146905245e+00
1.876562489060000007e+04	1.156713695815929199e+00
1.876581989059999978e+04	1.148833519732466613e+00
1.876601589059999969e+04	1.124561415506645901e+00
1.876621089059999940e+04	1.137354058042731708e+00
1.876640589059999911e+04	1.115319822401040994e+00
1.876660189059999902e+04	1.158522078768275065e+00
1.876679689059999873e+04	1.120812226155848634e+00
1.876699189059999844e+04	1.149455590874167044e+00
1.876718789059999835e+04	1.168063597240628582e+00
1.876738289059999806e+04	1.165809121498867285e+00
1.876757789060000141e+04	1.155779413786303778e+00
1.876777389060000132e+04	1.124623734054299717e+00
1.876796889060000103e+04	1.149606293953928216e+00
1.876816389060000074e+04	1.155802318357853409e+00
1.876835889060000045e+04	1.152258135750543033e+00
1.876855489060000036e+04	1.153317137067642051e+00
1.876874989060000007e+04	1.146310513469209980e+00
1.876894489059999978e+04	1.114933349723690625e+00
1.876914089059999969e+04	1.126532031099458209e+00
1.876933589059999940e+04	1.122925471601263325e+00
1.876953089059999911e+04	1.169442091926365279e+00
1.876972689059999902e+04	1.131881832209792549e+00
1.876992189059999873e+04	1.089931668653321140e+00
1.877011689059999844e+04	1.103912753102152422e+00
1.877031289059999835e+04	1.104734216514291489e+00
1.877050789059999806e+04	1.096709715037727406e+00
1.877070289060000141e+04	1.151847102807515455e+00
1.877089889060000132e+04	1.156363942787470123e+00
1.877109389060000103e+04	1.126509004246047496e+00
1.877128889060000074e+04	1.097403072056387430e+00
1.877148389060000045e+04	1.090828165247522463e+00
1.877167989060000036e+04	1.115197204987104840e+00
1.877187489060000007e+04	1.128258605501331502e+00
1.877206989059999978e+04	1.119244937623394165e+00
1.877226589059999969e+04	1.140202840042942256e+00
1.877246089059999940e+04	1.114035787328662153e+00
1.877265589059999911e+04	1.135780251855621259e+00
1.877285189059999902e+04	1.114194520580934267e+00
1.877304689059999873e+04	1.128999252468485537e+00
1.877324189059999844e+04	1.082846142284843438e+00
1.877343789059999835e+04	1.069385730711427840e+00
1.877363289059999806e+04	1.087782725488082747e+00
1.877382789060000141e+04	1.103931380278456942e+00
1.877402389060000132e+04	1.088369119685159703e+00
1.877421889060000103e+04	1.111911781671199861e+00
1.877441389060000074e+04	1.086667039775903731e+00
1.877460889060000045e+04	1.132845621079589193e+00
1.877480489060000036e+04	1.092973633149627588e+00
1.877499989060000007e+04	1.129910627195524597e+00
1.877519489059999978e+04	1.153016528207080782e+00
1.877539089059999969e+04	1.150300548599263450e+00
1.877558589059999940e+04	1.129881025452467824e+00
1.877578089059999911e+04	1.126829686413657328e+00
1.877597689059999902e+04	1.140863367401092177e+00
1.877617189059999873e+04	1.111558169793394057e+00
1.877636689059999844e+04	1.173239221787119035e+00
1.877656289059999835e+04	1.126627239852071583e+00
1.877675789059999806e+04	1.128701718348237293e+00
1.877695289060000141e+04	1.131679522719736042e+00
1.877714889060000132e+04	1.145689486704732474e+00
1.877734389060000103e+04	1.139481142145228887e+00
1.877753889060000074e+04	1.129444606897189729e+00
1.877773389060000045e+04	1.116792028211573751e+00
1.877792989060000036e+04	1.129809887144306302e+00
1.877812489060000007e+04	1.140055270907092577e+00
1.877831989059999978e+04	1.141353209068851626e+00
1.877851589059999969e+04	1.122107927383698467e+00
1.877871089059999940e+04	1.114900532167668601e+00
1.877890589059999911e+04	1.103782456536331225e+00
1.877910189059999902e+04	1.137041315593993573e+00
1.877929689059999873e+04	1.131250748691707386e+00
1.877949189059999844e+04	1.127703833467412764e+00
1.877968789059999835e+04	1.123248270198626386e+00
1.877988289059999806e+04	1.118496276632390263e+00
1.878007789060000141e+04	1.128704913617610828e+00
1.878027389060000132e+04	1.123105953594599526e+00
1.878046889060000103e+04	1.110536709744351924e+00
1.878066389060000074e+04	1.156376051875565025e+00
1.878085889060000045e+04	1.118366060047433663e+00
1.878105489060000036e+04	1.165283753145116563e+00
1.878124989060000007e+04	1.120702798537053013e+00
1.878144489059999978e+04	1.155304045056022133e+00
1.878164089059999969e+04	1.149579064184910848e+00
1.878183589059999940e+04	1.160157726983541693e+00
1.878203089059999911e+04	1.164764847792373104e+00
1.878222689059999902e+04	1.159953500039087260e+00
1.878242189059999873e+04	1.137154989355266821e+00
1.878261689059999844e+04	1.138288033318765713e+00
1.878281289059999835e+04	1.160799209631289131e+00
1.878300789059999806e+04	1.140910426455196358e+00
1.878320289060000141e+04	1.136405859837379850e+00
1.878339889060000132e+04	1.149741878958705499e+00
1.878359389060000103e+04	1.132764625608512432e+00
1.878378889060000074e+04	1.142449985629546916e+00
1.878398389060000045e+04	1.108275723199856344e+00
1.878417989060000036e+04	1.156076608268659101e+00
1.878437489060000007e+04	1.152073275083093762e+00
1.878456989059999978e+04	1.129618461073524927e+00
1.878476589059999969e+04	1.153014462798843454e+00
1.878496089059999940e+04	1.166507123679190627e+00
1.878515589059999911e+04	1.111640272169427845e+00
1.878535189059999902e+04	1.134604432476598035e+00
1.878554689059999873e+04	1.127197262547516843e+00
1.878574189059999844e+04	1.138228944643282503e+00
1.878593789059999835e+04	1.125082235622599569e+00
1.878613289059999806e+04	1.151983801626530024e+00
1.878632789060000141e+04	1.138185262141465870e+00
1.878652389060000132e+04	1.134872484964564165e+00
1.878671889060000103e+04	1.129986087979791165e+00
1.878691389060000074e+04	1.133695493076078975e+00
1.878710889060000045e+04	1.150911502151492627e+00
1.878730489060000036e+04	1.121867274301923345e+00
1.878749989060000007e+04	1.171556447125144729e+00
1.878769489059999978e+04	1.128502483055006778e+00
1.878789089059999969e+04	1.181748725869724126e+00
1.878808589059999940e+04	1.160086867190845084e+00
1.878828089059999911e+04	1.167579749370958098e+00
1.878847689059999902e+04	1.130879852436406097e+00
1.878867189059999873e+04	1.130464126001790248e+00
1.878886689059999844e+04	1.140086926489743746e+00
1.878906289059999835e+04	1.138075820681425654e+00
1.878925789059999806e+04	1.149064227870731258e+00
1.878945289060000141e+04	1.139613497341811055e+00
1.878964889060000132e+04	1.125549469497466148e+00
1.878984389060000103e+04	1.198202244993826326e+00
1.879003889060000074e+04	1.123427715743861910e+00
1.879023389060000045e+04	1.105121889966548920e+00
1.879042989060000036e+04	1.147619002008589462e+00
1.879062489060000007e+04	1.174287530189943141e+00
1.879081989059999978e+04	1.140828331358036962e+00
1.879101589059999969e+04	1.132347898598229818e+00
1.879121089059999940e+04	1.146898656734647304e+00
1.879140589059999911e+04	1.162055564292208132e+00
1.879160189059999902e+04	1.129351476919811859e+00
1.879179689059999873e+04	1.173572216693871795e+00
1.879199189059999844e+04	1.182851227955385554e+00
1.879218789059999835e+04	1.154489775584471190e+00
1.879238289059999806e+04	1.142632479366183063e+00
1.879257789060000141e+04	1.141968901738195541e+00
1.879277389060000132e+04	1.103049772000597173e+00
1.879296889060000103e+04	1.153951013081924160e+00
1.879316389060000074e+04	1.134284043299299327e+00
1.879335889060000045e+04	1.135243224843126342e+00
1.879355489060000036e+04	1.176821813369217651e+00
1.879374989060000007e+04	1.164249309223151840e+00
1.879394489059999978e+04	1.170237084620884715e+00
1.879414089059999969e+04	1.155042794711391707e+00
1.879433589059999940e+04	1.166712513868780832e+00
1.879453089059999911e+04	1.183057507720686630e+00
1.879472689059999902e+04	1.194900011720257282e+00
1.879492189059999873e+04	1.135985814610707578e+00
1.879511689059999844e+04	1.182726802881601813e+00
1.879531289059999835e+04	1.152922551949995267e+00
1.879550789059999806e+04	1.188554950558067702e+00
1.879570289060000141e+04	1.152506179133796493e+00
1.879589889060000132e+04	1.185109518356606273e+00
1.879609389060000103e+04	1.185932579050351876e+00
1.879628889060000074e+04	1.161014409793192925e+00
1.879648389060000045e+04	1.131443195236405685e+00
1.879667989060000036e+04	1.123710088280970965e+00
1.879687489060000007e+04	1.148625908657566086e+00
1.879706989059999978e+04	1.173097205069153048e+00
1.879726589059999969e+04	1.169760974077229676e+00
1.879746089059999940e+04	1.151515961671139010e+00
1.879765589059999911e+04	1.164359568233589215e+00
1.879785189059999902e+04	1.114901566532592980e+00
1.879804689059999873e+04	1.140086926489743746e+00
1.879824189059999844e+04	1.164394569497190446e+00
1.879843789059999835e+04	1.163789312475937976e+00
1.879863289059999806e+04	1.123708960301488702e+00
1.879882789060000141e+04	1.140718996027525023e+00
1.879902389060000132e+04	1.155625276708335036e+00
1.879921889060000103e+04	1.161019946971723726e+00
1.879941389060000074e+04	1.135664316682348129e+00
1.879960889060000045e+04	1.145534250949118871e+00
1.879980489060000036e+04	1.138241063000490882e+00
1.879999989060000007e+04	1.174322422978102409e+00
1.880019489059999978e+04	1.166184913642426935e+00
1.880039089059999969e+04	1.181383026636055433e+00
1.880058589059999940e+04	1.141832145144459076e+00
1.880078089059999911e+04	1.139122492484013094e+00
1.880097689059999902e+04	1.095665594887192285e+00
1.880117189059999873e+04	1.095464011835140639e+00
1.880136689059999844e+04	1.144715419512944976e+00
1.880156289059999835e+04	1.126509004246047496e+00
1.880175789059999806e+04	1.157133279994335240e+00
1.880195289060000141e+04	1.160901882782820138e+00
1.880214889060000132e+04	1.155862395817344179e+00
1.880234389060000103e+04	1.148453226690076434e+00
1.880253889060000074e+04	1.168751775690333616e+00
1.880273389060000045e+04	1.155638418763837549e+00
1.880292989060000036e+04	1.152594711779153513e+00
1.880312489060000007e+04	1.150562790158694781e+00
1.880331989059999978e+04	1.155491884432418459e+00
1.880351589059999969e+04	1.145101313434043533e+00
1.880371089059999940e+04	1.161782469785372029e+00
1.880390589059999911e+04	1.137169175050869896e+00
1.880410189059999902e+04	1.132533852772974470e+00
1.880429689059999873e+04	1.152105102390683200e+00
1.880449189059999844e+04	1.146521525513223949e+00
1.880468789059999835e+04	1.147008996532504099e+00
1.880488289059999806e+04	1.143810060855965816e+00
1.880507789060000141e+04	1.150753014407506214e+00
1.880527389060000132e+04	1.153697445935453203e+00
1.880546889060000103e+04	1.171359823247319909e+00
1.880566389060000074e+04	1.154755350291909011e+00
1.880585889060000045e+04	1.171677647671135247e+00
1.880605489060000036e+04	1.137127651335170242e+00
1.880624989060000007e+04	1.152479891540194146e+00
1.880644489059999978e+04	1.155326950087204096e+00
1.880664089059999969e+04	1.121455714275681359e+00
1.880683589059999940e+04	1.124030620278734460e+00
1.880703089059999911e+04	1.130138136502228718e+00
1.880722689059999902e+04	1.119473677381616739e+00
1.880742189059999873e+04	1.148868543945271270e+00
1.880761689059999844e+04	1.165689016884254414e+00
1.880781289059999835e+04	1.161050448355693376e+00
1.880800789059999806e+04	1.131876476151706612e+00
1.880820289060000141e+04	1.120762964987825683e+00
1.880839889060000132e+04	1.157658829199286643e+00
1.880859389060000103e+04	1.158607303832381419e+00
1.880878889060000074e+04	1.177214781158987478e+00
1.880898389060000045e+04	1.161635034981332026e+00
