# time(sec)	crack length FEA(mm)
4.852968750000000000e+04	2.231851864374160499e+00
4.852988249999999971e+04	2.255529688446886283e+00
4.853007850000000326e+04	2.262675316895752076e+00
4.853027350000000297e+04	2.243965676639906093e+00
4.853046850000000268e+04	2.244568101940245697e+00
4.853066449999999895e+04	2.257567927849981615e+00
4.853085949999999866e+04	2.247308371472700017e+00
4.853105449999999837e+04	2.285733663866505339e+00
4.853125050000000192e+04	2.333502057999737644e+00
4.853144550000000163e+04	2.274766209739746969e+00
4.853164050000000134e+04	2.258265640600406243e+00
4.853183550000000105e+04	2.267048322016016471e+00
4.853203149999999732e+04	2.272881233848178084e+00
4.853222649999999703e+04	2.279457100553532456e+00
4.853242149999999674e+04	2.247854555404277477e+00
4.853261750000000029e+04	2.281069726705258205e+00
4.853281250000000000e+04	2.258157201125815305e+00
4.853300749999999971e+04	2.232504875717559401e+00
4.853320350000000326e+04	2.235661857358579141e+00
4.853339850000000297e+04	2.256898637975307764e+00
4.853359350000000268e+04	2.296851002968811173e+00
4.853378949999999895e+04	2.241746845158925083e+00
4.853398449999999866e+04	2.280087230303728063e+00
4.853417949999999837e+04	2.274728736801838735e+00
4.853437550000000192e+04	2.250408966019579182e+00
4.853457050000000163e+04	2.256912521755044310e+00
4.853476550000000134e+04	2.271933905825637368e+00
4.853496050000000105e+04	2.275787513197620626e+00
4.853515649999999732e+04	2.225223453810571073e+00
4.853535149999999703e+04	2.247238329545595548e+00
4.853554649999999674e+04	2.241671702743037287e+00
4.853574250000000029e+04	2.198437412514596900e+00
4.853593750000000000e+04	2.238231567959802604e+00
4.853613249999999971e+04	2.259568396550186264e+00
4.853632850000000326e+04	2.291969904232928457e+00
4.853652350000000297e+04	2.287792457546311553e+00
4.853671850000000268e+04	2.246476069358928740e+00
4.853691449999999895e+04	2.313102601226262323e+00
4.853710949999999866e+04	2.256675988368110453e+00
4.853730449999999837e+04	2.319151395688374251e+00
4.853750050000000192e+04	2.328923802334115223e+00
4.853769550000000163e+04	2.294308622081278060e+00
4.853789050000000134e+04	2.281272512319914014e+00
4.853808550000000105e+04	2.241414420638154326e+00
4.853828149999999732e+04	2.282163461624048040e+00
4.853847649999999703e+04	2.295170650754956299e+00
4.853867149999999674e+04	2.255871806764899290e+00
4.853886750000000029e+04	2.305023531842500972e+00
4.853906250000000000e+04	2.296043293781902861e+00
4.853925749999999971e+04	2.268980161438198806e+00
4.853945350000000326e+04	2.237336901488269802e+00
4.853964850000000297e+04	2.247088505140116155e+00
4.853984350000000268e+04	2.283825016673169728e+00
4.854003949999999895e+04	2.278653576639062095e+00
4.854023449999999866e+04	2.261856372035053298e+00
4.854042949999999837e+04	2.269141598756460709e+00
4.854062550000000192e+04	2.272458925809617725e+00
4.854082050000000163e+04	2.268876681867315170e+00
4.854101550000000134e+04	2.288360468936080139e+00
4.854121050000000105e+04	2.282483436938600008e+00
4.854140649999999732e+04	2.256324146633739147e+00
4.854160149999999703e+04	2.240531743282211607e+00
4.854179649999999674e+04	2.270609287511049956e+00
4.854199250000000029e+04	2.239373679000193462e+00
4.854218750000000000e+04	2.260466991102902057e+00
4.854238249999999971e+04	2.263244734875232922e+00
4.854257850000000326e+04	2.264589512040245722e+00
4.854277350000000297e+04	2.253032005456461206e+00
4.854296850000000268e+04	2.224221692119265015e+00
4.854316449999999895e+04	2.235064020370540305e+00
4.854335949999999866e+04	2.216311478158022652e+00
4.854355449999999837e+04	2.226977275741983675e+00
4.854375050000000192e+04	2.236708605289120300e+00
4.854394550000000163e+04	2.215459438320849017e+00
4.854414050000000134e+04	2.211476995314818339e+00
4.854433550000000105e+04	2.216857492480565739e+00
4.854453149999999732e+04	2.222548795173324265e+00
4.854472649999999703e+04	2.218328645082639383e+00
4.854492149999999674e+04	2.238030336814274435e+00
4.854511750000000029e+04	2.245563101257744165e+00
4.854531250000000000e+04	2.215072337160272298e+00
4.854550749999999971e+04	2.226689050791881286e+00
4.854570350000000326e+04	2.219119433092522797e+00
4.854589850000000297e+04	2.239047234419633270e+00
4.854609350000000268e+04	2.237555000418968376e+00
4.854628949999999895e+04	2.242459795934365729e+00
4.854648449999999866e+04	2.249196286470695583e+00
4.854667949999999837e+04	2.201433150631505242e+00
4.854687550000000192e+04	2.214999394468645022e+00
4.854707050000000163e+04	2.245225821226238594e+00
4.854726550000000134e+04	2.219509431741082395e+00
4.854746050000000105e+04	2.225369610929384123e+00
4.854765649999999732e+04	2.198569740721435295e+00
4.854785149999999703e+04	2.242519009802933283e+00
4.854804649999999674e+04	2.202229547100738927e+00
4.854824250000000029e+04	2.179594382318324364e+00
4.854843750000000000e+04	2.228895571772024908e+00
4.854863249999999971e+04	2.229664369476312302e+00
4.854882850000000326e+04	2.239388675171001708e+00
4.854902350000000297e+04	2.181064009211553412e+00
4.854921850000000268e+04	2.207655723869411446e+00
4.854941449999999895e+04	2.226307231743726689e+00
4.854960949999999866e+04	2.165294183941659512e+00
4.854980449999999837e+04	2.227833790394655011e+00
4.855000050000000192e+04	2.214208459791443317e+00
4.855019550000000163e+04	2.235312732682789516e+00
4.855039050000000134e+04	2.191211046376515981e+00
4.855058550000000105e+04	2.188439051666167146e+00
4.855078149999999732e+04	2.183870472220348802e+00
4.855097649999999703e+04	2.234838185481526907e+00
4.855117149999999674e+04	2.209574925508267285e+00
4.855136750000000029e+04	2.282641900801255730e+00
4.855156250000000000e+04	2.228343072040477324e+00
4.855175749999999971e+04	2.218666334087501468e+00
4.855195350000000326e+04	2.184630891427090660e+00
4.855214850000000297e+04	2.172838797677032474e+00
4.855234350000000268e+04	2.231942549771792628e+00
4.855253949999999895e+04	2.206543544456252448e+00
4.855273449999999866e+04	2.265611031116163687e+00
4.855292949999999837e+04	2.239689443687991499e+00
4.855312550000000192e+04	2.215558248119434026e+00
4.855332050000000163e+04	2.253043944203918514e+00
4.855351550000000134e+04	2.238282913382992234e+00
4.855371050000000105e+04	2.227376037268303577e+00
4.855390649999999732e+04	2.216635458452342888e+00
4.855410149999999703e+04	2.243379753209300276e+00
4.855429649999999674e+04	2.215032897246278054e+00
4.855449250000000029e+04	2.180883156893052899e+00
4.855468750000000000e+04	2.261874146066734426e+00
4.855488249999999971e+04	2.238130994979632860e+00
4.855507850000000326e+04	2.232091713732039295e+00
4.855527350000000297e+04	2.226182783086304795e+00
4.855546850000000268e+04	2.219404703487510844e+00
4.855566449999999895e+04	2.229941621741119206e+00
4.855585949999999866e+04	2.235334426026579280e+00
4.855605449999999837e+04	2.237344951020705963e+00
4.855625050000000192e+04	2.257891052343792282e+00
4.855644550000000163e+04	2.238882612348556123e+00
4.855664050000000134e+04	2.243978382629281398e+00
4.855683550000000105e+04	2.262050531398658748e+00
4.855703149999999732e+04	2.229114686068673024e+00
4.855722649999999703e+04	2.243937977557838082e+00
4.855742149999999674e+04	2.266277096093736176e+00
4.855761750000000029e+04	2.267031567557861393e+00
4.855781250000000000e+04	2.237022289580337997e+00
4.855800749999999971e+04	2.214822634673829782e+00
4.855820350000000326e+04	2.241281330831323970e+00
4.855839850000000297e+04	2.235901665543400085e+00
4.855859350000000268e+04	2.233330752879387759e+00
4.855878949999999895e+04	2.231122808116642986e+00
4.855898449999999866e+04	2.235166725758654493e+00
4.855917949999999837e+04	2.260110469441567460e+00
4.855937550000000192e+04	2.216538604105512178e+00
4.855957050000000163e+04	2.235867177388035643e+00
4.855976550000000134e+04	2.253221415890145352e+00
4.855996050000000105e+04	2.253354434051580313e+00
4.856015649999999732e+04	2.250224612517229161e+00
4.856035149999999703e+04	2.198767510082518584e+00
4.856054649999999674e+04	2.251073371114372890e+00
4.856074250000000029e+04	2.239798905471403145e+00
4.856093750000000000e+04	2.229747181047406102e+00
4.856113249999999971e+04	2.233393974225936773e+00
4.856132850000000326e+04	2.261917565427014054e+00
4.856152350000000297e+04	2.234478116021508143e+00
4.856171850000000268e+04	2.222504281217734246e+00
4.856191449999999895e+04	2.244512959359854065e+00
4.856210949999999866e+04	2.233138375824337274e+00
4.856230449999999837e+04	2.243277339963666961e+00
4.856250050000000192e+04	2.240256656597590990e+00
4.856269550000000163e+04	2.209722967200796973e+00
4.856289050000000134e+04	2.190897648695438349e+00
4.856308550000000105e+04	2.246537220531727996e+00
4.856328149999999732e+04	2.234639974279922114e+00
4.856347649999999703e+04	2.225981442670910582e+00
4.856367149999999674e+04	2.251142469455999162e+00
4.856386750000000029e+04	2.238188186915589739e+00
4.856406250000000000e+04	2.274071046808535002e+00
4.856425749999999971e+04	2.223298905496381650e+00
4.856445350000000326e+04	2.195231671832775788e+00
4.856464850000000297e+04	2.247778671451282406e+00
4.856484350000000268e+04	2.246923688655332541e+00
4.856503949999999895e+04	2.233331685098942643e+00
4.856523449999999866e+04	2.195221739388156124e+00
4.856542949999999837e+04	2.254179450572621590e+00
4.856562550000000192e+04	2.254733339139644244e+00
4.856582050000000163e+04	2.206125826447390637e+00
4.856601550000000134e+04	2.255123728283312090e+00
4.856621050000000105e+04	2.231445301079466148e+00
4.856640649999999732e+04	2.256036302754576894e+00
4.856660149999999703e+04	2.227134102451827857e+00
4.856679649999999674e+04	2.231671170495912904e+00
4.856699250000000029e+04	2.263995332020691365e+00
4.856718750000000000e+04	2.248757605325033992e+00
4.856738249999999971e+04	2.244928939404820412e+00
4.856757850000000326e+04	2.231267655075638956e+00
4.856777350000000297e+04	2.152840597986386939e+00
4.856796850000000268e+04	2.249901206872833015e+00
4.856816449999999895e+04	2.270361986190401637e+00
4.856835949999999866e+04	2.277654226537958237e+00
4.856855449999999837e+04	2.206988151385784747e+00
4.856875050000000192e+04	2.229464925396900554e+00
4.856894550000000163e+04	2.230270234508388683e+00
4.856914050000000134e+04	2.247654258470884514e+00
4.856933550000000105e+04	2.274584088974691554e+00
4.856953149999999732e+04	2.285433266197413715e+00
4.856972649999999703e+04	2.229844825409886155e+00
4.856992149999999674e+04	2.248006407222369774e+00
4.857011750000000029e+04	2.214582598727997009e+00
4.857031250000000000e+04	2.215447648967895589e+00
4.857050749999999971e+04	2.257767881262477516e+00
4.857070350000000326e+04	2.224031270897384616e+00
4.857089850000000297e+04	2.223648219165735185e+00
4.857109350000000268e+04	2.235804895202619491e+00
4.857128949999999895e+04	2.222765852421357380e+00
4.857148449999999866e+04	2.245039391764969139e+00
4.857167949999999837e+04	2.224660943393976353e+00
4.857187550000000192e+04	2.255625356808392823e+00
4.857207050000000163e+04	2.278138768118790125e+00
4.857226550000000134e+04	2.237791568396998443e+00
4.857246050000000105e+04	2.235328494254989806e+00
4.857265649999999732e+04	2.190459767599698182e+00
4.857285149999999703e+04	2.226384036902196328e+00
4.857304649999999674e+04	2.254872274775918228e+00
4.857324250000000029e+04	2.191629044595938325e+00
4.857343750000000000e+04	2.228424956115006239e+00
4.857363249999999971e+04	2.190687072862376183e+00
4.857382850000000326e+04	2.231229260976704154e+00
4.857402350000000297e+04	2.263572769860576983e+00
4.857421850000000268e+04	2.212610643451561998e+00
4.857441449999999895e+04	2.251215293455491206e+00
4.857460949999999866e+04	2.223414383098935687e+00
4.857480449999999837e+04	2.198520425426567115e+00
4.857500050000000192e+04	2.199761507908926106e+00
4.857519550000000163e+04	2.232236554368219217e+00
4.857539050000000134e+04	2.228893622196043367e+00
4.857558550000000105e+04	2.228721974074257872e+00
4.857578149999999732e+04	2.183706205350077312e+00
4.857597649999999703e+04	2.224832792473785403e+00
4.857617149999999674e+04	2.204066055589006368e+00
4.857636750000000029e+04	2.240161853836150740e+00
4.857656250000000000e+04	2.262758005284229768e+00
4.857675749999999971e+04	2.197670674316318795e+00
4.857695350000000326e+04	2.205054979857594688e+00
4.857714850000000297e+04	2.231706766967263889e+00
4.857734350000000268e+04	2.187243960268949294e+00
4.857753949999999895e+04	2.215905648008638096e+00
4.857773449999999866e+04	2.181314345811832922e+00
4.857792949999999837e+04	2.210534930776187679e+00
4.857812550000000192e+04	2.195720818020191700e+00
4.857832050000000163e+04	2.164664869097618904e+00
4.857851550000000134e+04	2.213171592964776835e+00
4.857871050000000105e+04	2.211799010198962634e+00
4.857890649999999732e+04	2.220277282518086537e+00
4.857910149999999703e+04	2.202430084469924054e+00
4.857929649999999674e+04	2.150239313341071323e+00
4.857949250000000029e+04	2.176851017503098618e+00
4.857968750000000000e+04	2.164712304227549566e+00
4.857988249999999971e+04	2.206810394529512109e+00
4.858007850000000326e+04	2.212003278549747876e+00
4.858027350000000297e+04	2.204128341974767480e+00
4.858046850000000268e+04	2.151486916492743262e+00
4.858066449999999895e+04	2.204680510791796166e+00
4.858085949999999866e+04	2.190529818964776609e+00
4.858105449999999837e+04	2.165153752127475073e+00
4.858125050000000192e+04	2.195513428820557777e+00
4.858144550000000163e+04	2.220057317818955767e+00
4.858164050000000134e+04	2.196771232021820452e+00
4.858183550000000105e+04	2.188739746360543137e+00
4.858203149999999732e+04	2.189062854882790177e+00
4.858222649999999703e+04	2.244486277416896769e+00
4.858242149999999674e+04	2.207960994997709037e+00
4.858261750000000029e+04	2.179873279086862681e+00
4.858281250000000000e+04	2.188525158949435223e+00
4.858300749999999971e+04	2.195930327536609994e+00
4.858320350000000326e+04	2.178179201358469541e+00
4.858339850000000297e+04	2.205122185059092743e+00
4.858359350000000268e+04	2.213872738738318802e+00
4.858378949999999895e+04	2.176906328217567577e+00
4.858398449999999866e+04	2.195959020339453005e+00
4.858417949999999837e+04	2.214906519415880126e+00
4.858437550000000192e+04	2.200386945814107875e+00
4.858457050000000163e+04	2.229990952108325430e+00
4.858476550000000134e+04	2.220173745049409675e+00
4.858496050000000105e+04	2.256267848051479064e+00
4.858515649999999732e+04	2.218290058995616931e+00
4.858535149999999703e+04	2.177217883854201119e+00
4.858554649999999674e+04	2.217074859778765727e+00
4.858574250000000029e+04	2.207589544472654097e+00
4.858593750000000000e+04	2.242023946501419118e+00
4.858613249999999971e+04	2.214248919009932592e+00
4.858632850000000326e+04	2.230801073280304081e+00
4.858652350000000297e+04	2.200732800585193161e+00
4.858671850000000268e+04	2.192620559647684431e+00
4.858691449999999895e+04	2.211656835604093985e+00
4.858710949999999866e+04	2.242702410839161331e+00
4.858730449999999837e+04	2.232152735063205995e+00
4.858750050000000192e+04	2.205265419709645514e+00
4.858769550000000163e+04	2.191082495274267572e+00
4.858789050000000134e+04	2.218349252569788987e+00
4.858808550000000105e+04	2.255180876409854207e+00
4.858828149999999732e+04	2.211196458523899011e+00
4.858847649999999703e+04	2.248903522816199541e+00
4.858867149999999674e+04	2.239190250440913132e+00
4.858886750000000029e+04	2.235418233315652259e+00
4.858906250000000000e+04	2.231637608056347588e+00
4.858925749999999971e+04	2.221183575154775269e+00
4.858945350000000326e+04	2.280872689694868782e+00
4.858964850000000297e+04	2.206496198385297092e+00
4.858984350000000268e+04	2.201368989572177526e+00
4.859003949999999895e+04	2.230661817267316493e+00
4.859023449999999866e+04	2.197371118912787580e+00
4.859042949999999837e+04	2.252009906294034636e+00
4.859062550000000192e+04	2.223975907697909093e+00
4.859082050000000163e+04	2.247212667212208359e+00
4.859101550000000134e+04	2.211179661833186927e+00
4.859121050000000105e+04	2.218493419640683584e+00
4.859140649999999732e+04	2.226161080796691394e+00
4.859160149999999703e+04	2.223746907760340008e+00
4.859179649999999674e+04	2.283971633402096302e+00
4.859199250000000029e+04	2.298633385452241384e+00
4.859218750000000000e+04	2.254898859557691537e+00
4.859238249999999971e+04	2.243477507015885664e+00
4.859257850000000326e+04	2.248954843539546999e+00
4.859277350000000297e+04	2.194093147101233043e+00
4.859296850000000268e+04	2.289782335552388304e+00
4.859316449999999895e+04	2.206932745701911003e+00
4.859335949999999866e+04	2.267917251765812381e+00
4.859355449999999837e+04	2.242579155344511577e+00
4.859375050000000192e+04	2.200206080723262403e+00
4.859394550000000163e+04	2.239611498435589709e+00
4.859414050000000134e+04	2.282465679444641182e+00
4.859433550000000105e+04	2.266224800012842877e+00
4.859453149999999732e+04	2.230249383804142838e+00
4.859472649999999703e+04	2.202661340934287892e+00
4.859492149999999674e+04	2.266665251009243320e+00
4.859511750000000029e+04	2.244776304179696425e+00
4.859531250000000000e+04	2.271787293928591467e+00
4.859550749999999971e+04	2.258752384242082911e+00
4.859570350000000326e+04	2.261286918368323740e+00
4.859589850000000297e+04	2.242578138801501808e+00
4.859609350000000268e+04	2.245150944702260176e+00
4.859628949999999895e+04	2.270136426025896270e+00
4.859648449999999866e+04	2.284458826880001681e+00
4.859667949999999837e+04	2.264767906804259212e+00
4.859687550000000192e+04	2.286782867737036540e+00
4.859707050000000163e+04	2.278280517149873674e+00
4.859726550000000134e+04	2.229099937243868013e+00
4.859746050000000105e+04	2.291992471916479701e+00
4.859765649999999732e+04	2.271467163942368472e+00
4.859785149999999703e+04	2.282555143245426521e+00
4.859804649999999674e+04	2.267658243358170012e+00
4.859824250000000029e+04	2.211385208342102615e+00
4.859843750000000000e+04	2.262614125596865478e+00
4.859863249999999971e+04	2.244799936450320388e+00
4.859882850000000326e+04	2.250503640304657438e+00
4.859902350000000297e+04	2.283665546624934706e+00
4.859921850000000268e+04	2.244271380724960352e+00
4.859941449999999895e+04	2.240204299090425621e+00
4.859960949999999866e+04	2.250009602063233416e+00
4.859980449999999837e+04	2.247074530511392609e+00
4.860000050000000192e+04	2.270860393244459985e+00
4.860019550000000163e+04	2.248341612406349554e+00
4.860039050000000134e+04	2.250531077141765479e+00
4.860058550000000105e+04	2.242759506279474735e+00
4.860078149999999732e+04	2.225086197496487728e+00
4.860097649999999703e+04	2.251323766899551160e+00
4.860117149999999674e+04	2.244851181968570586e+00
4.860136750000000029e+04	2.241517011917512292e+00
4.860156250000000000e+04	2.282092515096426411e+00
4.860175749999999971e+04	2.199296046435982532e+00
4.860195350000000326e+04	2.242256654737541766e+00
4.860214850000000297e+04	2.260144750619835108e+00
4.860234350000000268e+04	2.239110524206278541e+00
4.860253949999999895e+04	2.275855265719199494e+00
4.860273449999999866e+04	2.238220637978141525e+00
4.860292949999999837e+04	2.279347834516975979e+00
4.860312550000000192e+04	2.238830336324692638e+00
4.860332050000000163e+04	2.275373888437176362e+00
4.860351550000000134e+04	2.256679797980963187e+00
4.860371050000000105e+04	2.251216309602630972e+00
4.860390649999999732e+04	2.220215210973183417e+00
4.860410149999999703e+04	2.278119992224382884e+00
4.860429649999999674e+04	2.218117396035804489e+00
4.860449250000000029e+04	2.253862960796409354e+00
4.860468750000000000e+04	2.247238329545595548e+00
4.860488249999999971e+04	2.274372360070753274e+00
4.860507850000000326e+04	2.231426655096232281e+00
4.860527350000000297e+04	2.269955113245096356e+00
4.860546850000000268e+04	2.277986107794852444e+00
4.860566449999999895e+04	2.255861901409000225e+00
4.860585949999999866e+04	2.228370536297894944e+00
4.860605449999999837e+04	2.257069136960595301e+00
4.860625050000000192e+04	2.269450847774924895e+00
4.860644550000000163e+04	2.226754156048919242e+00
4.860664050000000134e+04	2.243597877445788313e+00
4.860683550000000105e+04	2.248856266995586495e+00
4.860703149999999732e+04	2.260814958160874966e+00
4.860722649999999703e+04	2.225515512754922653e+00
4.860742149999999674e+04	2.223913846489381285e+00
4.860761750000000029e+04	2.261310533042856008e+00
4.860781250000000000e+04	2.227750886917206685e+00
4.860800749999999971e+04	2.216197066187056919e+00
4.860820350000000326e+04	2.278494069316007398e+00
4.860839850000000297e+04	2.260528188332546762e+00
4.860859350000000268e+04	2.266803011789647826e+00
4.860878949999999895e+04	2.221941701918355605e+00
4.860898449999999866e+04	2.239172542938522525e+00
4.860917949999999837e+04	2.254186308647765813e+00
4.860937550000000192e+04	2.238906250899130868e+00
4.860957050000000163e+04	2.290455450154469830e+00
4.860976550000000134e+04	2.232924386171879050e+00
4.860996050000000105e+04	2.215219578887289487e+00
4.861015649999999732e+04	2.215782328455004446e+00
4.861035149999999703e+04	2.239360970372928250e+00
4.861054649999999674e+04	2.262811071262444074e+00
4.861074250000000029e+04	2.254586444024910818e+00
4.861093750000000000e+04	2.215566135921328339e+00
4.861113249999999971e+04	2.225993395984446011e+00
4.861132850000000326e+04	2.189030247034498444e+00
4.861152350000000297e+04	2.232847434140992959e+00
4.861171850000000268e+04	2.253024215631958427e+00
4.861191449999999895e+04	2.222277301051091669e+00
4.861210949999999866e+04	2.197135987589209805e+00
4.861230449999999837e+04	2.211644874573428510e+00
4.861250050000000192e+04	2.218501306400508355e+00
4.861269550000000163e+04	2.258212309777576365e+00
4.861289050000000134e+04	2.237463151713354748e+00
4.861308550000000105e+04	2.234948688093357561e+00
4.861328149999999732e+04	2.240225902931172186e+00
4.861347649999999703e+04	2.195002290655583721e+00
4.861367149999999674e+04	2.258699139241070242e+00
4.861386750000000029e+04	2.213393661610172813e+00
4.861406250000000000e+04	2.258116906541010493e+00
4.861425749999999971e+04	2.244126449222134667e+00
4.861445350000000326e+04	2.240347307652761799e+00
4.861464850000000297e+04	2.234942840959741162e+00
4.861484350000000268e+04	2.228300604094064497e+00
4.861503949999999895e+04	2.233919653595371813e+00
4.861523449999999866e+04	2.271109550262920607e+00
4.861542949999999837e+04	2.229584354727267126e+00
4.861562550000000192e+04	2.243774408266983045e+00
4.861582050000000163e+04	2.219998043998147708e+00
4.861601550000000134e+04	2.229884408549057895e+00
4.861621050000000105e+04	2.248011319310665002e+00
4.861640649999999732e+04	2.237725563473450308e+00
4.861660149999999703e+04	2.243824724376166202e+00
4.861679649999999674e+04	2.238839232577323202e+00
4.861699250000000029e+04	2.233786518824169676e+00
4.861718750000000000e+04	2.252303645027090795e+00
4.861738249999999971e+04	2.231235109088773427e+00
4.861757850000000326e+04	2.270112905366321598e+00
4.861777350000000297e+04	2.246228667948342306e+00
4.861796850000000268e+04	2.251465687637661972e+00
4.861816449999999895e+04	2.238513796861976601e+00
4.861835949999999866e+04	2.237852828246627013e+00
4.861855449999999837e+04	2.232532589077035112e+00
4.861875050000000192e+04	2.273081387448483426e+00
4.861894550000000163e+04	2.281310819819076130e+00
4.861914050000000134e+04	2.246067910605411555e+00
4.861933550000000105e+04	2.249909082478735556e+00
4.861953149999999732e+04	2.258432150454581233e+00
4.861972649999999703e+04	2.290329501598677098e+00
4.861992149999999674e+04	2.222394734112780768e+00
4.862011750000000029e+04	2.267696574424242328e+00
4.862031250000000000e+04	2.240484469619799412e+00
4.862050749999999971e+04	2.225856144429718242e+00
4.862070350000000326e+04	2.256243212085530914e+00
4.862089850000000297e+04	2.244001168685327841e+00
4.862109350000000268e+04	2.257424014455134298e+00
4.862128949999999895e+04	2.234395322099963721e+00
4.862148449999999866e+04	2.221741340544056698e+00
4.862167949999999837e+04	2.250194126719154752e+00
4.862187550000000192e+04	2.250226644902276973e+00
4.862207050000000163e+04	2.265254592233640452e+00
4.862226550000000134e+04	2.299751853606926133e+00
4.862246050000000105e+04	2.270431955061820162e+00
4.862265649999999732e+04	2.244380904604646787e+00
4.862285149999999703e+04	2.223079818585421918e+00
4.862304649999999674e+04	2.243125540469945278e+00
4.862324250000000029e+04	2.271267080350416023e+00
4.862343750000000000e+04	2.219752212829781968e+00
4.862363249999999971e+04	2.277197501075075792e+00
4.862382850000000326e+04	2.232935064516322399e+00
4.862402350000000297e+04	2.221729469733041640e+00
4.862421850000000268e+04	2.232795059147987260e+00
4.862441449999999895e+04	2.219543012517842584e+00
4.862460949999999866e+04	2.236516257514749029e+00
4.862480449999999837e+04	2.180097889113996601e+00
4.862500050000000192e+04	2.206190907140850754e+00
4.862519550000000163e+04	2.260809879624773089e+00
4.862539050000000134e+04	2.252022692350470479e+00
4.862558550000000105e+04	2.238474229111591995e+00
4.862578149999999732e+04	2.290708359450430720e+00
4.862597649999999703e+04	2.236297301014516847e+00
4.862617149999999674e+04	2.238981233231601919e+00
4.862636750000000029e+04	2.267221873763674012e+00
4.862656250000000000e+04	2.273814901933217669e+00
4.862675749999999971e+04	2.280889433680702183e+00
4.862695350000000326e+04	2.238296639367078456e+00
4.862714850000000297e+04	2.245462476812869923e+00
4.862734350000000268e+04	2.219219074624831478e+00
4.862753949999999895e+04	2.195778119238749326e+00
4.862773449999999866e+04	2.236684964397031905e+00
4.862792949999999837e+04	2.227158770768603802e+00
4.862812550000000192e+04	2.273250577584317256e+00
4.862832050000000163e+04	2.208983342758825685e+00
4.862851550000000134e+04	2.242570260591596920e+00
4.862871050000000105e+04	2.223910794294321036e+00
4.862890649999999732e+04	2.194948892551419561e+00
4.862910149999999703e+04	2.199418523840170892e+00
4.862929649999999674e+04	2.212937646590306784e+00
4.862949250000000029e+04	2.235631351537957556e+00
