# time(sec)	crack length FEA(mm)
5.507890542969999660e+04	2.457986562786640405e-01
5.507910042970000359e+04	1.420295317364228538e-01
5.507929542970000330e+04	1.845314991836630725e-01
5.507949142969999957e+04	1.620591570973175521e-01
5.507968642969999928e+04	1.901388923806663911e-01
5.507988142969999899e+04	2.167409423603690044e-01
5.508007742970000254e+04	2.207723407468336063e-01
5.508027242970000225e+04	1.392513979480991537e-01
5.508046742970000196e+04	1.933368764071392576e-01
5.508066342969999823e+04	2.318444971815409872e-01
5.508085842969999794e+04	2.137314322807153388e-01
5.508105342969999765e+04	1.883860457158803570e-01
5.508124942970000120e+04	1.778663261008297525e-01
5.508144442970000091e+04	1.905186335889386129e-01
5.508163942970000062e+04	2.369780467625552944e-01
5.508183542969999689e+04	1.853550184473320428e-01
5.508203042969999660e+04	1.958089171035943821e-01
5.508222542970000359e+04	1.858397274159564461e-01
5.508242042970000330e+04	2.101457836861300166e-01
5.508261642969999957e+04	1.971587312185860696e-01
5.508281142969999928e+04	1.718279173731787068e-01
5.508300642969999899e+04	1.917493978812494504e-01
5.508320242970000254e+04	1.948543702519209830e-01
5.508339742970000225e+04	1.839008766765424241e-01
5.508359242970000196e+04	2.032537023660196951e-01
5.508378842969999823e+04	1.944722928365649750e-01
5.508398342969999794e+04	1.783897607258992934e-01
5.508417842969999765e+04	1.974154345683061251e-01
5.508437442970000120e+04	2.416594217904162178e-01
5.508456942970000091e+04	2.157053065127065850e-01
5.508476442970000062e+04	2.264835792116244306e-01
5.508496042969999689e+04	2.136772223778571345e-01
5.508515542969999660e+04	2.164314643222375878e-01
5.508535042970000359e+04	2.237075803630972359e-01
5.508554542970000330e+04	2.372391475933781635e-01
5.508574142969999957e+04	2.599950685484220259e-01
5.508593642969999928e+04	2.267014444379853444e-01
5.508613142969999899e+04	2.127594846801361683e-01
5.508632742970000254e+04	2.150104311775713484e-01
5.508652242970000225e+04	2.390487425452274550e-01
5.508671742970000196e+04	2.117236838857721182e-01
5.508691342969999823e+04	2.326255438678579424e-01
5.508710842969999794e+04	2.209577599765228939e-01
5.508730342969999765e+04	1.982505899351405532e-01
5.508749942970000120e+04	1.867427731993629436e-01
5.508769442970000091e+04	2.190312586462912492e-01
5.508788942970000062e+04	2.193732334277580520e-01
5.508808542969999689e+04	2.125752150948567731e-01
5.508828042969999660e+04	2.337411185612303655e-01
5.508847542970000359e+04	2.110575956601028480e-01
5.508867042970000330e+04	2.542530287945865553e-01
5.508886642969999957e+04	2.379755215665539936e-01
5.508906142969999928e+04	2.031151295092481490e-01
5.508925642969999899e+04	2.218125964033301756e-01
5.508945242970000254e+04	2.152500894199853576e-01
5.508964742970000225e+04	2.466935359232103053e-01
5.508984242970000196e+04	2.125487193115223050e-01
5.509003842969999823e+04	2.254218545520974004e-01
5.509023342969999794e+04	2.188217459705992241e-01
5.509042842969999765e+04	2.032006806667645549e-01
5.509062442970000120e+04	2.307950341706046515e-01
5.509081942970000091e+04	2.252930316206480654e-01
5.509101442970000062e+04	2.108142862648865190e-01
5.509121042969999689e+04	2.150152415374009252e-01
5.509140542969999660e+04	2.063861507511006721e-01
5.509160042970000359e+04	2.796686299741217852e-01
5.509179542970000330e+04	2.940954565518083541e-01
5.509199142969999957e+04	2.185098836793670785e-01
5.509218642969999928e+04	2.408557984822259357e-01
5.509238142969999899e+04	2.645711759522768602e-01
5.509257742970000254e+04	2.458600083166988526e-01
5.509277242970000225e+04	2.325834182320196675e-01
5.509296742970000196e+04	2.341923809716117688e-01
5.509316342969999823e+04	2.147996744392202118e-01
5.509335842969999794e+04	2.681622301525585783e-01
5.509355342969999765e+04	2.052597195477936509e-01
5.509374942970000120e+04	1.862846260627666339e-01
5.509394442970000091e+04	2.343019004208546363e-01
5.509413942970000062e+04	2.334571152173694486e-01
5.509433542969999689e+04	2.265172672763497985e-01
5.509453042969999660e+04	2.036597291468709159e-01
5.509472542970000359e+04	2.290967716180993818e-01
5.509492042970000330e+04	2.563703777245187609e-01
5.509511642969999957e+04	2.306710669683234016e-01
5.509531142969999928e+04	2.564485276132160152e-01
5.509550642969999899e+04	2.110166441934602233e-01
5.509570242970000254e+04	2.219004829551103342e-01
5.509589742970000225e+04	2.725265687986713203e-01
5.509609242970000196e+04	2.613137770599944787e-01
5.509628842969999823e+04	2.552918904513674647e-01
5.509648342969999794e+04	2.981936072078799072e-01
5.509667842969999765e+04	2.710594503373542352e-01
5.509687442970000120e+04	2.208036474033967522e-01
5.509706942970000091e+04	2.638319832343238858e-01
5.509726442970000062e+04	2.156017364302762473e-01
5.509746042969999689e+04	2.304267285095118467e-01
5.509765542969999660e+04	2.410025638443080709e-01
5.509785042970000359e+04	2.194334299379114839e-01
5.509804542970000330e+04	2.164386846236148187e-01
5.509824142969999957e+04	2.629497365650141916e-01
5.509843642969999928e+04	2.365508967842053778e-01
5.509863142969999899e+04	1.954979686648457005e-01
5.509882742970000254e+04	1.979673839191917750e-01
5.509902242970000225e+04	2.216657182353856115e-01
5.509921742970000196e+04	2.256180657597006700e-01
5.509941342969999823e+04	2.394517905173803030e-01
5.509960842969999794e+04	2.181353872730014132e-01
5.509980342969999765e+04	2.495860404599365978e-01
5.509999942970000120e+04	2.281916247318918067e-01
5.510019442970000091e+04	2.487249329857039726e-01
5.510038942970000062e+04	2.102529874155223411e-01
5.510058542969999689e+04	2.750940969156587812e-01
5.510078042969999660e+04	2.683208506710936803e-01
5.510097542970000359e+04	2.226011856468801398e-01
5.510117042970000330e+04	2.011402819751406668e-01
5.510136642969999957e+04	2.211805032462361709e-01
5.510156142969999928e+04	1.827046959115143920e-01
5.510175642969999899e+04	2.575942882014778945e-01
5.510195242970000254e+04	2.280098676552899661e-01
5.510214742970000225e+04	1.939672819877298338e-01
5.510234242970000196e+04	1.951617031118537682e-01
5.510253842969999823e+04	2.337868395518931663e-01
5.510273342969999794e+04	2.280616373833872501e-01
5.510292842969999765e+04	2.239110335171634603e-01
5.510312442970000120e+04	2.619232230086652180e-01
5.510331942970000091e+04	2.347026165696135536e-01
5.510351442970000062e+04	2.906678448870980702e-01
5.510371042969999689e+04	2.489787000685979024e-01
5.510390542969999660e+04	2.519491140419667374e-01
5.510410042970000359e+04	2.621732523074360444e-01
5.510429542970000330e+04	2.057572791415562818e-01
5.510449142969999957e+04	2.264944053073580932e-01
5.510468642969999928e+04	2.157028962270111094e-01
5.510488142969999899e+04	2.806067228546815784e-01
5.510507742970000254e+04	2.140216808603430110e-01
5.510527242970000225e+04	2.499071325306339020e-01
5.510546742970000196e+04	2.990529759048783376e-01
5.510566342969999823e+04	2.715929504467613498e-01
5.510585842969999794e+04	2.170648774981582818e-01
5.510605342969999765e+04	2.406993904239520532e-01
5.510624942970000120e+04	2.070655986970315610e-01
5.510644442970000091e+04	2.885678071902226804e-01
5.510663942970000062e+04	2.264378241706683781e-01
5.510683542969999689e+04	2.050850295832127301e-01
5.510703042969999660e+04	2.295397021273419824e-01
5.510722542970000359e+04	2.141782353409169559e-01
5.510742042970000330e+04	2.281627364152516435e-01
5.510761642969999957e+04	2.980447655881857116e-01
5.510781142969999928e+04	2.692389634806797716e-01
5.510800642969999899e+04	2.765849910282831559e-01
5.510820242970000254e+04	2.516749244024296672e-01
5.510839742970000225e+04	1.993701115423540671e-01
5.510859242970000196e+04	2.229707856293536850e-01
5.510878842969999823e+04	2.768312615433963231e-01
5.510898342969999794e+04	2.573285980489625757e-01
5.510917842969999765e+04	2.163724501762054331e-01
5.510937442970000120e+04	2.334920136693892090e-01
5.510956942970000091e+04	2.260742935150439337e-01
5.510976442970000062e+04	2.164266542349189137e-01
5.510996042969999689e+04	2.356147319522623462e-01
5.511015542969999660e+04	2.271829332910630939e-01
5.511035042970000359e+04	2.639065064501764368e-01
5.511054542970000330e+04	2.073715915685738764e-01
5.511074142969999957e+04	2.295120146773594882e-01
5.511093642969999928e+04	2.160039629044145926e-01
5.511113142969999899e+04	2.366182663880334047e-01
5.511132742970000254e+04	2.188687044343051724e-01
5.511152242970000225e+04	2.205736713273296346e-01
5.511171742970000196e+04	2.585548676572955173e-01
5.511191342969999823e+04	2.744549306945760492e-01
5.511210842969999794e+04	2.694600582262260957e-01
5.511230342969999765e+04	2.140758796710695577e-01
5.511249942970000120e+04	2.667922048359816500e-01
5.511269442970000091e+04	2.563956290368629709e-01
5.511288942970000062e+04	2.660014076476908684e-01
5.511308542969999689e+04	2.461691219324162461e-01
5.511328042969999660e+04	2.653223536071145361e-01
5.511347542970000359e+04	2.436816086130821901e-01
5.511367042970000330e+04	2.313125345092537088e-01
5.511386642969999957e+04	2.469545351502322461e-01
5.511406142969999928e+04	2.148129159692242496e-01
5.511425642969999899e+04	2.065451745595261457e-01
5.511445242970000254e+04	2.227829820739497535e-01
5.511464742970000225e+04	2.321910933459481186e-01
5.511484242970000196e+04	2.513646703983276609e-01
5.511503842969999823e+04	1.971912786616698554e-01
5.511523342969999794e+04	2.420251333928327142e-01
5.511542842969999765e+04	2.665458247677872095e-01
5.511562442970000120e+04	2.140301122539653988e-01
5.511581942970000091e+04	2.379225734812333570e-01
5.511601442970000062e+04	2.089785670029247200e-01
5.511621042969999689e+04	2.022584633274089327e-01
5.511640542969999660e+04	2.291304768371187350e-01
5.511660042970000359e+04	2.553063189243065523e-01
5.511679542970000330e+04	2.353439909059851232e-01
5.511699142969999957e+04	1.921568228245629228e-01
5.511718642969999928e+04	2.390415184408301030e-01
5.511738142969999899e+04	2.335281215247224651e-01
5.511757742970000254e+04	2.305904171387744839e-01
5.511777242970000225e+04	2.257107575697716584e-01
5.511796742970000196e+04	2.759987407989843433e-01
5.511816342969999823e+04	2.304267285095118467e-01
5.511835842969999794e+04	2.629810006933972488e-01
5.511855342969999765e+04	2.005618837763201157e-01
5.511874942970000120e+04	2.174032588295649049e-01
5.511894442970000091e+04	1.835933951886623561e-01
5.511913942970000062e+04	1.783620373232004397e-01
5.511933542969999689e+04	2.152717616862922512e-01
5.511953042969999660e+04	2.316194298790144046e-01
5.511972542970000359e+04	2.112659732311641392e-01
5.511992042970000330e+04	2.153933846479780811e-01
5.512011642969999957e+04	2.248211336314334119e-01
5.512031142969999928e+04	2.138759569625836576e-01
5.512050642969999899e+04	1.922219099705806400e-01
5.512070242970000254e+04	2.187314385978176290e-01
5.512089742970000225e+04	1.675714609093521545e-01
5.512109242970000196e+04	2.289354822104634479e-01
5.512128842969999823e+04	2.553027040607176446e-01
5.512148342969999794e+04	2.407763803075102516e-01
5.512167842969999765e+04	1.810381469718809200e-01
5.512187442970000120e+04	2.317867289635326955e-01
5.512206942970000091e+04	2.530385707664866146e-01
5.512226442970000062e+04	2.090363879655008361e-01
5.512246042969999689e+04	2.296853347141301072e-01
5.512265542969999660e+04	2.184304151131293281e-01
5.512285042970000359e+04	2.335521865078167281e-01
5.512304542970000330e+04	1.956112605643767210e-01
5.512324142969999957e+04	2.072968994368942219e-01
5.512343642969999928e+04	2.086593490103858528e-01
5.512363142969999899e+04	2.368204257880819341e-01
5.512382742970000254e+04	2.182570169895683421e-01
5.512402242970000225e+04	2.396130120181965140e-01
5.512421742970000196e+04	2.429718871691299853e-01
5.512441342969999823e+04	2.092917484880878476e-01
5.512460842969999794e+04	2.103626014861266214e-01
5.512480342969999765e+04	2.267002449953317011e-01
5.512499942970000120e+04	2.547724598670697560e-01
5.512519442970000091e+04	2.307998414928018605e-01
5.512538942970000062e+04	2.205809007747827621e-01
5.512558542969999689e+04	2.447533960596732783e-01
5.512578042969999660e+04	2.175850930705856001e-01
5.512597542970000359e+04	2.057127072959410441e-01
5.512617042970000330e+04	2.418146044491553681e-01
5.512636642969999957e+04	2.336364241031816391e-01
5.512656142969999928e+04	2.737004263682720762e-01
5.512675642969999899e+04	2.177632953428076945e-01
5.512695242970000254e+04	2.053476643064087170e-01
5.512714742970000225e+04	1.985819901124070697e-01
5.512734242970000196e+04	2.741966237958592956e-01
5.512753842969999823e+04	2.398885123500633654e-01
5.512773342969999794e+04	2.380284592042531955e-01
5.512792842969999765e+04	2.301065850631651699e-01
5.512812442970000120e+04	2.339577214010688522e-01
5.512831942970000091e+04	2.536289659454293854e-01
5.512851442970000062e+04	2.208096667164163307e-01
5.512871042969999689e+04	2.660230358988826538e-01
5.512890542969999660e+04	2.395745153121424664e-01
5.512910042970000359e+04	2.793142732430826669e-01
5.512929542970000330e+04	2.161882072192859994e-01
5.512949142969999957e+04	2.643428004087873262e-01
5.512968642969999928e+04	1.901774652875083405e-01
5.512988142969999899e+04	1.812865732375570360e-01
5.513007742970000254e+04	2.543167562804615756e-01
5.513027242970000225e+04	2.276174812668827485e-01
5.513046742970000196e+04	2.397730129936892496e-01
5.513066342969999823e+04	2.190324688003038034e-01
5.513085842969999794e+04	2.687534751072426786e-01
5.513105342969999765e+04	2.622826283666217506e-01
5.513124942970000120e+04	2.567274567905606375e-01
5.513144442970000091e+04	2.459321675432875054e-01
5.513163942970000062e+04	2.665710761010586793e-01
5.513183542969999689e+04	2.400497310305986787e-01
5.513203042969999660e+04	2.618859584644628313e-01
5.513222542970000359e+04	2.677740567318753762e-01
5.513242042970000330e+04	2.671443343606068055e-01
5.513261642969999957e+04	2.338530278510688731e-01
5.513281142969999928e+04	2.613570520031398559e-01
5.513300642969999899e+04	3.139784134908865099e-01
5.513320242970000254e+04	2.589600067876745015e-01
5.513339742970000225e+04	2.392460662365714086e-01
5.513359242970000196e+04	2.537299821429161995e-01
5.513378842969999823e+04	2.488343886939858862e-01
5.513398342969999794e+04	2.588337836051053387e-01
5.513417842969999765e+04	2.371164113185368905e-01
5.513437442970000120e+04	2.796662155406348660e-01
5.513456942970000091e+04	2.635951965755580773e-01
5.513476442970000062e+04	2.468775539899752403e-01
5.513496042969999689e+04	2.394614121630844750e-01
5.513515542969999660e+04	2.989413486288778898e-01
5.513535042970000359e+04	2.817634033332936383e-01
5.513554542970000330e+04	2.297045855292410010e-01
5.513574142969999957e+04	2.626191893165881197e-01
5.513593642969999928e+04	2.630002258413846050e-01
5.513613142969999899e+04	2.678005042897844135e-01
5.513632742970000254e+04	2.789046564586001864e-01
5.513652242970000225e+04	2.311043343616034917e-01
5.513671742970000196e+04	2.615457736581987547e-01
5.513691342969999823e+04	2.795400868606670031e-01
5.513710842969999794e+04	2.668835360057624229e-01
5.513730342969999765e+04	2.478241237142153608e-01
5.513749942970000120e+04	2.283685726968798235e-01
5.513769442970000091e+04	2.400196576249520319e-01
5.513788942970000062e+04	2.784313672340985590e-01
5.513808542969999689e+04	2.489775016956663478e-01
5.513828042969999660e+04	2.616347285198017403e-01
5.513847542970000359e+04	2.559170994101265251e-01
5.513867042970000330e+04	2.693290882902097394e-01
5.513886642969999957e+04	2.159593989753272325e-01
5.513906142969999928e+04	2.758858027152264469e-01
5.513925642969999899e+04	2.457276951950948529e-01
5.513945242970000254e+04	2.536698476010084136e-01
5.513964742970000225e+04	2.335437513617417693e-01
5.513984242970000196e+04	2.293519376051946779e-01
5.514003842969999823e+04	2.283192126742328298e-01
5.514023342969999794e+04	2.574536412113026529e-01
5.514042842969999765e+04	2.695814380875916072e-01
5.514062442970000120e+04	2.817838211104302104e-01
5.514081942970000091e+04	2.624136559791701018e-01
5.514101442970000062e+04	2.192540190864669114e-01
5.514121042969999689e+04	2.276295166089941091e-01
5.514140542969999660e+04	2.782175545264760075e-01
5.514160042970000359e+04	2.818823090514612772e-01
5.514179542970000330e+04	2.548385925373217731e-01
5.514199142969999957e+04	2.504038140107223143e-01
5.514218642969999928e+04	2.498313794716811032e-01
5.514238142969999899e+04	2.731381247675113144e-01
5.514257742970000254e+04	2.246357534073712969e-01
5.514277242970000225e+04	2.740945139656698615e-01
5.514296742970000196e+04	2.115634824885166410e-01
5.514316342969999823e+04	2.585464719383949728e-01
5.514335842969999794e+04	2.361333520906718775e-01
5.514355342969999765e+04	2.480285788857887752e-01
5.514374942970000120e+04	2.195442035493684330e-01
5.514394442970000091e+04	2.554469883519523421e-01
5.514413942970000062e+04	2.764852747696711077e-01
5.514433542969999689e+04	2.524409310584641020e-01
5.514453042969999660e+04	2.750748707740235943e-01
5.514472542970000359e+04	2.571915434960203584e-01
5.514492042970000330e+04	2.578082985439262842e-01
5.514511642969999957e+04	2.672296561132814219e-01
5.514531142969999928e+04	2.789310818869275010e-01
5.514550642969999899e+04	2.941326729457482969e-01
5.514570242970000254e+04	2.791232819234004126e-01
5.514589742970000225e+04	2.594961822802375195e-01
5.514609242970000196e+04	2.275681197601482353e-01
5.514628842969999823e+04	2.068354962143139630e-01
5.514648342969999794e+04	2.515751187908286113e-01
5.514667842969999765e+04	2.758665875041810267e-01
5.514687442970000120e+04	2.493443147633946921e-01
5.514706942970000091e+04	2.926248333727698991e-01
5.514726442970000062e+04	2.548866917314711600e-01
5.514746042969999689e+04	2.639449656286245727e-01
5.514765542969999660e+04	2.221111798276282912e-01
5.514785042970000359e+04	2.395095410054253193e-01
5.514804542970000330e+04	2.712288694435827097e-01
5.514824142969999957e+04	2.728161344839552527e-01
5.514843642969999928e+04	2.168782398164719183e-01
5.514863142969999899e+04	2.376602808807781742e-01
5.514882742970000254e+04	2.487754510645707740e-01
5.514902242970000225e+04	2.220858938146577088e-01
5.514921742970000196e+04	2.184544842994569080e-01
5.514941342969999823e+04	2.630831560628017485e-01
5.514960842969999794e+04	2.442397493714576484e-01
5.514980342969999765e+04	2.697749076319198025e-01
5.514999942970000120e+04	2.431150337935434891e-01
5.515019442970000091e+04	2.711736076050801358e-01
5.515038942970000062e+04	2.580968373039347341e-01
5.515058542969999689e+04	1.977347960711561825e-01
5.515078042969999660e+04	2.662934545590580626e-01
5.515097542970000359e+04	3.072733239010378981e-01
5.515117042970000330e+04	2.758737906301433895e-01
5.515136642969999957e+04	2.382233621751375097e-01
5.515156142969999928e+04	2.549744619351770325e-01
5.515175642969999899e+04	2.648860767910932168e-01
5.515195242970000254e+04	2.221256171470749052e-01
5.515214742970000225e+04	2.594432901678001002e-01
5.515234242970000196e+04	2.666696138678599226e-01
5.515253842969999823e+04	2.592280959749651004e-01
5.515273342969999794e+04	2.871796868425242621e-01
5.515292842969999765e+04	2.546221708370239867e-01
5.515312442970000120e+04	2.532706443533179197e-01
5.515331942970000091e+04	2.852402816381527373e-01
5.515351442970000062e+04	2.794788382791644210e-01
5.515371042969999689e+04	2.577590070324990990e-01
5.515390542969999660e+04	2.620506386243199870e-01
5.515410042970000359e+04	2.471373631626541112e-01
5.515429542970000330e+04	2.501103723164526116e-01
5.515449142969999957e+04	2.499384130120887448e-01
5.515468642969999928e+04	2.372331219023458004e-01
5.515488142969999899e+04	2.308828891299867792e-01
5.515507742970000254e+04	2.603160473081125303e-01
5.515527242970000225e+04	2.296504309427778168e-01
5.515546742970000196e+04	2.638199653382571341e-01
5.515566342969999823e+04	2.698289855228139800e-01
5.515585842969999794e+04	2.705679901031849965e-01
5.515605342969999765e+04	2.362031414661931450e-01
5.515624942970000120e+04	2.616419357599291118e-01
5.515644442970000091e+04	2.925635860298534396e-01
5.515663942970000062e+04	2.289198391503344254e-01
5.515683542969999689e+04	2.720880028996557343e-01
5.515703042969999660e+04	2.839120375374459826e-01
5.515722542970000359e+04	2.272563666084419509e-01
5.515742042970000330e+04	2.670001177395686653e-01
5.515761642969999957e+04	2.640759741807681138e-01
5.515781142969999928e+04	2.436527382113986562e-01
5.515800642969999899e+04	1.926739327348769848e-01
5.515820242970000254e+04	2.728641886861709054e-01
5.515839742970000225e+04	2.166855597480719098e-01
5.515859242970000196e+04	3.103555645698854448e-01
5.515878842969999823e+04	2.126836085244434571e-01
5.515898342969999794e+04	3.045447142851180899e-01
5.515917842969999765e+04	2.520224538883155674e-01
5.515937442970000120e+04	2.438752688336300878e-01
5.515956942970000091e+04	2.087677594157018035e-01
5.515976442970000062e+04	2.751589579442601519e-01
5.515996042969999689e+04	2.334655400554837001e-01
5.516015542969999660e+04	2.070655986970315610e-01
5.516035042970000359e+04	2.685792288025101726e-01
5.516054542970000330e+04	2.481296177608793840e-01
5.516074142969999957e+04	2.507537681085345582e-01
5.516093642969999928e+04	2.374100058191093154e-01
5.516113142969999899e+04	2.744981931487959770e-01
5.516132742970000254e+04	2.638067394510983377e-01
5.516152242970000225e+04	3.010237174806302818e-01
5.516171742970000196e+04	2.731825867183417245e-01
5.516191342969999823e+04	2.462930122061770533e-01
5.516210842969999794e+04	2.748922578087853452e-01
5.516230342969999765e+04	2.373330055535927130e-01
5.516249942970000120e+04	2.138639149952261675e-01
5.516269442970000091e+04	2.372896785883824577e-01
5.516288942970000062e+04	2.353885202730054971e-01
5.516308542969999689e+04	2.574175679550272378e-01
5.516328042969999660e+04	2.602980179196769939e-01
5.516347542970000359e+04	2.483436886516354747e-01
5.516367042970000330e+04	2.280158955720263947e-01
5.516386642969999957e+04	2.572636802828665026e-01
5.516406142969999928e+04	2.521787909960657714e-01
5.516425642969999899e+04	2.507573836313490290e-01
5.516445242970000254e+04	2.981803892502412623e-01
5.516464742970000225e+04	2.941050777529152782e-01
5.516484242970000196e+04	2.484627538775896483e-01
5.516503842969999823e+04	2.857482668891400124e-01
5.516523342969999794e+04	2.352140407764515828e-01
5.516542842969999765e+04	2.430139849478312186e-01
5.516562442970000120e+04	2.440509070833289940e-01
5.516581942970000091e+04	2.589299561656499549e-01
5.516601442970000062e+04	2.557511910225152008e-01
5.516621042969999689e+04	2.447425675447192361e-01
5.516640542969999660e+04	2.749751484712330551e-01
5.516660042970000359e+04	2.921938093432707717e-01
5.516679542970000330e+04	2.670878556386924174e-01
5.516699142969999957e+04	2.283589467763640357e-01
5.516718642969999928e+04	2.532321583808521126e-01
5.516738142969999899e+04	2.570556758474644710e-01
5.516757742970000254e+04	2.747120480988982649e-01
5.516777242970000225e+04	2.844500697843095338e-01
5.516796742970000196e+04	2.903448538240560595e-01
5.516816342969999823e+04	2.738157687179860744e-01
5.516835842969999794e+04	3.585943599542158466e-01
5.516855342969999765e+04	2.641757401024555918e-01
5.516874942970000120e+04	2.673330122118535712e-01
5.516894442970000091e+04	2.586979352297920087e-01
5.516913942970000062e+04	2.715917531601235169e-01
5.516933542969999689e+04	2.421057462977529440e-01
5.516953042969999660e+04	2.619364395695651382e-01
5.516972542970000359e+04	2.268543212045450730e-01
5.516992042970000330e+04	2.356363865611736941e-01
5.517011642969999957e+04	2.713394237175936752e-01
5.517031142969999928e+04	2.424112896814012430e-01
5.517050642969999899e+04	2.636264495698288357e-01
5.517070242970000254e+04	2.708143200937556117e-01
5.517089742970000225e+04	2.777778918009516929e-01
5.517109242970000196e+04	2.828299441209569665e-01
5.517128842969999823e+04	2.804493773908784959e-01
5.517148342969999794e+04	3.269491325988340691e-01
5.517167842969999765e+04	2.714103119623718641e-01
5.517187442970000120e+04	3.219396127387632589e-01
5.517206942970000091e+04	2.794524031137335385e-01
5.517226442970000062e+04	2.648968862407663494e-01
5.517246042969999689e+04	2.987649111455539241e-01
5.517265542969999660e+04	2.581966168241578430e-01
5.517285042970000359e+04	2.455641057781257075e-01
5.517304542970000330e+04	2.877320685161954827e-01
5.517324142969999957e+04	2.517434720948248383e-01
5.517343642969999928e+04	3.142471061971985336e-01
5.517363142969999899e+04	2.452886474177908838e-01
5.517382742970000254e+04	2.794391958386821528e-01
5.517402242970000225e+04	2.535255633588739954e-01
5.517421742970000196e+04	2.765513498638441092e-01
5.517441342969999823e+04	2.608846375528983685e-01
5.517460842969999794e+04	3.126037045591356645e-01
5.517480342969999765e+04	3.040875082831639986e-01
5.517499942970000120e+04	2.890601088629836113e-01
5.517519442970000091e+04	2.528088913986774600e-01
5.517538942970000062e+04	3.160379080082442727e-01
5.517558542969999689e+04	2.535748632370893318e-01
5.517578042969999660e+04	2.796241795970129118e-01
5.517597542970000359e+04	3.123266061811040828e-01
5.517617042970000330e+04	2.701654446029451151e-01
5.517636642969999957e+04	3.077580823495580375e-01
5.517656142969999928e+04	2.740908915049455885e-01
5.517675642969999899e+04	3.119319177925312658e-01
5.517695242970000254e+04	2.665602570537934923e-01
5.517714742970000225e+04	2.915166858920752446e-01
5.517734242970000196e+04	2.568981816375082161e-01
5.517753842969999823e+04	2.898933895163953167e-01
5.517773342969999794e+04	2.825236782535593960e-01
5.517792842969999765e+04	2.709044495284054221e-01
5.517812442970000120e+04	2.929705959799875359e-01
5.517831942970000091e+04	2.600708113993839277e-01
5.517851442970000062e+04	2.678017017585645476e-01
5.517871042969999689e+04	3.147172934143771528e-01
