# time(sec)	crack length FEA(mm)
3.543085842969999794e+04	2.670289611305243227e-01
3.543105342969999765e+04	2.718789248411503934e-01
3.543124942970000120e+04	2.607548100384917689e-01
3.543144442970000091e+04	2.517903686896776350e-01
3.543163942970000062e+04	2.927785027980593924e-01
3.543183542969999689e+04	2.472552253575006631e-01
3.543203042969999660e+04	3.013765488530104619e-01
3.543222542970000359e+04	2.425099436000355269e-01
3.543242042970000330e+04	2.462280553859397259e-01
3.543261642969999957e+04	2.706172562960791339e-01
3.543281142969999928e+04	2.834256486106294659e-01
3.543300642969999899e+04	2.213237748216272394e-01
3.543320242970000254e+04	2.198909807340942990e-01
3.543339742970000225e+04	2.188386055172770739e-01
3.543359242970000196e+04	2.045994927027638965e-01
3.543378842969999823e+04	2.407920262762974772e-01
3.543398342969999794e+04	2.234114255559802587e-01
3.543417842969999765e+04	2.701329921272925816e-01
3.543437442970000120e+04	2.366856668177632628e-01
3.543456942970000091e+04	3.033554973279777300e-01
3.543476442970000062e+04	2.684049812796338585e-01
3.543496042969999689e+04	2.628547875385010002e-01
3.543515542969999660e+04	2.539115417198338776e-01
3.543535042970000359e+04	3.205509430399153814e-01
3.543554542970000330e+04	2.335533856214873083e-01
3.543574142969999957e+04	2.807532750732928406e-01
3.543593642969999928e+04	2.428660224118637245e-01
3.543613142969999899e+04	2.743468051912820727e-01
3.543632742970000254e+04	1.878218201774792817e-01
3.543652242970000225e+04	3.021890471244788046e-01
3.543671742970000196e+04	2.377469127789133552e-01
3.543691342969999823e+04	2.478469661613793562e-01
3.543710842969999794e+04	2.575642359337670939e-01
3.543730342969999765e+04	2.125222131542177095e-01
3.543749942970000120e+04	3.201408302234405312e-01
3.543769442970000091e+04	2.571290213361798749e-01
3.543788942970000062e+04	3.000107620957095378e-01
3.543808542969999689e+04	2.846830477373494261e-01
3.543828042969999660e+04	2.829308214090140439e-01
3.543847542970000359e+04	2.652838965534680682e-01
3.543867042970000330e+04	2.780577793809939635e-01
3.543886642969999957e+04	3.008016759935614459e-01
3.543906142969999928e+04	2.878749583519564226e-01
3.543925642969999899e+04	3.316603521231815677e-01
3.543945242970000254e+04	2.850121160979739443e-01
3.543964742970000225e+04	3.275797531847839394e-01
3.543984242970000196e+04	3.485667231795837040e-01
3.544003842969999823e+04	2.704862717972673636e-01
3.544023342969999794e+04	2.660386660410445359e-01
3.544042842969999765e+04	3.283721899321747628e-01
3.544062442970000120e+04	3.225175919164158245e-01
3.544081942970000091e+04	2.852030622642196533e-01
3.544101442970000062e+04	2.310128617980407029e-01
3.544121042969999689e+04	2.490869356345211116e-01
3.544140542969999660e+04	3.169926397948312768e-01
3.544160042970000359e+04	3.070441440827043067e-01
3.544179542970000330e+04	2.997011094200434655e-01
3.544199142969999957e+04	3.012949522105081712e-01
3.544218642969999928e+04	2.868386609581801139e-01
3.544238142969999899e+04	2.832815261993655298e-01
3.544257742970000254e+04	2.700981552147059261e-01
3.544277242970000225e+04	2.852823184195898421e-01
3.544296742970000196e+04	2.522894194377744981e-01
3.544316342969999823e+04	2.651817398772209344e-01
3.544335842969999794e+04	2.563884099526312355e-01
3.544355342969999765e+04	2.519334750665596090e-01
3.544374942970000120e+04	2.728377568222342120e-01
3.544394442970000091e+04	2.997791234937530191e-01
3.544413942970000062e+04	2.716205809163891871e-01
3.544433542969999689e+04	3.109446232382762076e-01
3.544453042969999660e+04	2.727007875069809018e-01
3.544472542970000359e+04	2.378792682098840316e-01
3.544492042970000330e+04	2.759194344587179160e-01
3.544511642969999957e+04	2.592713848643395380e-01
3.544531142969999928e+04	2.513863216769642861e-01
3.544550642969999899e+04	3.101120164063217999e-01
3.544570242970000254e+04	3.008016759935614459e-01
3.544589742970000225e+04	2.568416797018180375e-01
3.544609242970000196e+04	2.529243304386152857e-01
3.544628842969999823e+04	2.993026224587289619e-01
3.544648342969999794e+04	2.960053828288344846e-01
3.544667842969999765e+04	2.983736367414877577e-01
3.544687442970000120e+04	2.484615451488654259e-01
3.544706942970000091e+04	2.611394787476015722e-01
3.544726442970000062e+04	2.739731560843861047e-01
3.544746042969999689e+04	2.999723585688425231e-01
3.544765542969999660e+04	2.587039557397847744e-01
3.544785042970000359e+04	3.092134346476509421e-01
3.544804542970000330e+04	2.775784684338731267e-01
3.544824142969999957e+04	2.621359778115550654e-01
3.544843642969999928e+04	2.816084484700009938e-01
3.544863142969999899e+04	2.416546165585096162e-01
3.544882742970000254e+04	3.239241041974487700e-01
3.544902242970000225e+04	2.909079531316027811e-01
3.544921742970000196e+04	3.013837755294801468e-01
3.544941342969999823e+04	2.377072039457139851e-01
3.544960842969999794e+04	2.176778146807336611e-01
3.544980342969999765e+04	3.153830187102872884e-01
3.544999942970000120e+04	2.718933540393209114e-01
3.545019442970000091e+04	2.869563355819941819e-01
3.545038942970000062e+04	3.220702957980456915e-01
3.545058542969999689e+04	2.617982125818141270e-01
3.545078042969999660e+04	2.551355831809676289e-01
3.545097542970000359e+04	2.971877232515502953e-01
3.545117042970000330e+04	2.772168895524433907e-01
3.545136642969999957e+04	2.677464116745280620e-01
3.545156142969999928e+04	2.639185243045272244e-01
3.545175642969999899e+04	3.063770307967228490e-01
3.545195242970000254e+04	2.903304456249031773e-01
3.545214742970000225e+04	3.242514384921584281e-01
3.545234242970000196e+04	3.152210710197991261e-01
3.545253842969999823e+04	2.673149775739034339e-01
3.545273342969999794e+04	2.608762219665905491e-01
3.545292842969999765e+04	3.009132949236121846e-01
3.545312442970000120e+04	3.320942859670417135e-01
3.545331942970000091e+04	3.245524120870975082e-01
3.545351442970000062e+04	3.078504383060440830e-01
3.545371042969999689e+04	2.719366002985257325e-01
3.545390542969999660e+04	3.071569408896976938e-01
3.545410042970000359e+04	2.635242861016902083e-01
3.545429542970000330e+04	2.468210396868073531e-01
3.545449142969999957e+04	2.810919906405793256e-01
3.545468642969999928e+04	2.881487293969691166e-01
3.545488142969999899e+04	2.560758185030422851e-01
3.545507742970000254e+04	2.930594180790730974e-01
3.545527242970000225e+04	2.529363535863620172e-01
3.545546742970000196e+04	2.640375048798500046e-01
3.545566342969999823e+04	2.813814567869634686e-01
3.545585842969999794e+04	2.358120827844096823e-01
3.545605342969999765e+04	2.502342430238062576e-01
3.545624942970000120e+04	2.890541163115827317e-01
3.545644442970000091e+04	2.753487825524274513e-01
3.545663942970000062e+04	2.825548971996010295e-01
3.545683542969999689e+04	2.219871695288837543e-01
3.545703042969999660e+04	2.765008983514114504e-01
3.545722542970000359e+04	2.804469836686038775e-01
3.545742042970000330e+04	2.719354030283973600e-01
3.545761642969999957e+04	2.779112319405800946e-01
3.545781142969999928e+04	2.717335383338888022e-01
3.545800642969999899e+04	2.969536662322056486e-01
3.545820242970000254e+04	2.810859755363459556e-01
3.545839742970000225e+04	3.239924635642310591e-01
3.545859242970000196e+04	2.709332884014425957e-01
3.545878842969999823e+04	3.134733845174153544e-01
3.545898342969999794e+04	2.930150019128685557e-01
3.545917842969999765e+04	2.981768012230894271e-01
3.545937442970000120e+04	2.617477105458299036e-01
3.545956942970000091e+04	2.981503755933765376e-01
3.545976442970000062e+04	2.711615932481770130e-01
3.545996042969999689e+04	2.883432719000715849e-01
3.546015542969999660e+04	2.810295180892765643e-01
3.546035042970000359e+04	2.753680084826992669e-01
3.546054542970000330e+04	2.940942603464833383e-01
3.546074142969999957e+04	2.821117103665606862e-01
3.546093642969999928e+04	3.060494610586488307e-01
3.546113142969999899e+04	2.865756755560955327e-01
3.546132742970000254e+04	2.848055501038793125e-01
3.546152242970000225e+04	2.831638135753795638e-01
3.546171742970000196e+04	3.445559700345501852e-01
3.546191342969999823e+04	2.946896953765243410e-01
3.546210842969999794e+04	2.972045299043486466e-01
3.546230342969999765e+04	2.873754334457512272e-01
3.546249942970000120e+04	2.883900893615720662e-01
3.546269442970000091e+04	2.662213438914164954e-01
3.546288942970000062e+04	3.198674110516837032e-01
3.546308542969999689e+04	2.347844418388334020e-01
3.546328042969999660e+04	2.872181101128319369e-01
3.546347542970000359e+04	3.522402992334416894e-01
3.546367042970000330e+04	2.709344857197173440e-01
3.546386642969999957e+04	2.775880857000512236e-01
3.546406142969999928e+04	2.879530095025923941e-01
3.546425642969999899e+04	3.284932621548932730e-01
3.546445242970000254e+04	2.994946652887087168e-01
3.546464742970000225e+04	2.903941015427307093e-01
3.546484242970000196e+04	2.964843391875842116e-01
3.546503842969999823e+04	2.691680587370637312e-01
3.546523342969999794e+04	3.310178702325945466e-01
3.546542842969999765e+04	2.990133749307801736e-01
3.546562442970000120e+04	3.095769296323584996e-01
3.546581942970000091e+04	2.886230407665522080e-01
3.546601442970000062e+04	2.619616852465043166e-01
3.546621042969999689e+04	3.044943297813951233e-01
3.546640542969999660e+04	3.125461232530852840e-01
3.546660042970000359e+04	2.784409841710164812e-01
3.546679542970000330e+04	2.989197489457460222e-01
3.546699142969999957e+04	2.943439566500423155e-01
3.546718642969999928e+04	2.778175265664355464e-01
3.546738142969999899e+04	2.530698266637756433e-01
3.546757742970000254e+04	2.728821986672080868e-01
3.546777242970000225e+04	2.852727144397029235e-01
3.546796742970000196e+04	2.752983286047445688e-01
3.546816342969999823e+04	2.694648787490461217e-01
3.546835842969999794e+04	2.486672038165753662e-01
3.546855342969999765e+04	2.774391311662292026e-01
3.546874942970000120e+04	2.653307676928164938e-01
3.546894442970000091e+04	2.513526568229256242e-01
3.546913942970000062e+04	2.667152848808900245e-01
3.546933542969999689e+04	2.809202242795585391e-01
3.546953042969999660e+04	2.721853215990783781e-01
3.546972542970000359e+04	3.084839758741786397e-01
3.546992042970000330e+04	2.990709875741455193e-01
3.547011642969999957e+04	2.643007386090374666e-01
3.547031142969999928e+04	3.203554779267037134e-01
3.547050642969999899e+04	2.749451171500378877e-01
3.547070242970000254e+04	3.003756184183714595e-01
3.547089742970000225e+04	3.336920349596930180e-01
3.547109242970000196e+04	2.719978777454095109e-01
3.547128842969999823e+04	2.591078842351901557e-01
3.547148342969999794e+04	2.426506851867564762e-01
3.547167842969999765e+04	3.097449016616753426e-01
3.547187442970000120e+04	2.713802660230228980e-01
3.547206942970000091e+04	2.400377120071901516e-01
3.547226442970000062e+04	2.346328126635270905e-01
3.547246042969999689e+04	2.809238251122341268e-01
3.547265542969999660e+04	2.878749583519564226e-01
3.547285042970000359e+04	2.838604042345949097e-01
3.547304542970000330e+04	2.675998035801114838e-01
3.547324142969999957e+04	2.912237382032074606e-01
3.547343642969999928e+04	2.903160271037314999e-01
3.547363142969999899e+04	2.603485022396672122e-01
3.547382742970000254e+04	2.721216294483763676e-01
3.547402242970000225e+04	2.635050510330181339e-01
3.547421742970000196e+04	2.361466029912513420e-01
3.547441342969999823e+04	2.599409693215264383e-01
3.547460842969999794e+04	3.390347244662645920e-01
3.547480342969999765e+04	2.796794330134027007e-01
3.547499942970000120e+04	2.413779163110802983e-01
3.547519442970000091e+04	2.822306144218664770e-01
3.547538942970000062e+04	3.111269512829579753e-01
3.547558542969999689e+04	3.220475213346780663e-01
3.547578042969999660e+04	2.721156328203910846e-01
3.547597542970000359e+04	2.677740567318753762e-01
3.547617042970000330e+04	3.198613847117428577e-01
3.547636642969999957e+04	2.574163699874194577e-01
3.547656142969999928e+04	3.430990948113095129e-01
3.547675642969999899e+04	3.206780795231622960e-01
3.547695242970000254e+04	3.084671665338163393e-01
3.547714742970000225e+04	3.018998228426283958e-01
3.547734242970000196e+04	3.076836902584254574e-01
3.547753842969999823e+04	2.947713136813980839e-01
3.547773342969999794e+04	3.105031371283537567e-01
3.547792842969999765e+04	2.643223683357405207e-01
3.547812442970000120e+04	3.178034123374686715e-01
3.547831942970000091e+04	3.250931501621785458e-01
3.547851442970000062e+04	3.246483310763164098e-01
3.547871042969999689e+04	3.383432909136452338e-01
3.547890542969999660e+04	2.767711930199787673e-01
3.547910042970000359e+04	3.223533010134183030e-01
3.547929542970000330e+04	3.136761268611358844e-01
3.547949142969999957e+04	3.035007096123578663e-01
3.547968642969999928e+04	3.099956466789990372e-01
3.547988142969999899e+04	3.403588332373281844e-01
3.548007742970000254e+04	3.148336410449221745e-01
3.548027242970000225e+04	2.839720785262240810e-01
3.548046742970000196e+04	2.944447872960882506e-01
3.548066342969999823e+04	2.751133230424596121e-01
3.548085842969999794e+04	3.281552017409978816e-01
3.548105342969999765e+04	3.223245319679932663e-01
3.548124942970000120e+04	2.880430666316478039e-01
3.548144442970000091e+04	3.113861015097860729e-01
3.548163942970000062e+04	2.898057525310822058e-01
3.548183542969999689e+04	2.836514249561190582e-01
3.548203042969999660e+04	2.983880505954843443e-01
3.548222542970000359e+04	3.173452446719178255e-01
3.548242042970000330e+04	2.886014218127073150e-01
3.548261642969999957e+04	3.217393378399329151e-01
3.548281142969999928e+04	3.208039792304830939e-01
3.548300642969999899e+04	3.135393820922658392e-01
3.548320242970000254e+04	3.014833714945570620e-01
3.548339742970000225e+04	2.863006803188419269e-01
3.548359242970000196e+04	2.807208363856084077e-01
3.548378842969999823e+04	3.378088117593200934e-01
3.548398342969999794e+04	3.424197338633447885e-01
3.548417842969999765e+04	3.031070872112380243e-01
3.548437442970000120e+04	3.125185484787724732e-01
3.548456942970000091e+04	3.338838019966026138e-01
3.548476442970000062e+04	3.429181642480312320e-01
3.548496042969999689e+04	3.166376087642852610e-01
3.548515542969999660e+04	3.234181133785245521e-01
3.548535042970000359e+04	3.229036970133734030e-01
3.548554542970000330e+04	2.917147704111684448e-01
3.548574142969999957e+04	3.779746882696315424e-01
3.548593642969999928e+04	3.442684322602307390e-01
3.548613142969999899e+04	3.210905835902639893e-01
3.548632742970000254e+04	3.604610137271748727e-01
3.548652242970000225e+04	3.141955151972233296e-01
3.548671742970000196e+04	3.168079233252996119e-01
3.548691342969999823e+04	2.967087804303076837e-01
3.548710842969999794e+04	3.514054849679197901e-01
3.548730342969999765e+04	3.185997769025910031e-01
3.548749942970000120e+04	3.400065548794106718e-01
3.548769442970000091e+04	3.190374930253234709e-01
3.548788942970000062e+04	3.208255908163160086e-01
3.548808542969999689e+04	3.313546869777113102e-01
3.548828042969999660e+04	3.172924650111159650e-01
3.548847542970000359e+04	3.452939409651367697e-01
3.548867042970000330e+04	2.600840289421668672e-01
3.548886642969999957e+04	3.289559921369544782e-01
3.548906142969999928e+04	2.754917537690300122e-01
3.548925642969999899e+04	3.291238332463830574e-01
3.548945242970000254e+04	2.878653553720216252e-01
3.548964742970000225e+04	2.846734538423572047e-01
3.548984242970000196e+04	2.749343017375238674e-01
3.549003842969999823e+04	2.773934798027752890e-01
3.549023342969999794e+04	2.803076418096956957e-01
3.549042842969999765e+04	3.310801967595722317e-01
3.549062442970000120e+04	2.712757294048770973e-01
3.549081942970000091e+04	2.651480833161539152e-01
3.549101442970000062e+04	3.121250584757806479e-01
3.549121042969999689e+04	2.938505529361350455e-01
3.549140542969999660e+04	3.408573050053611553e-01
3.549160042970000359e+04	2.815063690154175902e-01
3.549179542970000330e+04	2.897337098918448817e-01
3.549199142969999957e+04	2.831650103059963897e-01
3.549218642969999928e+04	2.935672541226779231e-01
3.549238142969999899e+04	3.262309666852747370e-01
3.549257742970000254e+04	2.429586398907481737e-01
3.549277242970000225e+04	3.291945776407789737e-01
3.549296742970000196e+04	2.403192222655903265e-01
3.549316342969999823e+04	3.181668126600314395e-01
3.549335842969999794e+04	3.252981871519917689e-01
3.549355342969999765e+04	2.776757760094596961e-01
3.549374942970000120e+04	3.440779392230552958e-01
3.549394442970000091e+04	2.778211278476483415e-01
3.549413942970000062e+04	2.733988473598572000e-01
3.549433542969999689e+04	2.401002563374241561e-01
3.549453042969999660e+04	2.890120755834058031e-01
3.549472542970000359e+04	2.416365633456329931e-01
3.549492042970000330e+04	2.674075249623353301e-01
3.549511642969999957e+04	2.609651792168357076e-01
3.549531142969999928e+04	2.783436795843847733e-01
3.549550642969999899e+04	2.836838495106199787e-01
3.549570242970000254e+04	3.048711081532076150e-01
3.549589742970000225e+04	2.827434687058492102e-01
3.549609242970000196e+04	2.558593972094946878e-01
3.549628842969999823e+04	2.809454507324709027e-01
3.549648342969999794e+04	3.105211302030248532e-01
3.549667842969999765e+04	3.031539078321117131e-01
3.549687442970000120e+04	2.780793971708384049e-01
3.549706942970000091e+04	3.078456458225904413e-01
3.549726442970000062e+04	3.008568927356911615e-01
3.549746042969999689e+04	2.475823706172093353e-01
3.549765542969999660e+04	3.011785412245764348e-01
3.549785042970000359e+04	2.855549213565531375e-01
3.549804542970000330e+04	2.848884180998787485e-01
3.549824142969999957e+04	3.068257843364978754e-01
3.549843642969999928e+04	2.978923246994735763e-01
3.549863142969999899e+04	2.966799920126899082e-01
3.549882742970000254e+04	3.057518709156283876e-01
3.549902242970000225e+04	3.172241181200625704e-01
3.549921742970000196e+04	3.259684180720334723e-01
3.549941342969999823e+04	2.825032610829474322e-01
3.549960842969999794e+04	3.019226260767702286e-01
3.549980342969999765e+04	2.995991041289549628e-01
3.549999942970000120e+04	3.013693634108367547e-01
3.550019442970000091e+04	2.704310083120766706e-01
3.550038942970000062e+04	2.869563355819941819e-01
3.550058542969999689e+04	3.073573332974000039e-01
3.550078042969999660e+04	2.869959660585479355e-01
3.550097542970000359e+04	3.235835714295181020e-01
3.550117042970000330e+04	3.504976029848414498e-01
3.550136642969999957e+04	2.908467325045549501e-01
3.550156142969999928e+04	2.596416401741841185e-01
3.550175642969999899e+04	2.885762134286977698e-01
3.550195242970000254e+04	3.143418697342781343e-01
3.550214742970000225e+04	2.812793557672108591e-01
3.550234242970000196e+04	2.401267332522216691e-01
3.550253842969999823e+04	2.954063496030343572e-01
3.550273342969999794e+04	3.264467976316005604e-01
3.550292842969999765e+04	3.244636715005899674e-01
3.550312442970000120e+04	2.935216116927819030e-01
3.550331942970000091e+04	2.648752570125125771e-01
3.550351442970000062e+04	2.881307201365714832e-01
3.550371042969999689e+04	2.901539470869547443e-01
3.550390542969999660e+04	2.559255269979701097e-01
3.550410042970000359e+04	2.844428794541506988e-01
3.550429542970000330e+04	3.007200774656340059e-01
3.550449142969999957e+04	2.601345240215646726e-01
3.550468642969999928e+04	3.057842769975511743e-01
3.550488142969999899e+04	3.065738117512815109e-01
3.550507742970000254e+04	2.860412893274641988e-01
3.550527242970000225e+04	3.041907218165285087e-01
3.550546742970000196e+04	2.736451596899200922e-01
3.550566342969999823e+04	2.940810402113562816e-01
3.550585842969999794e+04	2.803713027186631734e-01
3.550605342969999765e+04	3.260367409178517306e-01
3.550624942970000120e+04	3.699728377417415004e-01
3.550644442970000091e+04	3.164912986508738868e-01
3.550663942970000062e+04	2.942287093405830944e-01
3.550683542969999689e+04	2.720639647404805572e-01
3.550703042969999660e+04	2.939982234328617494e-01
3.550722542970000359e+04	2.714595661686391992e-01
3.550742042970000330e+04	3.220463264730675235e-01
3.550761642969999957e+04	3.044835168907606970e-01
3.550781142969999928e+04	2.952815174052645375e-01
3.550800642969999899e+04	2.769225662471477278e-01
3.550820242970000254e+04	2.981347655905750571e-01
3.550839742970000225e+04	2.731405295129345490e-01
3.550859242970000196e+04	2.505733941753156557e-01
3.550878842969999823e+04	2.357037896413078926e-01
3.550898342969999794e+04	2.982499948125649780e-01
3.550917842969999765e+04	3.424544799183060206e-01
3.550937442970000120e+04	3.108450239310993624e-01
3.550956942970000091e+04	2.944364036631377246e-01
3.550976442970000062e+04	3.136653179620907395e-01
3.550996042969999689e+04	2.325822087341897770e-01
3.551015542969999660e+04	2.687474570235419691e-01
3.551035042970000359e+04	3.105391335699785316e-01
3.551054542970000330e+04	2.980531480056374249e-01
3.551074142969999957e+04	2.477940596745433766e-01
3.551093642969999928e+04	2.686753637775556314e-01
3.551113142969999899e+04	3.288756805012233997e-01
3.551132742970000254e+04	3.052647026416348552e-01
3.551152242970000225e+04	3.038607318130370771e-01
3.551171742970000196e+04	3.233305738407761254e-01
3.551191342969999823e+04	2.551055279506186935e-01
3.551210842969999794e+04	2.791773395287009407e-01
3.551230342969999765e+04	2.765393380996457040e-01
3.551249942970000120e+04	2.888487803053578773e-01
3.551269442970000091e+04	2.994022370649229714e-01
3.551288942970000062e+04	2.784734051906454511e-01
3.551308542969999689e+04	2.878929781120387332e-01
3.551328042969999660e+04	2.730384050340504132e-01
3.551347542970000359e+04	2.794031543876265289e-01
3.551367042970000330e+04	2.950846574275782785e-01
3.551386642969999957e+04	2.982115782575860408e-01
3.551406142969999928e+04	2.960125698201405697e-01
3.551425642969999899e+04	3.122642016876184812e-01
3.551445242970000254e+04	2.746063179951434563e-01
3.551464742970000225e+04	2.490544763778856918e-01
3.551484242970000196e+04	2.527271148693515102e-01
3.551503842969999823e+04	2.414128036938052446e-01
3.551523342969999794e+04	2.852727144397029235e-01
3.551542842969999765e+04	2.905609654970664479e-01
3.551562442970000120e+04	2.424931000236405509e-01
3.551581942970000091e+04	2.616335204292035144e-01
3.551601442970000062e+04	2.596704920792873850e-01
3.551621042969999689e+04	2.644028988954616466e-01
3.551640542969999660e+04	2.570364461159169167e-01
3.551660042970000359e+04	2.420383708329776340e-01
3.551679542970000330e+04	2.416353646201052641e-01
3.551699142969999957e+04	2.890973327859356345e-01
3.551718642969999928e+04	2.463699951696263213e-01
3.551738142969999899e+04	2.756539395550845484e-01
3.551757742970000254e+04	3.145421733363740202e-01
3.551777242970000225e+04	2.577493924397238345e-01
3.551796742970000196e+04	2.435793634289229459e-01
3.551816342969999823e+04	2.433075100980559569e-01
3.551835842969999794e+04	2.850853690385850570e-01
3.551855342969999765e+04	2.859163998434191001e-01
3.551874942970000120e+04	2.750592462980190334e-01
3.551894442970000091e+04	2.551584189348652387e-01
3.551913942970000062e+04	2.243841482489923322e-01
3.551933542969999689e+04	1.805352683987297979e-01
3.551953042969999660e+04	2.880010448254566313e-01
3.551972542970000359e+04	2.545151470612339040e-01
3.551992042970000330e+04	2.715725243159781144e-01
3.552011642969999957e+04	2.445380647847006372e-01
3.552031142969999928e+04	2.232055587716850198e-01
3.552050642969999899e+04	2.510772623559898165e-01
3.552070242970000254e+04	3.289596169155206695e-01
3.552089742970000225e+04	3.033339014767832964e-01
3.552109242970000196e+04	2.972309256060778893e-01
3.552128842969999823e+04	2.892126038551481315e-01
3.552148342969999794e+04	2.744873878625178065e-01
3.552167842969999765e+04	3.353304494938527114e-01
3.552187442970000120e+04	3.133762271130322574e-01
3.552206942970000091e+04	2.699443457927515055e-01
3.552226442970000062e+04	2.946176565593425778e-01
3.552246042969999689e+04	3.149631971794555341e-01
3.552265542969999660e+04	3.245512070464364740e-01
3.552285042970000359e+04	2.771027702879713672e-01
3.552304542970000330e+04	2.730335955232590095e-01
3.552324142969999957e+04	2.774331151798570261e-01
3.552343642969999928e+04	2.863583223944168310e-01
3.552363142969999899e+04	2.932803221016690998e-01
3.552382742970000254e+04	2.878077167852044482e-01
3.552402242970000225e+04	2.713502303689825368e-01
3.552421742970000196e+04	2.903772902905537023e-01
3.552441342969999823e+04	3.404786530582466497e-01
3.552460842969999794e+04	2.742230542183996533e-01
3.552480342969999765e+04	3.413186107164953853e-01
3.552499942970000120e+04	2.724748912497183539e-01
3.552519442970000091e+04	3.055514964943402134e-01
3.552538942970000062e+04	2.840705784465047401e-01
3.552558542969999689e+04	2.904553232829254483e-01
3.552578042969999660e+04	2.198500437351924575e-01
3.552597542970000359e+04	2.431836050034537067e-01
3.552617042970000330e+04	3.022694553308937770e-01
3.552636642969999957e+04	2.580162760483339923e-01
3.552656142969999928e+04	2.619737040383220972e-01
3.552675642969999899e+04	2.877824972828300076e-01
3.552695242970000254e+04	2.471133009403203573e-01
3.552714742970000225e+04	2.422645326016947820e-01
3.552734242970000196e+04	2.857782851880426023e-01
3.552753842969999823e+04	2.630975903535350824e-01
3.552773342969999794e+04	2.398247583422730145e-01
3.552792842969999765e+04	2.728689879087493608e-01
3.552812442970000120e+04	2.926428496949977642e-01
3.552831942970000091e+04	2.605204001180556617e-01
3.552851442970000062e+04	2.821513485537572308e-01
3.552871042969999689e+04	2.659016490318997228e-01
3.552890542969999660e+04	3.145769687101349632e-01
3.552910042970000359e+04	2.743348026845069398e-01
3.552929542970000330e+04	2.795881384136080783e-01
3.552949142969999957e+04	2.749871713096112558e-01
3.552968642969999928e+04	2.699575581016873116e-01
3.552988142969999899e+04	2.799749103141451201e-01
3.553007742970000254e+04	2.823207025654355107e-01
3.553027242970000225e+04	2.897913337060149530e-01
3.553046742970000196e+04	2.521487115440876892e-01
3.553066342969999823e+04	2.956932468034683126e-01
