# time(sec)	crack length FEA(mm)
2.544921829700000217e+03	4.651533092839166272e-02
2.545117229700000280e+03	8.547405614972447552e-02
2.545312529700000141e+03	9.862912447602667498e-02
2.545507829700000002e+03	6.533118959079331489e-02
2.545703129700000318e+03	8.314972361412920066e-02
2.545898429700000179e+03	8.063508485350645572e-02
2.546093729700000040e+03	1.095207197867757998e-01
2.546289029699999901e+03	5.487618245590653032e-02
2.546484329700000217e+03	3.461909000107787904e-02
2.546679729700000280e+03	5.817989023679004390e-02
2.546875029700000141e+03	4.810865180770740324e-02
2.547070329700000002e+03	7.364920509058414666e-02
2.547265629700000318e+03	1.599989893014921449e-01
2.547460929700000179e+03	8.255770868587752886e-02
2.547656229700000040e+03	1.084141128440645474e-01
2.547851529699999901e+03	5.279265965283208573e-02
2.548046829700000217e+03	6.586788056582015827e-02
2.548242229700000280e+03	8.406979717308082911e-02
2.548437529700000141e+03	3.490144266872619028e-02
2.548632829700000002e+03	8.194389108993327397e-02
2.548828129700000318e+03	7.118691493345252752e-02
2.549023429700000179e+03	7.482394649567503109e-02
2.549218729700000040e+03	7.049166035122134133e-02
2.549414029699999901e+03	1.017347519592792793e-01
2.549609329700000217e+03	7.342151658656526081e-02
2.549804729700000280e+03	4.309517029563281199e-02
2.550000029700000141e+03	4.191409794296774294e-02
2.550195329700000002e+03	4.981191753213565221e-02
2.550390629700000318e+03	8.578273829746407841e-02
2.550585929700000179e+03	3.619442959739060939e-02
2.550781229700000040e+03	1.013694002490979074e-01
2.550976529699999901e+03	8.263034883766273708e-02
2.551171829700000217e+03	5.151385731256219458e-02
2.551367229700000280e+03	6.456187523876621981e-02
2.551562529700000141e+03	7.405492290530268917e-02
2.551757829700000002e+03	6.629189416527125900e-02
2.551953129700000318e+03	1.016379708205210619e-01
2.552148429700000179e+03	3.434953784655192521e-02
2.552343729700000040e+03	9.526174032886025600e-02
2.552539029699999901e+03	8.620642101829112391e-02
2.552734329700000217e+03	8.369814185910229298e-02
2.552929729700000280e+03	4.466176314334191488e-02
2.553125029700000141e+03	8.406495540354796958e-02
2.553320329700000002e+03	1.033872148115921874e-01
2.553515629700000318e+03	8.533121280487421245e-02
2.553710929700000179e+03	1.446177433144075763e-01
2.553906229700000040e+03	4.177100757503282580e-02
2.554101529699999901e+03	1.056274293260983654e-01
2.554296829700000217e+03	1.271545230110859848e-01
2.554492229700000280e+03	3.542786375923157038e-02
2.554687529700000141e+03	7.140008893855664951e-02
2.554882829700000002e+03	1.117748994479725866e-01
2.555078129700000318e+03	8.040261596637243713e-02
2.555273429700000179e+03	9.073812029562589032e-02
2.555468729700000040e+03	6.485385667100551643e-02
2.555664029699999901e+03	8.378409374098616524e-02
2.555859329700000217e+03	7.484574556692535907e-02
2.556054729700000280e+03	6.553230188089109731e-02
2.556250029700000141e+03	7.701220972869293746e-02
2.556445329700000002e+03	6.918953118188575502e-02
2.556640629700000318e+03	7.573342455229159498e-02
2.556835929700000179e+03	8.544984552321288618e-02
2.557031229700000040e+03	6.903084928829450462e-02
2.557226529699999901e+03	7.716357880385160684e-02
2.557421829700000217e+03	8.016530241433628134e-02
2.557617229700000280e+03	4.630949050001653688e-02
2.557812529700000141e+03	7.626384099675753703e-02
2.558007829700000002e+03	5.949349695851857689e-02
2.558203129700000318e+03	5.559004287766278196e-02
2.558398429700000179e+03	1.170129081279611682e-01
2.558593729700000040e+03	3.984648382632194341e-02
2.558789029699999901e+03	5.108595907663016078e-02
2.558984329700000217e+03	5.587970254041962903e-02
2.559179729700000280e+03	4.328190488186223206e-02
2.559375029700000141e+03	9.110483128937119091e-02
2.559570329700000002e+03	7.516303721004824467e-02
2.559765629700000318e+03	5.545914926200623540e-02
2.559960929700000179e+03	9.402623768694695627e-02
2.560156229700000040e+03	4.988195851770527156e-02
2.560351529699999901e+03	4.373418622082070328e-02
2.560546829700000217e+03	3.376392608687339703e-02
2.560742229700000280e+03	7.612215519187515156e-02
2.560937529700000141e+03	5.512221810632311758e-02
2.561132829700000002e+03	5.880640763721700637e-02
2.561328129700000318e+03	7.222490847362905697e-02
2.561523429700000179e+03	4.410373913060361417e-02
2.561718729700000040e+03	8.732852636327237406e-02
2.561914029699999901e+03	5.508437667191223852e-02
2.562109329700000217e+03	3.977493288326705567e-02
2.562304729700000280e+03	6.465395242508620299e-02
2.562500029700000141e+03	6.250823430629814936e-02
2.562695329700000002e+03	7.194633681976014827e-02
2.562890629700000318e+03	8.068472802666271093e-02
2.563085929700000179e+03	8.176228484768621740e-02
2.563281229700000040e+03	3.311616563793151613e-02
2.563476529699999901e+03	3.489079557798291376e-02
2.563671829700000217e+03	5.556337990043758168e-02
2.563867229700000280e+03	6.902600462757746413e-02
2.564062529700000141e+03	7.468346556696481287e-02
2.564257829700000002e+03	8.163757988141462363e-02
2.564453129700000318e+03	3.919524109367245046e-02
2.564648429700000179e+03	4.057383988664220453e-02
2.564843729700000040e+03	7.519815970789878179e-02
2.565039029699999901e+03	8.184461376936447152e-02
2.565234329700000217e+03	6.674982050867939165e-02
2.565429729700000280e+03	4.843597941256660988e-02
2.565625029700000141e+03	8.584811012673831954e-02
2.565820329700000002e+03	3.291479854711099051e-02
2.566015629700000318e+03	9.975672666831059132e-02
2.566210929700000179e+03	4.512493162204478381e-02
2.566406229700000040e+03	4.085882086588554785e-02
2.566601529699999901e+03	4.055106805477493026e-02
2.566796829700000217e+03	6.883824625382928275e-02
2.566992229700000280e+03	9.234048149814100270e-02
2.567187529700000141e+03	4.202808529329260523e-02
2.567382829700000002e+03	3.885445381853003255e-02
2.567578129700000318e+03	6.851966169232781567e-02
2.567773429700000179e+03	7.081264318513547096e-02
2.567968729700000040e+03	6.223803568518704310e-02
2.568164029699999901e+03	5.951530929221071631e-02
2.568359329700000217e+03	6.201630262685142725e-02
2.568554729700000280e+03	7.549122255102780343e-02
2.568750029700000141e+03	3.674898949693528039e-02
2.568945329700000002e+03	6.102393274828443737e-02
2.569140629700000318e+03	7.809477178434498512e-02
2.569335929700000179e+03	5.847800290345261942e-02
2.569531229700000040e+03	1.139696296410459553e-01
2.569726529699999901e+03	3.916856037052696138e-02
2.569921829700000217e+03	6.933973402629334259e-02
2.570117229700000280e+03	5.212478148897581320e-02
2.570312529700000141e+03	9.732118854828009091e-02
2.570507829700000002e+03	3.639846598468565730e-02
2.570703129700000318e+03	6.175821804533576653e-02
2.570898429700000179e+03	3.769595798029357070e-02
2.571093729700000040e+03	7.824492155227069645e-02
2.571289029699999901e+03	3.868196966738679521e-02
2.571484329700000217e+03	5.534764725858742906e-02
2.571679729700000280e+03	6.881281053977161832e-02
2.571875029700000141e+03	4.324067796542330200e-02
2.572070329700000002e+03	5.588454972790657393e-02
2.572265629700000318e+03	3.229249119554822300e-02
2.572460929700000179e+03	3.372120074166318204e-02
2.572656229700000040e+03	4.995981168145036122e-02
2.572851529699999901e+03	7.618754793912074774e-02
2.573046829700000217e+03	8.908361017191168685e-02
2.573242229700000280e+03	9.489146220763799988e-02
2.573437529700000141e+03	8.419085774717949278e-02
2.573632829700000002e+03	8.576821189446448557e-02
2.573828129700000318e+03	9.302302789141592143e-02
2.574023429700000179e+03	1.134907958516073734e-01
2.574218729700000040e+03	9.984988287558849152e-02
2.574414029699999901e+03	1.087817776351673871e-01
2.574609329700000217e+03	9.910098504750841641e-02
2.574804729700000280e+03	1.067873776239522954e-01
2.575000029700000141e+03	9.092692352719033977e-02
2.575195329700000002e+03	4.253468645582358931e-02
2.575390629700000318e+03	6.508040915359813994e-02
2.575585929700000179e+03	1.060084412410375876e-01
2.575781229700000040e+03	8.685523992933141813e-02
2.575976529699999901e+03	6.620345582403253104e-02
2.576171829700000217e+03	1.034017310486827768e-01
2.576367229700000280e+03	1.498066521540692975e-01
2.576562529700000141e+03	1.007524133343107309e-01
2.576757829700000002e+03	1.011939842764029152e-01
2.576953129700000318e+03	6.682856156467664732e-02
2.577148429700000179e+03	9.063040363754737427e-02
2.577343729700000040e+03	9.629511766847542731e-02
2.577539029699999901e+03	9.467001431381127929e-02
2.577734329700000217e+03	1.277321891455862612e-01
2.577929729700000280e+03	6.783766529913570764e-02
2.578125029700000141e+03	1.176295034941468032e-01
2.578320329700000002e+03	9.495196239546288552e-02
2.578515629700000318e+03	1.291388466138077007e-01
2.578710929700000179e+03	1.227611314699679212e-01
2.578906229700000040e+03	1.022597753288359002e-01
2.579101529699999901e+03	1.508232885585059080e-01
2.579296829700000217e+03	1.120880996454474143e-01
2.579492229700000280e+03	6.197147180395390365e-02
2.579687529700000141e+03	9.770716646723798249e-02
2.579882829700000002e+03	9.702232330463012033e-02
2.580078129700000318e+03	1.036485026803450893e-01
2.580273429700000179e+03	6.040837674057186746e-02
2.580468729700000040e+03	1.540914901514067736e-01
2.580664029699999901e+03	6.772500471485898288e-02
2.580859329700000217e+03	1.098375715181738599e-01
2.581054729700000280e+03	1.376387407387191786e-01
2.581250029700000141e+03	7.636919437772249353e-02
2.581445329700000002e+03	5.596332680459070730e-02
2.581640629700000318e+03	5.315871341477063083e-02
2.581835929700000179e+03	9.912880650605160326e-02
2.582031229700000040e+03	8.484094107963358056e-02
2.582226529699999901e+03	3.516586751855754756e-02
2.582421829700000217e+03	7.669857688414083441e-02
2.582617229700000280e+03	1.145923424551664738e-01
2.582812529700000141e+03	3.773746371304120828e-02
2.583007829700000002e+03	6.113419811257081449e-02
2.583203129700000318e+03	3.826382564647623497e-02
2.583398429700000179e+03	6.494350590527275813e-02
2.583593729700000040e+03	7.317444849690168951e-02
2.583789029699999901e+03	6.562437552271482843e-02
2.583984329700000217e+03	7.081143002477929826e-02
2.584179729700000280e+03	8.231799854633514713e-02
2.584375029700000141e+03	6.125052173087830454e-02
2.584570329700000002e+03	8.800031222305726430e-02
2.584765629700000318e+03	6.336242354096910390e-02
2.584960929700000179e+03	5.830955805230431110e-02
2.585156229700000040e+03	1.115717410946874821e-01
2.585351529699999901e+03	9.052510990148121550e-02
2.585546829700000217e+03	5.459014684535468120e-02
2.585742229700000280e+03	3.932231085322079878e-02
2.585937529700000141e+03	8.218360999014073798e-02
2.586132829700000002e+03	9.022858527872656964e-02
2.586328129700000318e+03	9.438201126253886741e-02
2.586523429700000179e+03	4.755097439503686019e-02
2.586718729700000040e+03	5.973948860892619450e-02
2.586914029699999901e+03	9.207302277621387532e-02
2.587109329700000217e+03	5.847315517344142677e-02
2.587304729700000280e+03	9.508628281177067265e-02
2.587500029700000141e+03	7.381996829782266900e-02
2.587695329700000002e+03	4.010964412719530969e-02
2.587890629700000318e+03	9.341996063435686892e-02
2.588085929700000179e+03	1.088410362154430544e-01
2.588281229700000040e+03	9.354339207114747978e-02
2.588476529699999901e+03	7.884914271398990593e-02
2.588671829700000217e+03	1.236785436455853926e-01
2.588867229700000280e+03	7.885277271309831804e-02
2.589062529700000141e+03	1.022827612631065364e-01
2.589257829700000002e+03	6.650874239527304610e-02
2.589453129700000318e+03	5.894576543053275941e-02
2.589648429700000179e+03	5.648809641123087033e-02
2.589843729700000040e+03	7.518725772642653737e-02
2.590039029699999901e+03	6.821682604694068175e-02
2.590234329700000217e+03	8.374051208771859933e-02
2.590429729700000280e+03	9.145580477240677908e-02
2.590625029700000141e+03	7.760556784461769553e-02
2.590820329700000002e+03	1.057096791811478198e-01
2.591015629700000318e+03	9.444735660701475410e-02
2.591210929700000179e+03	4.507885741156947290e-02
2.591406229700000040e+03	8.984370489711324126e-02
2.591601529699999901e+03	9.049243007950380502e-02
2.591796829700000217e+03	1.159283985723504884e-01
2.591992229700000280e+03	8.950965355275997126e-02
2.592187529700000141e+03	5.733643200535354367e-02
2.592382829700000002e+03	1.074925133921844633e-01
2.592578129700000318e+03	7.230000044230955325e-02
2.592773429700000179e+03	1.145596938831197065e-01
2.592968729700000040e+03	1.163697031241994750e-01
2.593164029699999901e+03	1.150977521889728905e-01
2.593359329700000217e+03	5.883306718605396668e-02
2.593554729700000280e+03	5.930567069799508317e-02
2.593750029700000141e+03	1.017262816890465160e-01
2.593945329700000002e+03	6.868561805750061922e-02
2.594140629700000318e+03	6.626160548619708379e-02
2.594335929700000179e+03	3.278500080743818046e-02
2.594531229700000040e+03	9.593089475793803445e-02
2.594726529699999901e+03	5.299629271301498079e-02
2.594921829700000217e+03	6.669167197276948400e-02
2.595117229700000280e+03	1.178350274215027582e-01
2.595312529700000141e+03	6.073554373081790914e-02
2.595507829700000002e+03	7.365889367397571164e-02
2.595703129700000318e+03	7.298672102906067494e-02
2.595898429700000179e+03	5.445076498256185005e-02
2.596093729700000040e+03	7.624325293072153897e-02
2.596289029699999901e+03	3.340823936420100893e-02
2.596484329700000217e+03	3.224369787636582885e-02
2.596679729700000280e+03	6.830040836184991804e-02
2.596875029700000141e+03	9.226060386793299983e-02
2.597070329700000002e+03	4.218572574962209387e-02
2.597265629700000318e+03	9.642337439905013241e-02
2.597460929700000179e+03	8.743746639052218939e-02
2.597656229700000040e+03	8.601515752611632593e-02
2.597851529699999901e+03	6.542810932042009142e-02
2.598046829700000217e+03	7.366979215547075910e-02
2.598242229700000280e+03	6.367864628144914718e-02
2.598437529700000141e+03	5.481800549024917757e-02
2.598632829700000002e+03	9.798181668666039457e-02
2.598828129700000318e+03	1.000204757539613354e-01
2.599023429700000179e+03	6.064829954576289595e-02
2.599218729700000040e+03	9.151873754598582877e-02
2.599414029699999901e+03	6.223440121048362528e-02
2.599609329700000217e+03	1.112923943801913396e-01
2.599804729700000280e+03	7.389505967446474699e-02
2.600000029700000141e+03	9.269869999752700096e-02
2.600195329700000002e+03	6.992357762625367457e-02
2.600390629700000318e+03	5.942079008418588160e-02
2.600585929700000179e+03	5.883670215105674117e-02
2.600781229700000040e+03	7.978753415741657307e-02
2.600976529699999901e+03	7.230242245810813984e-02
2.601171829700000217e+03	4.431134876187137195e-02
2.601367229700000280e+03	7.912763701435565622e-02
2.601562529700000141e+03	4.818381667023352577e-02
2.601757829700000002e+03	8.053096200492149137e-02
2.601953129700000318e+03	9.272169154851539474e-02
2.602148429700000179e+03	5.100110556910664172e-02
2.602343729700000040e+03	5.821503432480668039e-02
2.602539029699999901e+03	8.105037591640140704e-02
2.602734329700000217e+03	6.846636200853239984e-02
2.602929729700000280e+03	1.050867463584186368e-01
2.603125029700000141e+03	7.928746704479650020e-02
2.603320329700000002e+03	6.247551812091423074e-02
2.603515629700000318e+03	6.221259122885669512e-02
2.603710929700000179e+03	1.023299426330872564e-01
2.603906229700000040e+03	5.252841983325495789e-02
2.604101529699999901e+03	8.757061351730222043e-02
2.604296829700000217e+03	5.331749626957105193e-02
2.604492229700000280e+03	6.278327277100359538e-02
2.604687529700000141e+03	9.031330680740623507e-02
2.604882829700000002e+03	7.173679950046718545e-02
2.605078129700000318e+03	4.263923916488820964e-02
2.605273429700000179e+03	8.171264795837629435e-02
2.605468729700000040e+03	7.995462800237440604e-02
2.605664029699999901e+03	7.021792021202344358e-02
2.605859329700000217e+03	1.013669841453150866e-01
2.606054729700000280e+03	7.633407455258378604e-02
2.606250029700000141e+03	3.529349674540149806e-02
2.606445329700000002e+03	1.045508968724355725e-01
2.606640629700000318e+03	4.556263034326768491e-02
2.606835929700000179e+03	7.250953307847574081e-02
2.607031229700000040e+03	5.565306529458347029e-02
2.607226529699999901e+03	4.364809664459201599e-02
2.607421829700000217e+03	7.916517534134293044e-02
2.607617229700000280e+03	4.352320405556753258e-02
2.607812529700000141e+03	4.825871082846333593e-02
2.608007829700000002e+03	4.344923770421793563e-02
2.608203129700000318e+03	7.599984292013317599e-02
2.608398429700000179e+03	6.398517587863494782e-02
2.608593729700000040e+03	4.193350054691613593e-02
2.608789029699999901e+03	7.231090263271866547e-02
2.608984329700000217e+03	6.074496901442216767e-02
2.609179729700000280e+03	4.315189114563722228e-02
2.609375029700000141e+03	7.603011989691488282e-02
2.609570329700000002e+03	6.744854072715966709e-02
2.609765629700000318e+03	4.634438062804768776e-02
2.609960929700000179e+03	3.856432942453835722e-02
2.610156229700000040e+03	5.125445217506729989e-02
2.610351529699999901e+03	6.610411958606476901e-02
2.610546829700000217e+03	3.508123039527966114e-02
2.610742229700000280e+03	7.918212274757685520e-02
2.610937529700000141e+03	4.064323292363347662e-02
2.611132829700000002e+03	3.820412869784206578e-02
2.611328129700000318e+03	4.758855664350924997e-02
2.611523429700000179e+03	7.570678599336133630e-02
2.611718729700000040e+03	7.184459699310252745e-02
2.611914029699999901e+03	3.466275715294386828e-02
2.612109329700000217e+03	8.956048733210586477e-02
2.612304729700000280e+03	7.484332379558722437e-02
2.612500029700000141e+03	3.540724379105952835e-02
2.612695329700000002e+03	3.236527637610819852e-02
2.612890629700000318e+03	3.767776551978307964e-02
2.613085929700000179e+03	6.590180262388400934e-02
2.613281229700000040e+03	3.905577354562161929e-02
2.613476529699999901e+03	6.151588170812694045e-02
2.613671829700000217e+03	7.226002986533863748e-02
2.613867229700000280e+03	5.810475619493438160e-02
2.614062529700000141e+03	3.286142379798739910e-02
2.614257829700000002e+03	3.533568016179167159e-02
2.614453129700000318e+03	4.474906263518363403e-02
2.614648429700000179e+03	8.968394185412620345e-02
2.614843729700000040e+03	6.909141163075993575e-02
2.615039029699999901e+03	1.117313652081293185e-01
2.615234329700000217e+03	8.995868795699202281e-02
2.615429729700000280e+03	6.029931978686242644e-02
2.615625029700000141e+03	7.117601225675507237e-02
2.615820329700000002e+03	3.795550230872812847e-02
2.616015629700000318e+03	3.225124601742379582e-02
2.616210929700000179e+03	3.897424859799514252e-02
2.616406229700000040e+03	5.633902979791471921e-02
2.616601529699999901e+03	4.574328525448834171e-02
2.616796829700000217e+03	5.491375379362573028e-02
2.616992229700000280e+03	7.823160048369004471e-02
2.617187529700000141e+03	5.717646167331125184e-02
2.617382829700000002e+03	6.676072197842586320e-02
2.617578129700000318e+03	8.943339957224516468e-02
2.617773429700000179e+03	3.366081928361808195e-02
2.617968729700000040e+03	8.721474366097758946e-02
2.618164029699999901e+03	9.398025278929367232e-02
2.618359329700000217e+03	6.974067150401452864e-02
2.618554729700000280e+03	7.337549404829069033e-02
2.618750029700000141e+03	8.309766744147850659e-02
2.618945329700000002e+03	9.870292592680485200e-02
2.619140629700000318e+03	8.622336368686234209e-02
2.619335929700000179e+03	5.085685468020884059e-02
2.619531229700000040e+03	1.010161447079500618e-01
2.619726529699999901e+03	6.593330096794502992e-02
2.619921829700000217e+03	8.110244048095793801e-02
2.620117229700000280e+03	1.113044909058551468e-01
2.620312529700000141e+03	1.090043085116043642e-01
2.620507829700000002e+03	6.208415602238304132e-02
2.620703129700000318e+03	4.748671953441530036e-02
2.620898429700000179e+03	9.514799867765333374e-02
2.621093729700000040e+03	5.357566724482154541e-02
2.621289029699999901e+03	4.251070426613878794e-02
2.621484329700000217e+03	8.979771235783928773e-02
2.621679729700000280e+03	5.201447672814119016e-02
2.621875029700000141e+03	5.500559684992722964e-02
2.622070329700000002e+03	6.405181048970298718e-02
2.622265629700000318e+03	6.763415205918654749e-02
2.622460929700000179e+03	7.070847661254830996e-02
2.622656229700000040e+03	1.119949814835390356e-01
2.622851529699999901e+03	5.635114858523948556e-02
2.623046829700000217e+03	4.060051902039774063e-02
2.623242229700000280e+03	1.198503145143945403e-01
2.623437529700000141e+03	3.681448472355697277e-02
2.623632829700000002e+03	9.436627779462369858e-02
2.623828129700000318e+03	6.354779464549942247e-02
2.624023429700000179e+03	9.698602037520842600e-02
2.624218729700000040e+03	7.230363242553750069e-02
2.624414029699999901e+03	1.098182211393634589e-01
2.624609329700000217e+03	9.388465490981090511e-02
2.624804729700000280e+03	6.116327932766907338e-02
2.625000029700000141e+03	1.091421837085899682e-01
2.625195329700000002e+03	5.708314647895562643e-02
2.625390629700000318e+03	9.613297168793266678e-02
2.625585929700000179e+03	9.944700406588502517e-02
2.625781229700000040e+03	7.479003748531454221e-02
2.625976529699999901e+03	9.125853171332209968e-02
2.626171829700000217e+03	1.031549569961835999e-01
2.626367229700000280e+03	1.159296054056806469e-01
2.626562529700000141e+03	9.623582848821499169e-02
2.626757829700000002e+03	9.547834344117234195e-02
2.626953129700000318e+03	3.461545112912389754e-02
2.627148429700000179e+03	5.905846317135576840e-02
2.627343729700000040e+03	7.975726585665476875e-02
2.627539029699999901e+03	4.982525258481373953e-02
2.627734329700000217e+03	6.631370061803565363e-02
2.627929729700000280e+03	1.053576929654944649e-01
2.628125029700000141e+03	1.246527380762749715e-01
2.628320329700000002e+03	9.343689844879143891e-02
2.628515629700000318e+03	5.339749328030052311e-02
2.628710929700000179e+03	4.038492855958253358e-02
2.628906229700000040e+03	9.136866690613310027e-02
2.629101529699999901e+03	9.087730054287135317e-02
2.629296829700000217e+03	9.294799248964835670e-02
2.629492229700000280e+03	5.332961650872114490e-02
2.629687529700000141e+03	9.593089475793803445e-02
2.629882829700000002e+03	9.928003851120692502e-02
2.630078129700000318e+03	4.409430856472340565e-02
2.630273429700000179e+03	7.828245703417380241e-02
2.630468729700000040e+03	7.557962830414055588e-02
2.630664029699999901e+03	1.373802207454861701e-01
2.630859329700000217e+03	1.020129890346677115e-01
2.631054729700000280e+03	1.230161762614407905e-01
2.631250029700000141e+03	1.194271990943018835e-01
2.631445329700000002e+03	1.148341684455171929e-01
2.631640629700000318e+03	7.273117280721663747e-02
2.631835929700000179e+03	1.165462273453261588e-01
2.632031229700000040e+03	1.252244204585863940e-01
2.632226529699999901e+03	1.092994006317216105e-01
2.632421829700000217e+03	7.755107454057252880e-02
2.632617229700000280e+03	1.001874291205151479e-01
2.632812529700000141e+03	9.439290389752130750e-02
2.633007829700000002e+03	6.795758955903252740e-02
2.633203129700000318e+03	6.107118939202393904e-02
2.633398429700000179e+03	4.944217992800403749e-02
2.633593729700000040e+03	5.153203948962747916e-02
2.633789029699999901e+03	4.484094165919572106e-02
2.633984329700000217e+03	8.749798761550309223e-02
2.634179729700000280e+03	1.097480819945388930e-01
2.634375029700000141e+03	4.233972683767639467e-02
2.634570329700000002e+03	4.798256911593767882e-02
2.634765629700000318e+03	7.665861328450418455e-02
2.634960929700000179e+03	7.384661613398080249e-02
2.635156229700000040e+03	3.935047364326393904e-02
2.635351529699999901e+03	5.911178274884143491e-02
2.635546829700000217e+03	5.939291952852521206e-02
2.635742229700000280e+03	7.794462112143207833e-02
2.635937529700000141e+03	3.251569861931002947e-02
2.636132829700000002e+03	7.255555407728664363e-02
2.636328129700000318e+03	9.588854919940459354e-02
2.636523429700000179e+03	1.012665717061764781e-01
2.636718729700000040e+03	7.775813889937488455e-02
2.636914029699999901e+03	8.207706830729932790e-02
2.637109329700000217e+03	6.834401777335585848e-02
2.637304729700000280e+03	6.983394298156753166e-02
2.637500029700000141e+03	8.518594787257782741e-02
2.637695329700000002e+03	7.532652394340466628e-02
2.637890629700000318e+03	9.673434301489258758e-02
2.638085929700000179e+03	9.943248554672123873e-02
2.638281229700000040e+03	8.456371828776099164e-02
2.638476529699999901e+03	8.211096750983237769e-02
2.638671829700000217e+03	1.416357750089396461e-01
2.638867229700000280e+03	9.777613044981237067e-02
2.639062529700000141e+03	7.952963255010914168e-02
2.639257829700000002e+03	7.754865302927527182e-02
2.639453129700000318e+03	7.282564211890019124e-02
2.639648429700000179e+03	1.203495750477951987e-01
2.639843729700000040e+03	8.188214700727769468e-02
2.640039029699999901e+03	1.343901486045986360e-01
2.640234329700000217e+03	7.106700187732428731e-02
2.640429729700000280e+03	8.657561866992402599e-02
2.640625029700000141e+03	8.459761414317412687e-02
2.640820329700000002e+03	9.643911073852429183e-02
2.641015629700000318e+03	1.304463344595507834e-01
2.641210929700000179e+03	1.364512265393802437e-01
2.641406229700000040e+03	5.706496726185861235e-02
2.641601529699999901e+03	5.998668841843723953e-02
2.641796829700000217e+03	8.094140825443574272e-02
2.641992229700000280e+03	1.192108021451367961e-01
2.642187529700000141e+03	8.230347014455929866e-02
2.642382829700000002e+03	5.371869068710388717e-02
2.642578129700000318e+03	6.700906629686187443e-02
2.642773429700000179e+03	6.999020070240824509e-02
2.642968729700000040e+03	8.675840259566669488e-02
2.643164029699999901e+03	3.533109808186729595e-02
2.643359329700000217e+03	5.249932865968709450e-02
2.643554729700000280e+03	1.050008703147149447e-01
2.643750029700000141e+03	7.081264318513547096e-02
2.643945329700000002e+03	5.938807197439288643e-02
2.644140629700000318e+03	6.085671646101076249e-02
2.644335929700000179e+03	9.782573671573757679e-02
2.644531229700000040e+03	7.250105401108442038e-02
2.644726529699999901e+03	4.074240349949853623e-02
