# time(sec)	crack length FEA(mm)
3.905390542969999660e+04	3.236195386339666413e-01
3.905410042970000359e+04	3.236459372105144894e-01
3.905429542970000330e+04	3.280376909954227926e-01
3.905449142969999957e+04	3.183203243655281511e-01
3.905468642969999928e+04	2.901587429791518957e-01
3.905488142969999899e+04	3.229264809922369750e-01
3.905507742970000254e+04	3.142362975463939279e-01
3.905527242970000225e+04	3.021410288690624668e-01
3.905546742970000196e+04	3.680350738652080622e-01
3.905566342969999823e+04	3.329405195835875020e-01
3.905585842969999794e+04	3.295841727814714517e-01
3.905605342969999765e+04	3.015001855551098231e-01
3.905624942970000120e+04	3.089806553203917616e-01
3.905644442970000091e+04	3.221698501384580027e-01
3.905663942970000062e+04	3.281036396060308391e-01
3.905683542969999689e+04	3.325078257723106390e-01
3.905703042969999660e+04	2.783004341259562864e-01
3.905722542970000359e+04	3.037131198362086337e-01
3.905742042970000330e+04	2.763146943395344834e-01
3.905761642969999957e+04	3.240392139706056440e-01
3.905781142969999928e+04	3.271073788313945130e-01
3.905800642969999899e+04	3.657297087154081083e-01
3.905820242970000254e+04	3.610213331565237382e-01
3.905839742970000225e+04	2.913606056901674179e-01
3.905859242970000196e+04	3.649504228522602034e-01
3.905878842969999823e+04	3.158016276863726546e-01
3.905898342969999794e+04	3.000299689917440560e-01
3.905917842969999765e+04	3.217393378399329151e-01
3.905937442970000120e+04	3.295997630503357811e-01
3.905956942970000091e+04	3.523768207871675884e-01
3.905976442970000062e+04	3.250931501621785458e-01
3.905996042969999689e+04	3.325329896593114398e-01
3.906015542969999660e+04	3.508737151474861093e-01
3.906035042970000359e+04	3.202547522736765018e-01
3.906054542970000330e+04	3.550546929562230503e-01
3.906074142969999957e+04	3.626531417364091681e-01
3.906093642969999928e+04	3.614188311922728047e-01
3.906113142969999899e+04	3.194452649801871047e-01
3.906132742970000254e+04	3.515204674012490926e-01
3.906152242970000225e+04	3.264191970807157617e-01
3.906171742970000196e+04	3.421717448341468071e-01
3.906191342969999823e+04	2.998259503781000035e-01
3.906210842969999794e+04	3.317850326857509913e-01
3.906230342969999765e+04	3.022718469556195942e-01
3.906249942970000120e+04	3.198074463288413938e-01
3.906269442970000091e+04	2.840609636830073725e-01
3.906288942970000062e+04	3.408381296364950686e-01
3.906308542969999689e+04	2.951146541587501559e-01
3.906328042969999660e+04	2.876804225043088081e-01
3.906347542970000359e+04	3.582100027016199562e-01
3.906367042970000330e+04	3.153494196483581646e-01
3.906386642969999957e+04	3.027110773079844108e-01
3.906406142969999928e+04	3.048507093061569861e-01
3.906425642969999899e+04	3.262609464645720436e-01
3.906445242970000254e+04	3.508149878662596421e-01
3.906464742970000225e+04	3.272116708481380698e-01
3.906484242970000196e+04	2.853219515605545098e-01
3.906503842969999823e+04	3.289751766834001501e-01
3.906523342969999794e+04	3.391881072664304497e-01
3.906542842969999765e+04	3.324191238969032014e-01
3.906562442970000120e+04	3.263376825881749710e-01
3.906581942970000091e+04	3.075853043663840936e-01
3.906601442970000062e+04	2.941470892562954020e-01
3.906621042969999689e+04	3.384379625846118955e-01
3.906640542969999660e+04	3.022286533529907615e-01
3.906660042970000359e+04	3.689650763209133544e-01
3.906679542970000330e+04	3.101696033494469873e-01
3.906699142969999957e+04	3.249984276098984992e-01
3.906718642969999928e+04	3.173668386605044134e-01
3.906738142969999899e+04	3.492123728847538189e-01
3.906757742970000254e+04	2.933535610306847730e-01
3.906777242970000225e+04	3.071785643419584488e-01
3.906796742970000196e+04	3.310166758023331823e-01
3.906816342969999823e+04	3.120290911456713445e-01
3.906835842969999794e+04	3.330436133705596546e-01
3.906855342969999765e+04	3.184018651617019913e-01
3.906874942970000120e+04	3.642848634899582549e-01
3.906894442970000091e+04	2.713826709380846580e-01
3.906913942970000062e+04	3.033687022282283152e-01
3.906933542969999689e+04	3.099632666952238935e-01
3.906953042969999660e+04	3.340612155592115329e-01
3.906972542970000359e+04	2.849424735094689964e-01
3.906992042970000330e+04	3.432009217053089145e-01
3.907011642969999957e+04	2.933007304365524703e-01
3.907031142969999928e+04	2.919717199964715348e-01
3.907050642969999899e+04	3.154346072459563999e-01
3.907070242970000254e+04	2.572829098392119818e-01
3.907089742970000225e+04	2.877777009328603697e-01
3.907109242970000196e+04	3.370502149505369971e-01
3.907128842969999823e+04	3.363023940241554044e-01
3.907148342969999794e+04	3.066314068880338084e-01
3.907167842969999765e+04	2.708347571677478527e-01
3.907187442970000120e+04	3.110969841586985751e-01
3.907206942970000091e+04	3.577897115284738305e-01
3.907226442970000062e+04	3.144342424549968484e-01
3.907246042969999689e+04	3.440563787358730252e-01
3.907265542969999660e+04	2.947197235193073084e-01
3.907285042970000359e+04	3.334055656473715601e-01
3.907304542970000330e+04	3.324418888541735839e-01
3.907324142969999957e+04	3.553864003611355571e-01
3.907343642969999928e+04	2.911228635680895849e-01
3.907363142969999899e+04	3.539576897716383286e-01
3.907382742970000254e+04	2.874234595680551507e-01
3.907402242970000225e+04	3.072181523200043785e-01
3.907421742970000196e+04	3.398160291323382154e-01
3.907441342969999823e+04	2.775724628001068339e-01
3.907460842969999794e+04	3.380964243669755120e-01
3.907480342969999765e+04	3.329608953894584999e-01
3.907499942970000120e+04	3.449261520041435602e-01
3.907519442970000091e+04	3.590984720407792707e-01
3.907538942970000062e+04	3.678746928245413272e-01
3.907558542969999689e+04	3.696879899155618432e-01
3.907578042969999660e+04	3.503909908789299976e-01
3.907597542970000359e+04	3.062786500426746272e-01
3.907617042970000330e+04	3.427708149872454868e-01
3.907636642969999957e+04	3.589691562803043468e-01
3.907656142969999928e+04	3.504185545043654315e-01
3.907675642969999899e+04	3.126756913085841916e-01
3.907695242970000254e+04	3.608321617155034744e-01
3.907714742970000225e+04	3.167083784129509638e-01
3.907734242970000196e+04	3.021530489047705714e-01
3.907753842969999823e+04	3.304652547597051182e-01
3.907773342969999794e+04	3.388106342075758448e-01
3.907792842969999765e+04	3.775296138563319914e-01
3.907812442970000120e+04	3.791627509254809070e-01
3.907831942970000091e+04	3.450172173014482979e-01
3.907851442970000062e+04	3.509000538969964111e-01
3.907871042969999689e+04	3.672319244688111439e-01
3.907890542969999660e+04	3.281683728783431064e-01
3.907910042970000359e+04	3.682421416398220515e-01
3.907929542970000330e+04	3.681499792153353212e-01
3.907949142969999957e+04	3.497094630418668970e-01
3.907968642969999928e+04	3.463254272190532390e-01
3.907988142969999899e+04	3.230320162746469492e-01
3.908007742970000254e+04	3.167491566399007752e-01
3.908027242970000225e+04	3.759394758513678880e-01
3.908046742970000196e+04	3.302830685372093455e-01
3.908066342969999823e+04	3.338970009833257535e-01
3.908085842969999794e+04	3.827528197398972765e-01
3.908105342969999765e+04	3.128088446064545280e-01
3.908124942970000120e+04	3.192569817497403761e-01
3.908144442970000091e+04	3.615134148552829885e-01
3.908163942970000062e+04	3.269982666892623513e-01
3.908183542969999689e+04	3.162861889877000010e-01
3.908203042969999660e+04	3.464272717479506269e-01
3.908222542970000359e+04	3.645159012467011905e-01
3.908242042970000330e+04	3.364965704151821058e-01
3.908261642969999957e+04	3.497897073089539788e-01
3.908281142969999928e+04	3.170981796724667845e-01
3.908300642969999899e+04	3.560402354785896506e-01
3.908320242970000254e+04	3.288780798653068160e-01
3.908339742970000225e+04	3.159635406856473594e-01
3.908359242970000196e+04	3.231746931661767519e-01
3.908378842969999823e+04	3.149380154927943209e-01
3.908398342969999794e+04	3.152162799567737039e-01
3.908417842969999765e+04	3.197666422146490106e-01
3.908437442970000120e+04	2.831782362387951224e-01
3.908456942970000091e+04	3.819716748614094826e-01
3.908476442970000062e+04	3.281000558946480794e-01
3.908496042969999689e+04	2.929261487174876777e-01
3.908515542969999660e+04	3.131962958319256529e-01
3.908535042970000359e+04	3.100532338916135444e-01
3.908554542970000330e+04	3.213304395306835204e-01
3.908574142969999957e+04	3.067333833474172877e-01
3.908593642969999928e+04	2.832671035957652350e-01
3.908613142969999899e+04	3.171725436006234133e-01
3.908632742970000254e+04	2.752490716658666514e-01
3.908652242970000225e+04	2.946128615261773831e-01
3.908671742970000196e+04	3.129096004354359195e-01
3.908691342969999823e+04	3.329716958982746888e-01
3.908710842969999794e+04	2.701486196924047789e-01
3.908730342969999765e+04	3.127044612194378459e-01
3.908749942970000120e+04	3.319528546795442736e-01
3.908769442970000091e+04	2.944688244863478133e-01
3.908788942970000062e+04	2.823591333337542864e-01
3.908808542969999689e+04	2.990865866795804351e-01
3.908828042969999660e+04	3.034119041596987643e-01
3.908847542970000359e+04	2.515149790543969033e-01
3.908867042970000330e+04	3.411340750510927222e-01
3.908886642969999957e+04	2.524721980339030836e-01
3.908906142969999928e+04	2.756911835204256533e-01
3.908925642969999899e+04	3.064982205086295153e-01
3.908945242970000254e+04	2.694985191596206420e-01
3.908964742970000225e+04	2.389332393036820434e-01
3.908984242970000196e+04	2.812973699831999852e-01
3.909003842969999823e+04	3.309531237921277125e-01
3.909023342969999794e+04	2.348241449836425687e-01
3.909042842969999765e+04	2.815099594460246379e-01
3.909062442970000120e+04	2.568404713790037874e-01
3.909081942970000091e+04	2.676911317908938770e-01
3.909101442970000062e+04	2.415860411481656200e-01
3.909121042969999689e+04	2.412058761585651467e-01
3.909140542969999660e+04	2.603833527793320002e-01
3.909160042970000359e+04	2.492216379991045727e-01
3.909179542970000330e+04	2.829212165222187991e-01
3.909199142969999957e+04	2.352368947656806597e-01
3.909218642969999928e+04	2.380128115034274572e-01
3.909238142969999899e+04	2.624725510662848649e-01
3.909257742970000254e+04	2.139120828298519683e-01
3.909277242970000225e+04	2.805466737523349963e-01
3.909296742970000196e+04	2.016993737232333217e-01
3.909316342969999823e+04	2.183160163429587186e-01
3.909335842969999794e+04	2.579850263488197015e-01
3.909355342969999765e+04	2.573285980489625757e-01
3.909374942970000120e+04	2.515234081295893986e-01
3.909394442970000091e+04	2.728677906834207079e-01
3.909413942970000062e+04	2.717070949492672582e-01
3.909433542969999689e+04	2.963126789888583801e-01
3.909453042969999660e+04	2.322019273060771383e-01
3.909472542970000359e+04	2.946152641988248888e-01
3.909492042970000330e+04	2.598051269775183414e-01
3.909511642969999957e+04	2.190035698926990904e-01
3.909531142969999928e+04	3.159527636902659253e-01
3.909550642969999899e+04	2.886134380751528283e-01
3.909570242970000254e+04	2.737484891857189240e-01
3.909589742970000225e+04	2.149104685873837184e-01
3.909609242970000196e+04	2.780493695913310859e-01
3.909628842969999823e+04	2.975622408355587112e-01
3.909648342969999794e+04	2.932707108942018692e-01
3.909667842969999765e+04	3.120075028248443516e-01
3.909687442970000120e+04	3.062726307151812932e-01
3.909706942970000091e+04	2.859103859043301554e-01
3.909726442970000062e+04	3.038511143834021766e-01
3.909746042969999689e+04	2.805010280835329439e-01
3.909765542969999660e+04	3.125725026797105954e-01
3.909785042970000359e+04	2.975154096909271573e-01
3.909804542970000330e+04	2.640928031906852880e-01
3.909824142969999957e+04	2.941494816618153152e-01
3.909843642969999928e+04	2.554193296240629962e-01
3.909863142969999899e+04	2.727728691092128344e-01
3.909882742970000254e+04	3.038679165356441558e-01
3.909902242970000225e+04	3.071401615725086742e-01
3.909921742970000196e+04	2.843311866414346412e-01
3.909941342969999823e+04	2.673306069060039647e-01
3.909960842969999794e+04	2.994466727624907065e-01
3.909980342969999765e+04	2.846698432357577246e-01
3.909999942970000120e+04	2.991682008748242083e-01
3.910019442970000091e+04	3.258149536056915707e-01
3.910038942970000062e+04	2.774691594813010198e-01
3.910058542969999689e+04	3.504760480746860196e-01
3.910078042969999660e+04	3.383169079535228718e-01
3.910097542970000359e+04	3.569611013565712199e-01
3.910117042970000330e+04	3.514007008805393184e-01
3.910136642969999957e+04	3.280161165758990194e-01
3.910156142969999928e+04	3.317322836893783489e-01
3.910175642969999899e+04	3.502808183815879772e-01
3.910195242970000254e+04	3.059498730662273402e-01
3.910214742970000225e+04	3.225055920220256667e-01
3.910234242970000196e+04	3.582064233344972592e-01
3.910253842969999823e+04	3.644847645408546555e-01
3.910273342969999794e+04	2.423054225464849054e-01
3.910292842969999765e+04	3.434441559972469804e-01
3.910312442970000120e+04	3.006204681355111319e-01
3.910331942970000091e+04	3.268124608418645494e-01
3.910351442970000062e+04	3.380676735500305341e-01
3.910371042969999689e+04	3.502580286229477480e-01
3.910390542969999660e+04	3.197834439168403264e-01
3.910410042970000359e+04	3.619791186938403627e-01
3.910429542970000330e+04	3.399945634316985377e-01
3.910449142969999957e+04	3.577454212161299552e-01
3.910468642969999928e+04	3.663868596228159191e-01
3.910488142969999899e+04	3.308692250046654237e-01
3.910507742970000254e+04	3.257993609614029396e-01
3.910527242970000225e+04	3.238461658440865421e-01
3.910546742970000196e+04	3.509838850120452491e-01
3.910566342969999823e+04	3.439557491594431582e-01
3.910585842969999794e+04	3.669159423339340975e-01
3.910605342969999765e+04	3.085571288368349485e-01
3.910624942970000120e+04	3.350955159247313020e-01
3.910644442970000091e+04	3.269479379729176571e-01
3.910663942970000062e+04	3.459289118314607947e-01
3.910683542969999689e+04	3.160331171026484753e-01
3.910703042969999660e+04	3.664694765237079821e-01
3.910722542970000359e+04	3.171785293823425889e-01
3.910742042970000330e+04	3.307050202125783045e-01
3.910761642969999957e+04	3.615301780416011468e-01
3.910781142969999928e+04	3.574616260254757094e-01
3.910800642969999899e+04	3.226506925023109318e-01
3.910820242970000254e+04	3.830351335355288711e-01
3.910839742970000225e+04	3.537912509778031733e-01
3.910859242970000196e+04	4.224673785861874364e-01
3.910878842969999823e+04	3.501789793791658667e-01
3.910898342969999794e+04	3.846511292684944294e-01
3.910917842969999765e+04	3.327115763326560227e-01
3.910937442970000120e+04	3.826750659993560788e-01
3.910956942970000091e+04	3.698459638174860231e-01
3.910976442970000062e+04	3.444265681570950477e-01
3.910996042969999689e+04	3.744353928867578674e-01
3.911015542969999660e+04	3.745119801570417906e-01
3.911035042970000359e+04	3.914620770677714745e-01
3.911054542970000330e+04	3.904049895114152235e-01
3.911074142969999957e+04	3.788863741787693584e-01
3.911093642969999928e+04	3.409915012946527213e-01
3.911113142969999899e+04	3.572496749491662626e-01
3.911132742970000254e+04	3.981611709840500168e-01
3.911152242970000225e+04	3.885381967966505812e-01
3.911171742970000196e+04	3.415247180076512734e-01
3.911191342969999823e+04	3.525564684269415494e-01
3.911210842969999794e+04	3.375559590257850573e-01
3.911230342969999765e+04	3.818616426349805693e-01
3.911249942970000120e+04	3.815960753560467822e-01
3.911269442970000091e+04	3.604993341296811593e-01
3.911288942970000062e+04	3.289392378268942707e-01
3.911308542969999689e+04	3.236758995094213276e-01
3.911328042969999660e+04	3.165476756939611391e-01
3.911347542970000359e+04	3.550582830650750310e-01
3.911367042970000330e+04	3.194656518570724302e-01
3.911386642969999957e+04	4.146040969411544097e-01
3.911406142969999928e+04	3.481582561000600151e-01
3.911425642969999899e+04	3.683582386640456008e-01
3.911445242970000254e+04	3.646978465919747947e-01
3.911464742970000225e+04	3.466919914767423450e-01
3.911484242970000196e+04	3.574328976371692335e-01
3.911503842969999823e+04	3.110309801004813579e-01
3.911523342969999794e+04	3.686239581539219046e-01
3.911542842969999765e+04	3.532702828250293692e-01
3.911562442970000120e+04	3.379250513002709511e-01
3.911581942970000091e+04	3.238629647882795837e-01
3.911601442970000062e+04	3.475605096149401163e-01
3.911621042969999689e+04	2.775880857000512236e-01
3.911640542969999660e+04	2.663679704170718310e-01
3.911660042970000359e+04	3.423310879761203296e-01
3.911679542970000330e+04	3.225403659489760599e-01
3.911699142969999957e+04	3.515384307862419178e-01
3.911718642969999928e+04	3.514030877801630481e-01
3.911738142969999899e+04	2.979559303485164179e-01
3.911757742970000254e+04	3.380724602082239016e-01
3.911777242970000225e+04	3.566581340437942060e-01
3.911796742970000196e+04	3.469759098945619513e-01
3.911816342969999823e+04	3.837959108070077008e-01
3.911835842969999794e+04	3.459456546808308275e-01
3.911855342969999765e+04	3.457515830616664232e-01
3.911874942970000120e+04	3.535768818445088613e-01
3.911894442970000091e+04	3.039615239012238845e-01
3.911913942970000062e+04	2.885101702295962411e-01
3.911933542969999689e+04	2.950234058257095171e-01
3.911953042969999660e+04	3.126396979599110892e-01
3.911972542970000359e+04	3.132706817370571883e-01
3.911992042970000330e+04	3.277559760022779045e-01
3.912011642969999957e+04	3.494279732788019288e-01
3.912031142969999928e+04	3.103543691461432275e-01
3.912050642969999899e+04	3.810098833607753477e-01
3.912070242970000254e+04	3.676185683504016311e-01
3.912089742970000225e+04	3.064346263891657429e-01
3.912109242970000196e+04	2.877704909340721429e-01
3.912128842969999823e+04	2.984912568454838322e-01
3.912148342969999794e+04	3.139076360701551494e-01
3.912167842969999765e+04	3.158556159751348957e-01
3.912187442970000120e+04	2.624917766063283864e-01
3.912206942970000091e+04	2.636661171724679065e-01
3.912226442970000062e+04	3.547013990152247942e-01
3.912246042969999689e+04	3.116416114260811554e-01
3.912265542969999660e+04	2.755998743037828547e-01
3.912285042970000359e+04	3.322668936485975166e-01
3.912304542970000330e+04	2.872577401727323121e-01
3.912324142969999957e+04	3.082619906653487618e-01
3.912343642969999928e+04	3.096501206027024722e-01
3.912363142969999899e+04	2.810103068454630204e-01
3.912382742970000254e+04	2.896316534268645881e-01
3.912402242970000225e+04	2.940294486184136247e-01
3.912421742970000196e+04	3.057098790023928814e-01
3.912441342969999823e+04	2.457577617242705514e-01
3.912460842969999794e+04	2.963907036865656153e-01
3.912480342969999765e+04	3.110933567739433414e-01
3.912499942970000120e+04	2.740007942353557269e-01
3.912519442970000091e+04	2.780109321729860028e-01
3.912538942970000062e+04	2.459874956749352748e-01
3.912558542969999689e+04	2.722934564819627923e-01
3.912578042969999660e+04	3.194140716869746655e-01
3.912597542970000359e+04	2.832334817713935138e-01
3.912617042970000330e+04	3.102787790884864449e-01
3.912636642969999957e+04	2.752286588518479959e-01
3.912656142969999928e+04	2.692101123245844718e-01
3.912675642969999899e+04	2.735970966731606779e-01
3.912695242970000254e+04	3.060230437900575140e-01
3.912714742970000225e+04	3.000899711157263283e-01
3.912734242970000196e+04	2.729651063375300168e-01
3.912753842969999823e+04	3.145553826015579091e-01
3.912773342969999794e+04	2.943079470791758467e-01
3.912792842969999765e+04	2.826281676852904212e-01
3.912812442970000120e+04	3.082176119370760858e-01
3.912831942970000091e+04	2.877008457453023027e-01
3.912851442970000062e+04	2.757392424978881706e-01
3.912871042969999689e+04	3.139760229916852552e-01
3.912890542969999660e+04	2.762714350393586926e-01
3.912910042970000359e+04	2.650711582877249839e-01
3.912929542970000330e+04	2.862910664163749175e-01
3.912949142969999957e+04	2.958649112749363042e-01
3.912968642969999928e+04	2.712517111053269758e-01
3.912988142969999899e+04	2.771760361747688250e-01
3.913007742970000254e+04	2.678281389641448129e-01
3.913027242970000225e+04	3.272764270414896259e-01
3.913046742970000196e+04	3.034322938784335122e-01
3.913066342969999823e+04	2.527126952337521715e-01
3.913085842969999794e+04	2.764444305116811051e-01
3.913105342969999765e+04	2.714259387265389734e-01
3.913124942970000120e+04	2.929717922393173524e-01
3.913144442970000091e+04	2.884849514387521907e-01
3.913163942970000062e+04	3.060182509544731033e-01
3.913183542969999689e+04	2.803364698006269862e-01
3.913203042969999660e+04	2.285009675001212770e-01
3.913222542970000359e+04	2.932550978303751776e-01
3.913242042970000330e+04	2.666335642659323213e-01
3.913261642969999957e+04	3.157092703495365527e-01
3.913281142969999928e+04	2.708119151238399525e-01
3.913300642969999899e+04	3.364018913413708844e-01
3.913320242970000254e+04	3.117411766281037444e-01
3.913339742970000225e+04	2.733760283075330477e-01
3.913359242970000196e+04	2.793971491937483620e-01
3.913378842969999823e+04	2.774835648044788883e-01
3.913398342969999794e+04	3.119883051758307602e-01
3.913417842969999765e+04	2.497435808410823910e-01
3.913437442970000120e+04	2.442277323653812005e-01
3.913456942970000091e+04	3.334007780894587825e-01
3.913476442970000062e+04	2.423294997381368887e-01
3.913496042969999689e+04	2.390186679337542586e-01
3.913515542969999660e+04	2.890841099967360606e-01
3.913535042970000359e+04	2.591163004182952534e-01
3.913554542970000330e+04	3.247238671484495853e-01
3.913574142969999957e+04	2.617885995462483351e-01
3.913593642969999928e+04	2.736547681539125421e-01
3.913613142969999899e+04	2.431968314960499811e-01
3.913632742970000254e+04	2.723739716130442190e-01
3.913652242970000225e+04	2.754929508682906203e-01
3.913671742970000196e+04	2.548037239202916027e-01
3.913691342969999823e+04	3.202091690944381952e-01
3.913710842969999794e+04	2.630675447174937176e-01
3.913730342969999765e+04	2.604723221139302325e-01
3.913749942970000120e+04	3.008388823592191841e-01
3.913769442970000091e+04	2.526405556135955521e-01
3.913788942970000062e+04	2.676142146097184593e-01
3.913808542969999689e+04	3.175815412288010009e-01
3.913828042969999660e+04	2.457144700436444396e-01
3.913847542970000359e+04	2.672104239034194251e-01
3.913867042970000330e+04	2.987001115804162055e-01
3.913886642969999957e+04	2.976426536852265770e-01
3.913906142969999928e+04	2.976894536585188433e-01
3.913925642969999899e+04	3.008677072027587940e-01
3.913945242970000254e+04	3.158531844440410907e-01
3.913964742970000225e+04	3.137576828926214034e-01
3.913984242970000196e+04	2.685852366041459049e-01
3.914003842969999823e+04	2.902343941886815770e-01
3.914023342969999794e+04	3.270990062035767920e-01
3.914042842969999765e+04	2.681682277318557794e-01
3.914062442970000120e+04	3.115708273528579042e-01
3.914081942970000091e+04	3.010597276436950409e-01
3.914101442970000062e+04	2.705499681277157009e-01
3.914121042969999689e+04	2.468895903835353067e-01
3.914140542969999660e+04	2.754533124044655779e-01
3.914160042970000359e+04	2.867149720334687402e-01
3.914179542970000330e+04	2.454414104286186671e-01
3.914199142969999957e+04	2.948769788264833380e-01
3.914218642969999928e+04	2.761549069897224484e-01
3.914238142969999899e+04	2.565759815317001369e-01
3.914257742970000254e+04	2.980819760765758275e-01
3.914277242970000225e+04	3.162214350580967448e-01
3.914296742970000196e+04	2.940666651110568353e-01
3.914316342969999823e+04	2.862022098502770007e-01
3.914335842969999794e+04	2.833103507483443195e-01
3.914355342969999765e+04	2.757584681268596682e-01
3.914374942970000120e+04	2.880922982746003669e-01
3.914394442970000091e+04	2.487213274992754464e-01
3.914413942970000062e+04	2.902980194110575951e-01
3.914433542969999689e+04	3.050474920289083514e-01
3.914453042969999660e+04	2.830569226028263330e-01
3.914472542970000359e+04	2.689637768004420337e-01
3.914492042970000330e+04	3.037071308122349933e-01
3.914511642969999957e+04	2.965863572478433241e-01
3.914531142969999928e+04	3.053150855849224854e-01
3.914550642969999899e+04	2.814271008423077092e-01
3.914570242970000254e+04	2.580872228413930713e-01
3.914589742970000225e+04	3.275173869793412962e-01
3.914609242970000196e+04	3.009469134946378688e-01
3.914628842969999823e+04	2.918600609540860091e-01
3.914648342969999794e+04	2.868938983705753287e-01
3.914667842969999765e+04	3.053607063862013860e-01
3.914687442970000120e+04	2.811100049920796096e-01
3.914706942970000091e+04	2.961038042152033256e-01
3.914726442970000062e+04	3.141511470576947573e-01
3.914746042969999689e+04	2.901887765884225701e-01
3.914765542969999660e+04	2.818102434843954285e-01
3.914785042970000359e+04	2.860532965100688330e-01
3.914804542970000330e+04	2.886782639059877198e-01
3.914824142969999957e+04	3.018410209163739921e-01
3.914843642969999928e+04	3.148108599497216886e-01
3.914863142969999899e+04	2.796842309233262824e-01
3.914882742970000254e+04	2.728978245084068277e-01
3.914902242970000225e+04	2.998115373570353626e-01
3.914921742970000196e+04	3.194980091649810561e-01
3.914941342969999823e+04	2.583973829144312617e-01
3.914960842969999794e+04	2.908467325045549501e-01
3.914980342969999765e+04	3.246579095655892644e-01
3.914999942970000120e+04	2.938037457431637023e-01
3.915019442970000091e+04	3.016177908798205465e-01
3.915038942970000062e+04	2.586859148590079371e-01
3.915058542969999689e+04	2.756106894273813168e-01
3.915078042969999660e+04	3.096201413929371427e-01
3.915097542970000359e+04	3.102320027945673075e-01
3.915117042970000330e+04	2.999099539999718900e-01
3.915136642969999957e+04	2.598736626562665464e-01
3.915156142969999928e+04	2.691139794120971374e-01
3.915175642969999899e+04	2.746003013246998137e-01
3.915195242970000254e+04	2.343572543344620840e-01
3.915214742970000225e+04	2.845365392736365351e-01
3.915234242970000196e+04	3.114988683192123631e-01
3.915253842969999823e+04	2.899606460779367012e-01
3.915273342969999794e+04	2.409219680449936618e-01
3.915292842969999765e+04	3.006996752144921459e-01
3.915312442970000120e+04	2.890012765919642845e-01
3.915331942970000091e+04	3.441126932481690659e-01
3.915351442970000062e+04	2.808925938040616188e-01
3.915371042969999689e+04	3.365145137936096376e-01
