# time(sec)	crack length FEA(mm)
1.606171842970000034e+04	1.769159230372565617e-01
1.606191442970000026e+04	1.941203383025840168e-01
1.606210942969999996e+04	1.472745121308776106e-01
1.606230442969999967e+04	1.998208044813853945e-01
1.606250042969999959e+04	1.984120670675775244e-01
1.606269542969999929e+04	1.677017628622774481e-01
1.606289042970000082e+04	1.500662473066949332e-01
1.606308642970000074e+04	2.178945568261880794e-01
1.606328142970000044e+04	1.750294421751128482e-01
1.606347642970000015e+04	1.933911304065532022e-01
1.606367142969999986e+04	2.082666483792294798e-01
1.606386742969999978e+04	2.358650146728802355e-01
1.606406242969999948e+04	2.255939931316248703e-01
1.606425742969999919e+04	2.042248085975550964e-01
1.606445342970000092e+04	1.722489409426763984e-01
1.606464842970000063e+04	2.312379242283402192e-01
1.606484342970000034e+04	1.561038642038887758e-01
1.606503942970000026e+04	1.967212621452780752e-01
1.606523442969999996e+04	1.888067807023574574e-01
1.606542942969999967e+04	1.552250569688631288e-01
1.606562542969999959e+04	2.337423280029344852e-01
1.606582042969999929e+04	1.695477553359836520e-01
1.606601542970000082e+04	1.870683086918756288e-01
1.606621142970000074e+04	1.795608289079098085e-01
1.606640642970000044e+04	1.837947718561689925e-01
1.606660142970000015e+04	1.742743437797944495e-01
1.606679642969999986e+04	1.900930915069842797e-01
1.606699242969999978e+04	1.525063353476490136e-01
1.606718742969999948e+04	1.684522503691532336e-01
1.606738242969999919e+04	1.750656345188001950e-01
1.606757842970000092e+04	2.188169363432361791e-01
1.606777342970000063e+04	2.186278810531163685e-01
1.606796842970000034e+04	2.299826144440153541e-01
1.606816442970000026e+04	1.740065438979971901e-01
1.606835942969999996e+04	1.657663277619008113e-01
1.606855442969999967e+04	2.098073144605550056e-01
1.606875042969999959e+04	2.282602369348722959e-01
1.606894542969999929e+04	1.920218228879662092e-01
1.606914042970000082e+04	2.400220655656397639e-01
1.606933642970000074e+04	2.272671923693003748e-01
1.606953142970000044e+04	2.209637895948208808e-01
1.606972642970000015e+04	1.765745693730629284e-01
1.606992142969999986e+04	2.311428441279517187e-01
1.607011742969999978e+04	1.358810055055528210e-01
1.607031242969999948e+04	2.227276025071684984e-01
1.607050742969999919e+04	1.796898668302482349e-01
1.607070342970000092e+04	2.190866567478018112e-01
1.607089842970000063e+04	1.814505734150486660e-01
1.607109342970000034e+04	1.639333459822456263e-01
1.607128942970000026e+04	1.448906810702244030e-01
1.607148442969999996e+04	2.045621425254946502e-01
1.607167942969999967e+04	1.556535972944299573e-01
1.607187542969999959e+04	2.065246951396524366e-01
1.607207042969999929e+04	2.320370500513728729e-01
1.607226542970000082e+04	2.058946265721868230e-01
1.607246142970000074e+04	1.628061956511217545e-01
1.607265642970000044e+04	1.861158209072186764e-01
1.607285142970000015e+04	2.057030726469442072e-01
1.607304642969999986e+04	1.919699784942512366e-01
1.607324242969999978e+04	1.414582234817629569e-01
1.607343742969999948e+04	1.871285829886240037e-01
1.607363242969999919e+04	1.787154048106387449e-01
1.607382842970000092e+04	1.633082276369020036e-01
1.607402342970000063e+04	1.818243969914341562e-01
1.607421842970000034e+04	1.685282607077667194e-01
1.607441442970000026e+04	1.724347200454552365e-01
1.607460942969999996e+04	1.622691557380839811e-01
1.607480442969999967e+04	1.928800613514614071e-01
1.607500042969999959e+04	1.826251135373233581e-01
1.607519542969999929e+04	1.782824204299977566e-01
1.607539042970000082e+04	1.781557891623712919e-01
1.607558642970000074e+04	1.430175069056183190e-01
1.607578142970000044e+04	1.126177442465419176e-01
1.607597642970000015e+04	1.507677496058867916e-01
1.607617142969999986e+04	2.020295275968884141e-01
1.607636742969999978e+04	1.739546829207014866e-01
1.607656242969999948e+04	1.914733561549564200e-01
1.607675742969999919e+04	2.069379022217852082e-01
1.607695342970000092e+04	1.810598488892445346e-01
1.607714842970000063e+04	1.777505399396908103e-01
1.607734342970000034e+04	2.019005840763554716e-01
1.607753942970000026e+04	1.774405793272251231e-01
1.607773442969999996e+04	1.540528512885703805e-01
1.607792942969999967e+04	1.194090710691870783e-01
1.607812542969999959e+04	1.587895985983855951e-01
1.607832042969999929e+04	1.657615079293464078e-01
1.607851542970000082e+04	1.917554138360593186e-01
1.607871142970000074e+04	1.482055330195475307e-01
1.607890642970000044e+04	1.754214730344720863e-01
1.607910142970000015e+04	1.590080641956781449e-01
1.607929642969999986e+04	1.454643178826113825e-01
1.607949242969999978e+04	1.420657613610991632e-01
1.607968742969999948e+04	1.432240339115136152e-01
1.607988242969999919e+04	1.623777775368377974e-01
1.608007842970000092e+04	1.718629019043937944e-01
1.608027342970000063e+04	1.546612975818426605e-01
1.608046842970000034e+04	1.244702293272013094e-01
1.608066442970000026e+04	1.543619086750531721e-01
1.608085942969999996e+04	1.488938005504092388e-01
1.608105442969999967e+04	1.601583079332655757e-01
1.608125042969999959e+04	1.563211400086128577e-01
1.608144542969999929e+04	1.309188043257254463e-01
1.608164042970000082e+04	1.204898023039735477e-01
1.608183642970000074e+04	8.237126789451387765e-02
1.608203142970000044e+04	1.427614596120285739e-01
1.608222642970000015e+04	1.302360807730273962e-01
1.608242142969999986e+04	1.476355789464189883e-01
1.608261742969999978e+04	1.554737288394409944e-01
1.608281242969999948e+04	1.386099751041225403e-01
1.608300742969999919e+04	1.143214953321081140e-01
1.608320342970000092e+04	1.163418934620175094e-01
1.608339842970000063e+04	1.092147471657156643e-01
1.608359342970000034e+04	1.374152533542272181e-01
1.608378942970000026e+04	1.344493561689965588e-01
1.608398442969999996e+04	1.565770593342890038e-01
1.608417942969999967e+04	1.150336715005302324e-01
1.608437542969999959e+04	1.471960308343085444e-01
1.608457042969999929e+04	1.899327619011330626e-01
1.608476542970000082e+04	1.528733521779184201e-01
1.608496142970000074e+04	1.348033428823036672e-01
1.608515642970000044e+04	1.539647262520595916e-01
1.608535142970000015e+04	1.355185657540829425e-01
1.608554642969999986e+04	1.764286272697930258e-01
1.608574242969999978e+04	1.177153364175502759e-01
1.608593742969999948e+04	1.645294661440726003e-01
1.608613242969999919e+04	1.082931697820939121e-01
1.608632842970000092e+04	1.425730432396754566e-01
1.608652342970000063e+04	1.186075535952220150e-01
1.608671842970000034e+04	1.598963911747439681e-01
1.608691442970000026e+04	1.799069589960655691e-01
1.608710942969999996e+04	1.449087938242517026e-01
1.608730442969999967e+04	1.378054444083929297e-01
1.608750042969999959e+04	1.743587812298876827e-01
1.608769542969999929e+04	1.384408590457510968e-01
1.608789042970000082e+04	1.311798061611391120e-01
1.608808642970000074e+04	1.280331031131289876e-01
1.608828142970000044e+04	1.437216234952174432e-01
1.608847642970000015e+04	1.559372820471089938e-01
1.608867142969999986e+04	1.603248620550079551e-01
1.608886742969999978e+04	1.880882607365546022e-01
1.608906242969999948e+04	1.401633863534375024e-01
1.608925742969999919e+04	1.468760245928848462e-01
1.608945342970000092e+04	9.205850104186197314e-02
1.608964842970000063e+04	1.177588592576039872e-01
1.608984342970000034e+04	1.647985593548195737e-01
1.609003942970000026e+04	1.827842780328214900e-01
1.609023442969999996e+04	1.400643386327633522e-01
1.609042942969999967e+04	1.245318731190803163e-01
1.609062542969999959e+04	1.292814444756356096e-01
1.609082042969999929e+04	1.429329534893319931e-01
1.609101542970000082e+04	1.623596773919366854e-01
1.609121142970000074e+04	2.030850116234574898e-01
1.609140642970000044e+04	1.617357327360942065e-01
1.609160142970000015e+04	1.007439427333416404e-01
1.609179642969999986e+04	1.526910577984263995e-01
1.609199242969999978e+04	1.568631392299124627e-01
1.609218742969999948e+04	1.365732431095239008e-01
1.609238242969999919e+04	1.807909198881887392e-01
1.609257842970000092e+04	1.326019759900773920e-01
1.609277342970000063e+04	1.537124098466247091e-01
1.609296842970000034e+04	1.348395933142150227e-01
1.609316442970000026e+04	1.594377529246759906e-01
1.609335942969999996e+04	1.807499188646666255e-01
1.609355442969999967e+04	1.222365287628264241e-01
1.609375042969999959e+04	1.242998095255742896e-01
1.609394542969999929e+04	1.240266458007983630e-01
1.609414042970000082e+04	1.492850267329082214e-01
1.609433642970000074e+04	1.199010838985934413e-01
1.609453142970000044e+04	1.190621116274890312e-01
1.609472642970000015e+04	1.405366223782600343e-01
1.609492142969999986e+04	1.574183986549044789e-01
1.609511742969999978e+04	1.097154271315421425e-01
1.609531242969999948e+04	1.498030220138311108e-01
1.609550742969999919e+04	1.696032630733803614e-01
1.609570342970000092e+04	1.267544941379021850e-01
1.609589842970000063e+04	1.528926725251888996e-01
1.609609342970000034e+04	1.120856772999534456e-01
1.609628942970000026e+04	1.646706575143959128e-01
1.609648442969999996e+04	1.495603200179473902e-01
1.609667942969999967e+04	1.574328836991831793e-01
1.609687542969999959e+04	1.430066342859586115e-01
1.609707042969999929e+04	9.390159241152318259e-02
1.609726542970000082e+04	1.335842839682754857e-01
1.609746142970000074e+04	1.532053531133570345e-01
1.609765642970000044e+04	1.716252527638228997e-01
1.609785142970000015e+04	1.716216257808902412e-01
1.609804642969999986e+04	1.618419310022733981e-01
1.609824242969999978e+04	1.418097043587351891e-01
1.609843742969999948e+04	1.687285355493095551e-01
1.609863242969999919e+04	1.926956349235453558e-01
1.609882842970000092e+04	1.552528163420774376e-01
1.609902342970000063e+04	1.557030904461882415e-01
1.609921842970000034e+04	2.151441071119997162e-01
1.609941442970000026e+04	1.408905336543408993e-01
1.609960942969999996e+04	1.762259895079925087e-01
1.609980442969999967e+04	2.110828928312269426e-01
1.610000042969999959e+04	1.375372652396844586e-01
1.610019542969999929e+04	1.293225276400189472e-01
1.610039042970000082e+04	1.514788981930834666e-01
1.610058642970000074e+04	1.474991253654280854e-01
1.610078142970000044e+04	1.457457008415943278e-01
1.610097642970000015e+04	1.489698805649908309e-01
1.610117142969999986e+04	2.316049980448919854e-01
1.610136742969999978e+04	1.316800570281788652e-01
1.610156242969999948e+04	1.328412156348051099e-01
1.610175742969999919e+04	1.206445350632279201e-01
1.610195342970000092e+04	1.712778165039257061e-01
1.610214842970000063e+04	1.421817124086253159e-01
1.610234342970000034e+04	1.367387397177601827e-01
1.610253942970000026e+04	1.006991828707022307e-01
1.610273442969999996e+04	1.235383414501427524e-01
1.610292942969999967e+04	1.710932205725015365e-01
1.610312542969999959e+04	1.474435790543910940e-01
1.610332042969999929e+04	1.094542022837448059e-01
1.610351542970000082e+04	1.324956476807734873e-01
1.610371142970000074e+04	1.474278746222168479e-01
1.610390642970000044e+04	1.265998000376029609e-01
1.610410142970000015e+04	1.705913444817852564e-01
1.610429642969999986e+04	7.099069308262428990e-02
1.610449242969999978e+04	9.704168352904929407e-02
1.610468742969999948e+04	1.019512910436937148e-01
1.610488242969999919e+04	1.174022052812588868e-01
1.610507842970000092e+04	1.325838574687487892e-01
1.610527342970000063e+04	1.234633980799486608e-01
1.610546842970000034e+04	1.107639299800577959e-01
1.610566442970000026e+04	1.151243563556203497e-01
1.610585942969999996e+04	1.478589649783561555e-01
1.610605442969999967e+04	1.359377915832702399e-01
1.610625042969999959e+04	1.008286247129603908e-01
1.610644542969999929e+04	1.631815206837927690e-01
1.610664042970000082e+04	1.365406272397091669e-01
1.610683642970000074e+04	8.916712327736497912e-02
1.610703142970000044e+04	7.154422026651552358e-02
1.610722642970000015e+04	1.069167964528805470e-01
1.610742142969999986e+04	1.296778062877095294e-01
1.610761742969999978e+04	1.345242553541510233e-01
1.610781242969999948e+04	1.155644598631617725e-01
1.610800742969999919e+04	1.436527792553832228e-01
1.610820342970000092e+04	1.154580604697095225e-01
1.610839842970000063e+04	1.114290499827710335e-01
1.610859342970000034e+04	1.508583024083023361e-01
1.610878942970000026e+04	1.054218066287955224e-01
1.610898442969999996e+04	1.226620109448202101e-01
1.610917942969999967e+04	1.567798559956976590e-01
1.610937542969999959e+04	1.347344845601945451e-01
1.610957042969999929e+04	1.087334011874485640e-01
1.610976542970000082e+04	1.638380098075487012e-01
1.610996142970000074e+04	1.441515741168011289e-01
1.611015642970000044e+04	1.904318378814728874e-01
1.611035142970000015e+04	1.818171770533432152e-01
1.611054642969999986e+04	1.413615983194347336e-01
1.611074242969999978e+04	1.668137020377091773e-01
1.611093742969999948e+04	2.078245410698205120e-01
1.611113242969999919e+04	1.375892119468336006e-01
1.611132842970000092e+04	1.341678465646456431e-01
1.611152342970000063e+04	1.365212943003797363e-01
1.611171842970000034e+04	1.761717293894022873e-01
1.611191442970000026e+04	1.230173827544795984e-01
1.611210942969999996e+04	1.265671670609904709e-01
1.611230442969999967e+04	1.706384038885051524e-01
1.611250042969999959e+04	1.956088586944630947e-01
1.611269542969999929e+04	2.023717142714698269e-01
1.611289042970000082e+04	1.646272045321879318e-01
1.611308642970000074e+04	1.673228986240111738e-01
1.611328142970000044e+04	2.080028336179484683e-01
1.611347642970000015e+04	1.623500260493067060e-01
1.611367142969999986e+04	1.903426291426981720e-01
1.611386742969999978e+04	1.585819969746271596e-01
1.611406242969999948e+04	1.320026681114683242e-01
1.611425742969999919e+04	1.641421057493346325e-01
1.611445342970000092e+04	1.363847802874076365e-01
1.611464842970000063e+04	1.769002370540562197e-01
1.611484342970000034e+04	1.605553922839586534e-01
1.611503942970000026e+04	1.579024351558704353e-01
1.611523442969999996e+04	1.580207185158712946e-01
1.611542942969999967e+04	1.964500891803133698e-01
1.611562542969999959e+04	1.780846358465453250e-01
1.611582042969999929e+04	1.306360531690948790e-01
1.611601542970000082e+04	1.747809538506608362e-01
1.611621142970000074e+04	1.588294328641595143e-01
1.611640642970000044e+04	1.614786634777303220e-01
1.611660142970000015e+04	9.968897572692014819e-02
1.611679642969999986e+04	1.542315270127687654e-01
1.611699242969999978e+04	1.274602773221857888e-01
1.611718742969999948e+04	1.343212787712406708e-01
1.611738242969999919e+04	1.496086220509980080e-01
1.611757842970000092e+04	1.362277285846538177e-01
1.611777342970000063e+04	9.002525286242679670e-02
1.611796842970000034e+04	1.399133591061918480e-01
1.611816442970000026e+04	1.441382848065337896e-01
1.611835942969999996e+04	1.209092717453525978e-01
1.611855442969999967e+04	1.278506261858147752e-01
1.611875042969999959e+04	1.404641586625405836e-01
1.611894542969999929e+04	1.015303049643030420e-01
1.611914042970000082e+04	8.579968956974148853e-02
1.611933642970000074e+04	1.112839345995748630e-01
1.611953142970000044e+04	4.725879466459481648e-02
1.611972642970000015e+04	9.431061703871357338e-02
1.611992142969999986e+04	1.586242369887980175e-01
1.612011742969999978e+04	1.281890029370771344e-01
1.612031242969999948e+04	1.486583503729139721e-01
1.612050742969999919e+04	1.199192188377473656e-01
1.612070342970000092e+04	1.479676491980477238e-01
1.612089842970000063e+04	1.000095824369768849e-01
1.612109342970000034e+04	1.583852492259669731e-01
1.612128942970000026e+04	9.914938002356166180e-02
1.612148442969999996e+04	1.329765397845577013e-01
1.612167942969999967e+04	1.311786000600374535e-01
1.612187542969999959e+04	1.325608981894905725e-01
1.612207042969999929e+04	1.180320921582698190e-01
1.612226542970000082e+04	9.942039162426041798e-02
1.612246142970000074e+04	1.223102692652595636e-01
1.612265642970000044e+04	8.507215548774027525e-02
1.612285142970000015e+04	9.337276255491921972e-02
1.612304642969999986e+04	1.390943745519557240e-01
1.612324242969999978e+04	1.391028311994482181e-01
1.612343742969999948e+04	1.487030238429394302e-01
1.612363242969999919e+04	1.174505650517865263e-01
1.612382842970000092e+04	1.378489334936752186e-01
1.612402342970000063e+04	1.320594598460349545e-01
1.612421842970000034e+04	1.472431237908580215e-01
1.612441442970000026e+04	1.350220173960039460e-01
1.612460942969999996e+04	1.399725432718224027e-01
1.612480442969999967e+04	1.886452519451697896e-01
1.612500042969999959e+04	8.430949583803126757e-02
1.612519542969999929e+04	1.579410577203645971e-01
1.612539042970000082e+04	9.442194674321058301e-02
1.612558642970000074e+04	1.350087336300287433e-01
1.612578142970000044e+04	1.344553962667554003e-01
1.612597642970000015e+04	1.333051818538315558e-01
1.612617142969999986e+04	1.085011916963107836e-01
1.612636742969999978e+04	9.744823232892940723e-02
1.612656242969999948e+04	7.853431891019724276e-02
1.612675742969999919e+04	1.460198296444410460e-01
1.612695342970000092e+04	1.151594179350148295e-01
1.612714842970000063e+04	1.292016851473487549e-01
1.612734342970000034e+04	7.877043505168401794e-02
1.612753942970000026e+04	1.170443394644706814e-01
1.612773442969999996e+04	1.166586654722312488e-01
1.612792942969999967e+04	1.751862511104071984e-01
1.612812542969999959e+04	9.969623075653011313e-02
1.612832042969999929e+04	6.800968014520059057e-02
1.612851542970000082e+04	1.380832917748513466e-01
1.612871142970000074e+04	7.073149240869014420e-02
1.612890642970000044e+04	7.201537659192069896e-02
1.612910142970000015e+04	1.098266886849597057e-01
1.612929642969999986e+04	1.197487681693445438e-01
1.612949242969999978e+04	8.752219627271351499e-02
1.612968742969999948e+04	8.123198729202485424e-02
1.612988242969999919e+04	1.583429984409647773e-01
1.613007842970000092e+04	8.321751908593100211e-02
1.613027342970000063e+04	9.589096582929279577e-02
1.613046842970000034e+04	7.005560520330789132e-02
1.613066442970000026e+04	9.440500127590212287e-02
1.613085942969999996e+04	9.963090215851444498e-02
1.613105442969999967e+04	1.583466273455425011e-01
1.613125042969999959e+04	1.550717421334510959e-01
1.613144542969999929e+04	1.100697676306481299e-01
1.613164042970000082e+04	1.419389470708800616e-01
1.613183642970000074e+04	1.407202190148595378e-01
1.613203142970000044e+04	1.508607189429351791e-01
1.613222642970000015e+04	1.494081840826400054e-01
1.613242142969999986e+04	1.458652552267647451e-01
1.613261742969999978e+04	1.714093012851254372e-01
1.613281242969999948e+04	1.277986593313755748e-01
1.613300742969999919e+04	1.338718351632817161e-01
1.613320342970000092e+04	1.664854985848958080e-01
1.613339842970000063e+04	1.274336862117575464e-01
1.613359342970000034e+04	9.958976420819176667e-02
1.613378942970000026e+04	1.159465363780309843e-01
1.613398442969999996e+04	1.201114313583495630e-01
1.613417942969999967e+04	1.395437246876323201e-01
1.613437542969999959e+04	1.164192716910168457e-01
1.613457042969999929e+04	1.088374136555163574e-01
1.613476542970000082e+04	1.126455580286851443e-01
1.613496142970000074e+04	1.020964592454749464e-01
1.613515642970000044e+04	1.541784118201476872e-01
1.613535142970000015e+04	1.267665759571201534e-01
1.613554642969999986e+04	1.744721584457238350e-01
1.613574242969999978e+04	1.506542547775282515e-01
1.613593742969999948e+04	1.635423378584590637e-01
1.613613242969999919e+04	1.540106035749388980e-01
1.613632842970000092e+04	1.172317375424132280e-01
1.613652342970000063e+04	1.513907641141472027e-01
1.613671842970000034e+04	1.710654890951985863e-01
1.613691442970000026e+04	1.291303855722141236e-01
1.613710942969999996e+04	1.376109618745999796e-01
1.613730442969999967e+04	1.455621409612177786e-01
1.613750042969999959e+04	1.686778658754288784e-01
1.613769542969999929e+04	1.247929413211572580e-01
1.613789042970000082e+04	1.289249540124899340e-01
1.613808642970000074e+04	1.523626694561546202e-01
1.613828142970000044e+04	1.650483594385487862e-01
1.613847642970000015e+04	1.391789305224815365e-01
1.613867142969999986e+04	1.602705467676734941e-01
1.613886742969999978e+04	1.623065690448566301e-01
1.613906242969999948e+04	1.312498938213497723e-01
1.613925742969999919e+04	1.622812329130383091e-01
1.613945342970000092e+04	1.448979220238619803e-01
1.613964842970000063e+04	1.859494381245490047e-01
1.613984342970000034e+04	1.265055282626015298e-01
1.614003942970000026e+04	1.116285790210458373e-01
1.614023442969999996e+04	1.580207185158712946e-01
1.614042942969999967e+04	1.549703371021315945e-01
1.614062542969999959e+04	1.264390629604363880e-01
1.614082042969999929e+04	1.651050691735367337e-01
1.614101542970000082e+04	1.760921055349928821e-01
1.614121142970000074e+04	1.415005027094107248e-01
1.614140642970000044e+04	1.396065413405782607e-01
1.614160142970000015e+04	1.295485035654397876e-01
1.614179642969999986e+04	1.485267255003357434e-01
1.614199242969999978e+04	1.222232382340138201e-01
1.614218742969999948e+04	1.462963724271748589e-01
1.614238242969999919e+04	1.657723706904405958e-01
1.614257842970000092e+04	1.267955814351182653e-01
1.614277342970000063e+04	1.415415679622267220e-01
1.614296842970000034e+04	1.749703406804119510e-01
1.614316442970000026e+04	1.385652732895259476e-01
1.614335942969999996e+04	1.242816777474828882e-01
1.614355442969999967e+04	1.390943745519557240e-01
1.614375042969999959e+04	1.594437870108595945e-01
1.614394542969999929e+04	1.405172925157867070e-01
1.614414042970000082e+04	1.437252441409420101e-01
1.614433642970000074e+04	1.640914164379054796e-01
1.614453142970000044e+04	1.369537861325795802e-01
1.614472642970000015e+04	1.751946955970478115e-01
1.614492142969999986e+04	1.488817272998925745e-01
1.614511742969999978e+04	1.062842164561565994e-01
1.614531242969999948e+04	1.753406448882337543e-01
1.614550742969999919e+04	1.962741367909970336e-01
1.614570342970000092e+04	1.771824692834194082e-01
1.614589842970000063e+04	1.803073355803910260e-01
1.614609342970000034e+04	1.689927748394826068e-01
1.614628942970000026e+04	1.639984961333951219e-01
1.614648442969999996e+04	1.874384340806596327e-01
1.614667942969999967e+04	1.574244332269820745e-01
1.614687542969999959e+04	1.611298735991812947e-01
1.614707042969999929e+04	2.057753479469859315e-01
1.614726542970000082e+04	2.034814056375395808e-01
1.614746142970000074e+04	1.822247636435392337e-01
1.614765642970000044e+04	2.021644735556371586e-01
1.614785142970000015e+04	1.989254454196913713e-01
1.614804642969999986e+04	1.795125949088465234e-01
1.614824242969999978e+04	1.588306355635502598e-01
1.614843742969999948e+04	1.509464487291083401e-01
1.614863242969999919e+04	1.865438540479242846e-01
1.614882842970000092e+04	1.864124279697580988e-01
1.614902342970000063e+04	1.770630641267434413e-01
1.614921842970000034e+04	2.153849744035323255e-01
1.614941442970000026e+04	2.115478182048402545e-01
1.614960942969999996e+04	2.014378909991592081e-01
1.614980442969999967e+04	1.889466340640595376e-01
1.615000042969999959e+04	1.345496402843249228e-01
1.615019542969999929e+04	1.909935815783896373e-01
1.615039042970000082e+04	1.931428242123480743e-01
1.615058642970000074e+04	2.075330201850693612e-01
1.615078142970000044e+04	1.653319379268545219e-01
1.615097642970000015e+04	1.315543922039843494e-01
1.615117142969999986e+04	1.330792386877099887e-01
1.615136742969999978e+04	1.429897236181680853e-01
1.615156242969999948e+04	2.100951977690748151e-01
1.615175742969999919e+04	1.648588976170728415e-01
1.615195342970000092e+04	1.574811705758989433e-01
1.615214842970000063e+04	1.730330628119762792e-01
1.615234342970000034e+04	1.333752552801712454e-01
1.615253942970000026e+04	2.274561823078879996e-01
1.615273442969999996e+04	1.420307352414020841e-01
1.615292942969999967e+04	1.806872259116580892e-01
1.615312542969999959e+04	1.576586087555540416e-01
1.615332042969999929e+04	1.441032615788717663e-01
1.615351542970000082e+04	1.265139901883145512e-01
1.615371142970000074e+04	1.049053101426089540e-01
1.615390642970000044e+04	1.478589649783561555e-01
1.615410142970000015e+04	1.143722758845182597e-01
1.615429642969999986e+04	1.372400898217325249e-01
1.615449242969999978e+04	1.035021360048453687e-01
1.615468742969999948e+04	1.157953962523698976e-01
1.615488242969999919e+04	1.478070498933892196e-01
1.615507842970000092e+04	1.692847448223595563e-01
1.615527342970000063e+04	8.833680822853473558e-02
1.615546842970000034e+04	9.066913286670263972e-02
1.615566442970000026e+04	1.239420419174592780e-01
1.615585942969999996e+04	1.007028055636673969e-01
1.615605442969999967e+04	1.063592110572955107e-01
1.615625042969999959e+04	1.034343941101631970e-01
1.615644542969999929e+04	6.351993073282358182e-02
1.615664042970000082e+04	1.330889054464492460e-01
1.615683642970000074e+04	9.014991317598841647e-02
1.615703142970000044e+04	1.186994332965660703e-01
1.615722642970000015e+04	1.135488363874834761e-01
1.615742142969999986e+04	1.410850011593147713e-01
1.615761742969999978e+04	1.458097052991131903e-01
1.615781242969999948e+04	7.048076153557225609e-02
1.615800742969999919e+04	1.245222030668067248e-01
1.615820342970000092e+04	1.753129181111656720e-01
1.615839842970000063e+04	1.053758383976894919e-01
1.615859342970000034e+04	1.254310969635987760e-01
1.615878942970000026e+04	1.000882268419349685e-01
1.615898442969999996e+04	8.287853782191234586e-02
1.615917942969999967e+04	1.261006626377554340e-01
1.615937542969999959e+04	1.793075682977463003e-01
1.615957042969999929e+04	8.996231635499540857e-02
1.615976542970000082e+04	1.027170511888222393e-01
1.615996142970000074e+04	1.035166521756210045e-01
1.616015642970000044e+04	6.920648946133134416e-02
1.616035142970000015e+04	1.207484909929501526e-01
1.616054642969999986e+04	1.233231874161120345e-01
1.616074242969999978e+04	1.131546361098205722e-01
1.616093742969999948e+04	1.384807256286890720e-01
1.616113242969999919e+04	1.111158405369963020e-01
1.616132842970000092e+04	7.931531872901409486e-02
