# time(sec)	crack length FEA(mm)
6.585937529699999686e+03	1.631211680180850720e-01
6.586132829700000002e+03	1.801300576695865630e-01
6.586328129700000318e+03	1.743334469162309830e-01
6.586523429699999724e+03	1.578131105271740608e-01
6.586718729700000040e+03	1.552479841186897858e-01
6.586914029700000356e+03	1.421551420700399859e-01
6.587109329699999762e+03	1.484748117969036940e-01
6.587304729700000280e+03	1.888248721068013225e-01
6.587500029699999686e+03	1.642784584518501845e-01
6.587695329700000002e+03	2.052006893787012842e-01
6.587890629700000318e+03	1.439981916026482622e-01
6.588085929699999724e+03	1.611576368043348140e-01
6.588281229700000040e+03	1.896157032770098283e-01
6.588476529700000356e+03	1.678151805634104932e-01
6.588671829699999762e+03	1.130893424600039054e-01
6.588867229700000280e+03	1.423073219807058365e-01
6.589062529699999686e+03	1.616536578796008428e-01
6.589257829700000002e+03	1.329499545133074889e-01
6.589453129700000318e+03	1.284306981225888933e-01
6.589648429699999724e+03	1.474798008644455649e-01
6.589843729700000040e+03	1.138160627213817833e-01
6.590039029700000356e+03	1.393516628857831563e-01
6.590234329699999762e+03	1.513509180333105775e-01
6.590429729700000280e+03	1.383720003218549266e-01
6.590625029699999686e+03	1.504514085884682828e-01
6.590820329700000002e+03	1.377595478284341368e-01
6.591015629700000318e+03	1.047287041805855523e-01
6.591210929699999724e+03	1.032856019564931671e-01
6.591406229700000040e+03	1.402890060253643156e-01
6.591601529700000356e+03	1.467057505647790805e-01
6.591796829699999762e+03	1.322395003270031566e-01
6.591992229700000280e+03	1.489493540234505531e-01
6.592187529699999686e+03	1.653379602292943673e-01
6.592382829700000002e+03	8.687460693545823176e-02
6.592578129700000318e+03	9.664239134673380249e-02
6.592773429699999724e+03	1.304233804921217654e-01
6.592968729700000040e+03	1.233183531961259405e-01
6.593164029700000356e+03	9.086277707907264301e-02
6.593359329699999762e+03	1.324811565398285040e-01
6.593554729700000280e+03	7.924387760984785700e-02
6.593750029699999686e+03	9.793947457920637589e-02
6.593945329700000002e+03	7.793009019685825933e-02
6.594140629700000318e+03	1.054943808209252154e-01
6.594335929699999724e+03	1.465342720923228370e-01
6.594531229700000040e+03	1.125476129104345802e-01
6.594726529700000356e+03	1.125161686801661176e-01
6.594921829699999762e+03	1.143505151772412631e-01
6.595117229700000280e+03	9.226907732491440584e-02
6.595312529699999686e+03	8.761176903777112557e-02
6.595507829700000002e+03	6.776013654048007595e-02
6.595703129700000318e+03	1.238380981601103770e-01
6.595898429699999724e+03	1.043307424083614876e-01
6.596093729700000040e+03	1.344916472009582975e-01
6.596289029700000356e+03	1.020625942219073323e-01
6.596484329699999762e+03	1.438677560764904939e-01
6.596679729700000280e+03	8.191241275456384585e-02
6.596875029699999686e+03	9.611603464847817690e-02
6.597070329700000002e+03	1.314311389291589194e-01
6.597265629700000318e+03	8.401895230714018226e-02
6.597460929699999724e+03	1.302070792673930555e-01
6.597656229700000040e+03	9.193747829305998209e-02
6.597851529700000356e+03	1.135911522254922090e-01
6.598046829699999762e+03	8.290153834237656838e-02
6.598242229700000280e+03	1.423435512044335383e-01
6.598437529699999686e+03	1.356405868564216632e-01
6.598632829700000002e+03	9.735385118991857212e-02
6.598828129700000318e+03	1.357650253542637131e-01
6.599023429699999724e+03	1.042509101055255627e-01
6.599218729700000040e+03	1.568390003926793952e-01
6.599414029700000356e+03	1.180719859508094771e-01
6.599609329699999762e+03	1.688998623379163178e-01
6.599804729700000280e+03	1.388189560691799329e-01
6.600000029699999686e+03	1.370975402559810874e-01
6.600195329700000002e+03	1.443568780238013716e-01
6.600390629700000318e+03	1.114350945777697888e-01
6.600585929699999724e+03	1.290578785537217499e-01
6.600781229700000040e+03	1.244448487440141804e-01
6.600976529700000356e+03	1.428387513109683482e-01
6.601171829699999762e+03	1.444402025058302286e-01
6.601367229700000280e+03	1.592313593467018507e-01
6.601562529699999686e+03	1.156043658810030905e-01
6.601757829700000002e+03	1.359148260303921774e-01
6.601953129700000318e+03	1.483311124460939823e-01
6.602148429699999724e+03	1.706046301457497805e-01
6.602343729700000040e+03	1.276040837189373889e-01
6.602539029700000356e+03	1.250153304976073798e-01
6.602734329699999762e+03	1.773030860447875057e-01
6.602929729700000280e+03	9.300124039145707400e-02
6.603125029699999686e+03	1.161472374281853348e-01
6.603320329700000002e+03	1.237317337876326917e-01
6.603515629700000318e+03	1.827493087497007451e-01
6.603710929699999724e+03	1.811768213820652562e-01
6.603906229700000040e+03	1.731223435875577366e-01
6.604101529700000356e+03	1.588765039868214046e-01
6.604296829699999762e+03	1.605336518685263059e-01
6.604492229700000280e+03	1.153226419364443700e-01
6.604687529699999686e+03	1.683810487656938193e-01
6.604882829700000002e+03	1.489553906331657629e-01
6.605078129700000318e+03	1.072215897820427699e-01
6.605273429699999724e+03	1.275219127399989105e-01
6.605468729700000040e+03	1.126201665407755570e-01
6.605664029700000356e+03	1.329874125971226562e-01
6.605859329699999762e+03	1.554797638794269687e-01
6.606054729700000280e+03	1.914564677986856367e-01
6.606250029699999686e+03	1.427131443982609937e-01
6.606445329700000002e+03	1.375155256249875890e-01
6.606640629700000318e+03	1.463881550366270545e-01
6.606835929699999724e+03	1.643134638876659892e-01
6.607031229700000040e+03	1.410813801327321926e-01
6.607226529700000356e+03	1.820125186332521849e-01
6.607421829699999762e+03	1.882654823196183713e-01
6.607617229700000280e+03	1.343514897777549066e-01
6.607812529699999686e+03	1.390653832749997321e-01
6.608007829700000002e+03	1.338488780993252192e-01
6.608203129700000318e+03	1.805376717151254695e-01
6.608398429699999724e+03	1.381134878786909326e-01
6.608593729700000040e+03	1.372304288117209836e-01
6.608789029700000356e+03	1.480026670330421013e-01
6.608984329699999762e+03	1.142586123079425420e-01
6.609179729700000280e+03	1.505323066414305799e-01
6.609375029699999686e+03	1.516769031635938347e-01
6.609570329700000002e+03	1.241342236702394075e-01
6.609765629700000318e+03	1.645596408000482569e-01
6.609960929699999724e+03	1.474955052641213626e-01
6.610156229700000040e+03	1.302324529916774054e-01
6.610351529700000356e+03	1.338561326168310472e-01
6.610546829699999762e+03	1.521694923445728875e-01
6.610742229700000280e+03	1.186039251729802402e-01
6.610937529699999686e+03	1.220588452329618434e-01
6.611132829700000002e+03	1.593556809141567499e-01
6.611328129700000318e+03	1.007294260017701504e-01
6.611523429699999724e+03	9.466275367709720001e-02
6.611718729700000040e+03	1.072651307909957552e-01
6.611914029700000356e+03	1.417432722875044959e-01
6.612109329699999762e+03	1.713393309073634185e-01
6.612304729700000280e+03	1.396198226742288995e-01
6.612500029699999686e+03	1.526765700155756633e-01
6.612695329700000002e+03	1.693438597278724700e-01
6.612890629700000318e+03	1.178737147868869073e-01
6.613085929699999724e+03	1.305212570015967799e-01
6.613281229700000040e+03	1.178168909784549356e-01
6.613476529700000356e+03	1.129152162293518558e-01
6.613671829699999762e+03	1.037513225265627170e-01
6.613867229700000280e+03	1.537389679503604611e-01
6.614062529699999686e+03	1.759992400745105101e-01
6.614257829700000002e+03	1.705020754150439188e-01
6.614453129700000318e+03	1.266046336262593996e-01
6.614648429699999724e+03	1.663853627677980285e-01
6.614843729700000040e+03	1.310964335077819953e-01
6.615039029700000356e+03	1.541916854438412088e-01
6.615234329699999762e+03	1.655286208083879274e-01
6.615429729700000280e+03	1.982493891268681807e-01
6.615625029699999686e+03	1.763707309336659534e-01
6.615820329700000002e+03	1.948206187966210479e-01
6.616015629700000318e+03	1.701329018545543192e-01
6.616210929699999724e+03	1.440138878069383566e-01
6.616406229700000040e+03	1.686670043734022073e-01
6.616601529700000356e+03	1.463084469216404671e-01
6.616796829699999762e+03	1.109453301668406056e-01
6.616992229700000280e+03	1.421056221878522763e-01
6.617187529699999686e+03	1.436721067034447685e-01
6.617382829700000002e+03	1.530073602062174132e-01
6.617578129700000318e+03	1.581414275197108310e-01
6.617773429699999724e+03	1.298312680028335109e-01
6.617968729700000040e+03	1.101169343952701496e-01
6.618164029700000356e+03	9.101406292263547471e-02
6.618359329699999762e+03	1.366541859059715591e-01
6.618554729700000280e+03	1.524169915004502940e-01
6.618750029699999686e+03	1.604600432643152885e-01
6.618945329700000002e+03	1.291255514314837427e-01
6.619140629700000318e+03	1.278228292263268173e-01
6.619335929699999724e+03	1.753334230811649519e-01
6.619531229700000040e+03	1.340929359381366481e-01
6.619726529700000356e+03	1.405873593055702031e-01
6.619921829699999762e+03	1.171495253691379190e-01
6.620117229700000280e+03	6.189755952587461252e-02
6.620312529699999686e+03	1.412492748617850680e-01
6.620507829700000002e+03	1.459268423697697159e-01
6.620703129700000318e+03	1.520523844134107350e-01
6.620898429699999724e+03	1.192156454629174078e-01
6.621093729700000040e+03	1.589030566229876484e-01
6.621289029700000356e+03	1.774502248603440080e-01
6.621484329699999762e+03	1.331601927473542446e-01
6.621679729700000280e+03	9.490961518971552380e-02
6.621875029699999686e+03	1.681433666065252908e-01
6.622070329700000002e+03	1.294155743542759751e-01
6.622265629700000318e+03	8.215091933996276907e-02
6.622460929699999724e+03	1.801324713841552239e-01
6.622656229700000040e+03	1.274965279727773293e-01
6.622851529700000356e+03	1.267943740853603174e-01
6.623046829699999762e+03	1.132658824458729896e-01
6.623242229700000280e+03	1.610791885647078203e-01
6.623437529699999686e+03	1.213529103048571756e-01
6.623632829700000002e+03	1.265647533776075306e-01
6.623828129700000318e+03	9.325416716632872749e-02
6.624023429699999724e+03	1.280089323824036285e-01
6.624218729700000040e+03	1.034259244121926713e-01
6.624414029700000356e+03	9.565259041830387332e-02
6.624609329699999762e+03	1.494081840826400054e-01
6.624804729700000280e+03	1.049766784659560415e-01
6.625000029699999686e+03	9.972405883165791352e-02
6.625195329700000002e+03	1.090647820413224167e-01
6.625390629700000318e+03	1.199615312219126650e-01
6.625585929699999724e+03	1.217360981229465011e-01
6.625781229700000040e+03	1.620615829197635804e-01
6.625976529700000356e+03	1.318685530855603361e-01
6.626171829699999762e+03	1.170878717746646203e-01
6.626367229700000280e+03	1.202165971591817595e-01
6.626562529699999686e+03	4.985798310121936083e-02
6.626757829700000002e+03	1.370782181225429497e-01
6.626953129700000318e+03	1.674592443909599382e-01
6.627148429699999724e+03	9.624429333116779617e-02
6.627343729700000040e+03	1.222014760162277724e-01
6.627539029700000356e+03	9.619589276760542873e-02
6.627734329699999762e+03	1.426865746222176767e-01
6.627929729700000280e+03	8.794221271792679318e-02
6.628125029699999686e+03	1.094106640258658558e-01
6.628320329700000002e+03	1.034839892209493684e-01
6.628515629700000318e+03	1.218775241903831130e-01
6.628710929699999724e+03	1.272995457504215722e-01
6.628906229700000040e+03	1.078106051744143201e-01
6.629101529700000356e+03	1.043767115103868548e-01
6.629296829699999762e+03	1.275859626301905081e-01
6.629492229700000280e+03	1.399640869172849023e-01
6.629687529699999686e+03	9.819476397996496075e-02
6.629882829700000002e+03	1.016778916694995871e-01
6.630078129700000318e+03	6.708781070540581482e-02
6.630273429699999724e+03	1.275907960291071674e-01
6.630468729700000040e+03	1.407419662302586971e-01
6.630664029700000356e+03	1.703018043818325111e-01
6.630859329699999762e+03	1.414159441829028196e-01
6.631054729700000280e+03	1.225894852563076398e-01
6.631250029699999686e+03	1.309659319769345132e-01
6.631445329700000002e+03	1.351488873849469030e-01
6.631640629700000318e+03	1.382210002408399419e-01
6.631835929699999724e+03	1.570804188260090939e-01
6.632031229700000040e+03	1.415029097700433169e-01
6.632226529700000356e+03	1.429848890325189359e-01
6.632421829699999762e+03	1.503777600188058727e-01
6.632617229700000280e+03	1.191866322724184357e-01
6.632812529699999686e+03	1.099754421466130339e-01
6.633007829700000002e+03	1.388056639354715571e-01
6.633203129700000318e+03	1.005007736442422583e-01
6.633398429699999724e+03	1.311157664720408178e-01
6.633593729700000040e+03	1.007887035555565802e-01
6.633789029700000356e+03	1.031356014752908834e-01
6.633984329699999762e+03	1.445609872418103237e-01
6.634179729700000280e+03	1.160106147395119081e-01
6.634375029699999686e+03	9.449696839561028128e-02
6.634570329700000002e+03	1.517360595936843026e-01
6.634765629700000318e+03	1.370600893404336773e-01
6.634960929699999724e+03	8.933536404475539427e-02
6.635156229700000040e+03	1.569947100008874941e-01
6.635351529700000356e+03	1.366892195277298327e-01
6.635546829699999762e+03	1.365225084467684979e-01
6.635742229700000280e+03	1.500239825072426925e-01
6.635937529699999686e+03	1.144520750236068807e-01
6.636132829700000002e+03	1.259242055177445252e-01
6.636328129700000318e+03	1.146189398862240694e-01
6.636523429699999724e+03	8.893594543133254149e-02
6.636718729700000040e+03	1.135065132074686289e-01
6.636914029700000356e+03	1.343152490194512438e-01
6.637109329699999762e+03	1.618383233372000518e-01
6.637304729700000280e+03	1.165764514246188099e-01
6.637500029699999686e+03	7.909736792061039523e-02
6.637695329700000002e+03	1.353856681381397919e-01
6.637890629700000318e+03	9.960549752833003367e-02
6.638085929699999724e+03	8.049463528742961671e-02
6.638281229700000040e+03	1.476923280659718785e-01
6.638476529700000356e+03	1.272499903356596462e-01
6.638671829699999762e+03	7.389384666249831923e-02
6.638867229700000280e+03	1.390822965866647110e-01
6.639062529699999686e+03	1.256583142623046712e-01
6.639257829700000002e+03	1.439776609941141317e-01
6.639453129700000318e+03	1.626915527716619181e-01
6.639648429699999724e+03	1.273611742958085102e-01
6.639843729700000040e+03	1.774550631661107047e-01
6.640039029700000356e+03	1.024363986252900816e-01
6.640234329699999762e+03	1.157240669369770103e-01
6.640429729700000280e+03	1.157941894125951166e-01
6.640625029699999686e+03	1.071199924160755046e-01
6.640820329700000002e+03	1.190306755449359599e-01
6.641015629700000318e+03	1.096876173798921883e-01
6.641210929699999724e+03	1.494069809313991470e-01
6.641406229700000040e+03	7.730889105372007464e-02
6.641601529700000356e+03	1.162886949475776532e-01
6.641796829699999762e+03	1.128644254628774490e-01
6.641992229700000280e+03	9.988980656190982188e-02
6.642187529699999686e+03	8.740599492172407281e-02
6.642382829700000002e+03	1.468820617013992802e-01
6.642578129700000318e+03	1.256268947359728827e-01
6.642773429699999724e+03	1.263254539457996373e-01
6.642968729700000040e+03	8.092203668474517997e-02
6.643164029700000356e+03	1.206118943514749020e-01
6.643359329699999762e+03	7.121355827125697147e-02
6.643554729700000280e+03	1.014855371480578583e-01
6.643750029699999686e+03	9.808466593017151069e-02
6.643945329700000002e+03	1.771776516460317197e-01
6.644140629700000318e+03	7.490387529110620335e-02
6.644335929699999724e+03	1.155898566863111654e-01
6.644531229700000040e+03	8.557332020292740538e-02
6.644726529700000356e+03	1.164845639626186369e-01
6.644921829699999762e+03	7.016825537015947134e-02
6.645117229700000280e+03	1.191201393009286846e-01
6.645312529699999686e+03	1.208778379732073915e-01
6.645507829700000002e+03	1.372811620440632652e-01
6.645703129700000318e+03	9.523390731845893242e-02
6.645898429699999724e+03	9.695335621676193227e-02
6.646093729700000040e+03	1.321827089995490923e-01
6.646289029700000356e+03	7.200326117067135101e-02
6.646484329699999762e+03	1.077114256825630889e-01
6.646679729700000280e+03	1.227224516274887378e-01
6.646875029699999686e+03	9.220372632487361386e-02
6.647070329700000002e+03	1.013016526111236715e-01
6.647265629700000318e+03	9.230417181473882238e-02
6.647460929699999724e+03	1.535965120683417950e-01
6.647656229700000040e+03	1.357034132754169065e-01
6.647851529700000356e+03	1.118135961405215539e-01
6.648046829699999762e+03	1.321259175436786393e-01
6.648242229700000280e+03	9.328805132308204406e-02
6.648437529699999686e+03	9.888319818907476133e-02
6.648632829700000002e+03	1.302397075158641115e-01
6.648828129700000318e+03	1.499974204704717096e-01
6.649023429699999724e+03	1.089801205134186546e-01
6.649218729700000040e+03	1.181167159401308453e-01
6.649414029700000356e+03	1.321005457321806631e-01
6.649609329699999762e+03	1.419896707888383958e-01
6.649804729700000280e+03	9.403228646498362764e-02
6.650000029699999686e+03	6.458004697016406226e-02
6.650195329700000002e+03	1.150070661992899090e-01
6.650390629700000318e+03	1.356248854159574080e-01
6.650585929699999724e+03	8.785385346837060183e-02
6.650781229700000040e+03	4.782860245828501888e-02
6.650976529700000356e+03	4.609974108884706823e-02
6.651171829699999762e+03	1.058294283881942022e-01
6.651367229700000280e+03	1.266336392912279507e-01
6.651562529699999686e+03	1.021509025607230114e-01
6.651757829700000002e+03	9.926673584306300313e-02
6.651953129700000318e+03	1.002273512319931115e-01
6.652148429699999724e+03	1.092582857628006110e-01
6.652343729700000040e+03	1.024799479183347017e-01
6.652539029700000356e+03	1.107191869064028111e-01
6.652734329699999762e+03	1.114858799215525664e-01
6.652929729700000280e+03	7.135164060125731567e-02
6.653125029699999686e+03	7.218251471006631448e-02
6.653320329700000002e+03	3.364235424755612769e-02
6.653515629700000318e+03	5.193568731796460725e-02
6.653710929699999724e+03	5.272599424347745867e-02
6.653906229700000040e+03	1.015762719098152189e-01
6.654101529700000356e+03	6.087489190397299410e-02
6.654296829699999762e+03	5.655232938989662728e-02
6.654492229700000280e+03	1.030920533172707820e-01
6.654687529699999686e+03	8.019557438500157787e-02
6.654882829700000002e+03	7.496684944107556703e-02
6.655078129700000318e+03	9.687591703664288900e-02
6.655273429699999724e+03	8.630689043954653528e-02
6.655468729700000040e+03	4.582694416558119599e-02
6.655664029700000356e+03	9.436264899192892130e-02
6.655859329699999762e+03	1.258758620511812865e-01
6.656054729700000280e+03	1.256003016849494003e-01
6.656250029699999686e+03	7.579155222842537398e-02
6.656445329700000002e+03	7.089743004794080150e-02
6.656640629700000318e+03	1.024872021431484370e-01
6.656835929699999724e+03	1.040319604203272519e-01
6.657031229700000040e+03	7.809477178434498512e-02
6.657226529700000356e+03	9.738047413206452063e-02
6.657421829699999762e+03	5.361202965497469108e-02
6.657617229700000280e+03	1.005999742961947163e-01
6.657812529699999686e+03	9.101163854715643708e-02
6.658007829700000002e+03	1.099621368229897200e-01
6.658203129700000318e+03	1.339527866679866008e-01
6.658398429699999724e+03	8.113512833199720831e-02
6.658593729700000040e+03	9.906226879179236278e-02
6.658789029700000356e+03	1.205055152840621702e-01
6.658984329699999762e+03	1.179353737233412858e-01
6.659179729700000280e+03	8.554547543860380188e-02
6.659375029699999686e+03	7.197903759348278641e-02
6.659570329700000002e+03	9.039681479394090502e-02
6.659765629700000318e+03	8.417148763687976043e-02
6.659960929699999724e+03	8.530215946951358319e-02
6.660156229700000040e+03	6.759538739667014795e-02
6.660351529700000356e+03	6.244401545627198402e-02
6.660546829699999762e+03	8.137001160248225062e-02
6.660742229700000280e+03	7.835026664857203116e-02
6.660937529699999686e+03	7.734279667400656422e-02
6.661132829700000002e+03	6.964135024634643401e-02
6.661328129700000318e+03	9.268175336997153124e-02
6.661523429699999724e+03	7.339729437274122859e-02
6.661718729700000040e+03	6.487808709714926181e-02
6.661914029700000356e+03	3.479133232713138568e-02
6.662109329699999762e+03	7.269120291418218471e-02
6.662304729700000280e+03	7.936375175475873789e-02
6.662500029699999686e+03	3.213330619888488116e-02
6.662695329700000002e+03	3.832810419919496780e-02
6.662890629700000318e+03	8.604663385286670518e-02
6.663085929699999724e+03	4.737639449435171457e-02
6.663281229700000040e+03	6.839004846069229870e-02
6.663476529700000356e+03	4.748429409247023614e-02
6.663671829699999762e+03	7.913611489193783655e-02
6.663867229700000280e+03	4.027551590993283526e-02
6.664062529699999686e+03	4.467873792352428097e-02
6.664257829700000002e+03	4.667658007659980512e-02
6.664453129700000318e+03	3.311346983932494936e-02
6.664648429699999724e+03	4.788315795946829212e-02
6.664843729700000040e+03	7.519331519247707263e-02
6.665039029700000356e+03	3.907517772163160430e-02
6.665234329699999762e+03	6.998656422382332210e-02
6.665429729700000280e+03	4.340316147606770869e-02
6.665625029699999686e+03	7.674943652958887697e-02
6.665820329700000002e+03	1.026275290524747419e-01
6.666015629700000318e+03	7.345179250050470898e-02
6.666210929699999724e+03	9.895579956085320816e-02
6.666406229700000040e+03	6.719926080353388897e-02
6.666601529700000356e+03	3.449752229959557326e-02
6.666796829699999762e+03	7.087925870875544376e-02
6.666992229700000280e+03	7.199115302638148250e-02
6.667187529699999686e+03	7.097737129942949252e-02
6.667382829700000002e+03	5.802113799001773486e-02
6.667578129700000318e+03	8.454071928539264036e-02
6.667773429699999724e+03	3.575778095995296724e-02
6.667968729700000040e+03	5.498041446233337126e-02
6.668164029700000356e+03	8.610594703688434493e-02
6.668359329699999762e+03	7.824976548090667450e-02
6.668554729700000280e+03	5.988247710093475007e-02
6.668750029699999686e+03	3.503028623907411543e-02
6.668945329700000002e+03	5.305326090645579029e-02
6.669140629700000318e+03	9.226181599555971502e-02
6.669335929699999724e+03	4.343711271809524987e-02
6.669531229700000040e+03	5.692654147517473007e-02
6.669726529700000356e+03	6.608958183211655069e-02
6.669921829699999762e+03	9.380599423325719499e-02
6.670117229700000280e+03	6.891065675446483851e-02
6.670312529699999686e+03	4.612762737661668666e-02
6.670507829700000002e+03	3.762830903697889084e-02
6.670703129700000318e+03	6.376951631660432440e-02
6.670898429699999724e+03	5.762458951847904132e-02
6.671093729700000040e+03	7.819285212100979265e-02
6.671289029700000356e+03	6.507313998246999631e-02
6.671484329699999762e+03	8.892626272292325496e-02
6.671679729700000280e+03	8.295359804027313544e-02
6.671875029699999686e+03	6.408816091907532098e-02
6.672070329700000002e+03	1.037706765346140259e-01
6.672265629700000318e+03	6.810416715743450311e-02
6.672460929699999724e+03	6.740640920336993247e-02
6.672656229700000040e+03	1.119188039330687445e-01
6.672851529700000356e+03	8.839611601768382343e-02
6.673046829699999762e+03	8.558058346169339359e-02
6.673242229700000280e+03	1.028513228852148131e-01
6.673437529699999686e+03	1.272040703092276459e-01
6.673632829700000002e+03	6.921738882806494075e-02
6.673828129700000318e+03	6.852329734203088663e-02
6.674023429699999724e+03	3.758222124500321115e-02
6.674218729700000040e+03	7.857064429444449161e-02
6.674414029700000356e+03	5.644567929887855939e-02
6.674609329699999762e+03	6.546809073370063459e-02
6.674804729700000280e+03	5.530765187726949250e-02
6.675000029699999686e+03	7.034630982039935532e-02
6.675195329700000002e+03	1.365841081385177347e-01
6.675390629700000318e+03	3.619833791376869669e-02
6.675585929699999724e+03	8.011202840028275318e-02
6.675781229700000040e+03	7.365647178856171706e-02
6.675976529700000356e+03	1.176343325774737991e-01
6.676171829699999762e+03	1.040670457816901262e-01
6.676367229700000280e+03	9.928730197289681314e-02
6.676562529699999686e+03	4.585967986875871816e-02
6.676757829700000002e+03	8.913565708970239143e-02
6.676953129700000318e+03	7.393260163775217109e-02
6.677148429699999724e+03	7.052678936094380902e-02
6.677343729700000040e+03	7.644427399609021734e-02
6.677539029700000356e+03	4.014602553032098342e-02
6.677734329699999762e+03	3.376486946708290304e-02
6.677929729700000280e+03	9.770474273640772367e-02
6.678125029699999686e+03	1.040126066133080229e-01
6.678320329700000002e+03	3.947781215421741763e-02
6.678515629700000318e+03	3.863103267183198852e-02
6.678710929699999724e+03	5.350173139722080862e-02
6.678906229700000040e+03	5.975524059486758688e-02
6.679101529700000356e+03	8.982797275085729893e-02
6.679296829699999762e+03	5.520342122313337541e-02
6.679492229700000280e+03	5.194390286344763297e-02
6.679687529699999686e+03	3.698186052617202790e-02
6.679882829700000002e+03	4.094882795386389773e-02
6.680078129700000318e+03	3.726176100536093827e-02
6.680273429699999724e+03	8.576821189446448557e-02
6.680468729700000040e+03	7.343847201834918792e-02
6.680664029700000356e+03	5.211387160765745818e-02
6.680859329699999762e+03	8.966336787527851016e-02
6.681054729700000280e+03	7.853431891019724276e-02
6.681250029699999686e+03	6.731312874184602890e-02
6.681445329700000002e+03	4.803227558868883307e-02
6.681640629700000318e+03	7.326649318345879180e-02
6.681835929699999724e+03	8.034208080675142583e-02
6.682031229700000040e+03	4.942008945512910145e-02
6.682226529700000356e+03	6.580488471550083318e-02
6.682421829699999762e+03	6.363866619303770733e-02
6.682617229700000280e+03	5.720918369357974598e-02
6.682812529699999686e+03	8.933052224798743168e-02
6.683007829700000002e+03	6.117781888179862904e-02
6.683203129700000318e+03	7.548759102725455250e-02
6.683398429699999724e+03	4.955855644007556293e-02
6.683593729700000040e+03	8.781754147204345884e-02
6.683789029700000356e+03	4.573479822383674787e-02
6.683984329699999762e+03	3.738062010773468558e-02
6.684179729700000280e+03	6.784372349155454174e-02
6.684375029699999686e+03	8.475135533746858130e-02
6.684570329700000002e+03	6.458731940558415374e-02
6.684765629700000318e+03	7.952115480497212729e-02
6.684960929699999724e+03	1.167819829238325724e-01
6.685156229700000040e+03	8.837070004471669904e-02
6.685351529700000356e+03	8.895168229382832692e-02
6.685546829699999762e+03	1.068623707247855492e-01
6.685742229700000280e+03	5.309810862667951881e-02
