# time(sec)	crack length FEA(mm)
2.971777242969999861e+04	1.684365590870200435e-01
2.971796742969999832e+04	1.841842315183903622e-01
2.971816342970000187e+04	1.638536832364003715e-01
2.971835842970000158e+04	2.073354459028919905e-01
2.971855342970000129e+04	2.224591210412878439e-01
2.971874942970000120e+04	1.762127275459963727e-01
2.971894442970000091e+04	1.771728132866918770e-01
2.971913942970000062e+04	2.330455351558775590e-01
2.971933542970000053e+04	1.714901421136989512e-01
2.971953042970000024e+04	1.600243381070658444e-01
2.971972542969999995e+04	1.861230603197210343e-01
2.971992042969999966e+04	1.709219191402073790e-01
2.972011642969999957e+04	1.941890337061114025e-01
2.972031142969999928e+04	1.703042190434072012e-01
2.972050642969999899e+04	1.753901095481040784e-01
2.972070242969999890e+04	1.806027994299057582e-01
2.972089742969999861e+04	1.613676326285773399e-01
2.972109242969999832e+04	1.949604178565511603e-01
2.972128842970000187e+04	2.035705779006988791e-01
2.972148342970000158e+04	2.077462388856794462e-01
2.972167842970000129e+04	2.410410686823460935e-01
2.972187442970000120e+04	1.709762009912196845e-01
2.972206942970000091e+04	1.671708600409047563e-01
2.972226442970000062e+04	2.387924664218026294e-01
2.972246042970000053e+04	1.746289812303469802e-01
2.972265542970000024e+04	2.262572641381392913e-01
2.972285042969999995e+04	2.660122269375069237e-01
2.972304542969999966e+04	2.168228368201425837e-01
2.972324142969999957e+04	1.982542027114071459e-01
2.972343642969999928e+04	2.638956965710814728e-01
2.972363142969999899e+04	2.028886234894162754e-01
2.972382742969999890e+04	2.147840121829602822e-01
2.972402242969999861e+04	2.278642253003191342e-01
2.972421742969999832e+04	2.265726487843462422e-01
2.972441342970000187e+04	2.091207185856980288e-01
2.972460842970000158e+04	2.521667571537289376e-01
2.972480342970000129e+04	2.362584911654579400e-01
2.972499942970000120e+04	2.788313853371455764e-01
2.972519442970000091e+04	2.543937144908703374e-01
2.972538942970000062e+04	3.012661587893958881e-01
2.972558542970000053e+04	2.309250072958253241e-01
2.972578042970000024e+04	2.237545193057890458e-01
2.972597542969999995e+04	2.278846872442770177e-01
2.972617042969999966e+04	2.289523349344690928e-01
2.972636642969999957e+04	2.181390178649955658e-01
2.972656142969999928e+04	1.953629763953106391e-01
2.972675642969999899e+04	2.318938399004633055e-01
2.972695242969999890e+04	1.667087271515761415e-01
2.972714742969999861e+04	2.144913723962638130e-01
2.972734242969999832e+04	2.241963449749739823e-01
2.972753842970000187e+04	2.099723384395204562e-01
2.972773342970000158e+04	2.451960385847211654e-01
2.972792842970000129e+04	2.109299195674516625e-01
2.972812442970000120e+04	2.268639477048353115e-01
2.972831942970000091e+04	1.946313820333642752e-01
2.972851442970000062e+04	2.315171456254638827e-01
2.972871042970000053e+04	2.014583745839804152e-01
2.972890542970000024e+04	2.162267399807671353e-01
2.972910042969999995e+04	2.496173006828641405e-01
2.972929542969999966e+04	2.491579078276728865e-01
2.972949142969999957e+04	2.369756488640373249e-01
2.972968642969999928e+04	1.969080503043159069e-01
2.972988142969999899e+04	2.147792017786365193e-01
2.973007742969999890e+04	1.795005363945652022e-01
2.973027242969999861e+04	2.046284082630460688e-01
2.973046742969999832e+04	2.343416043328616638e-01
2.973066342970000187e+04	2.314834332888011659e-01
2.973085842970000158e+04	2.163303074737719101e-01
2.973105342970000129e+04	2.050789961343220114e-01
2.973124942970000120e+04	2.410687330180465437e-01
2.973144442970000091e+04	2.554602186736047997e-01
2.973163942970000062e+04	2.483256506077644588e-01
2.973183542970000053e+04	1.923557077369721924e-01
2.973203042970000024e+04	2.140674482928837108e-01
2.973222542969999995e+04	2.117646341944698918e-01
2.973242042969999966e+04	2.635411154840063830e-01
2.973261642969999957e+04	2.487513904217664162e-01
2.973281142969999928e+04	2.120392416312775197e-01
2.973300642969999899e+04	2.327073759428834876e-01
2.973320242969999890e+04	2.026874003829384208e-01
2.973339742969999861e+04	2.355473493044613065e-01
2.973359242969999832e+04	2.336003164044360147e-01
2.973378842970000187e+04	2.029175410273964530e-01
2.973398342970000158e+04	2.066066230668823778e-01
2.973417842970000129e+04	2.126968718668784675e-01
2.973437442970000120e+04	2.501668998308694825e-01
2.973456942970000091e+04	2.303593318626155906e-01
2.973476442970000062e+04	2.395420230125679950e-01
2.973496042970000053e+04	2.642502622907692000e-01
2.973515542970000024e+04	2.422212348615921940e-01
2.973535042969999995e+04	2.529435736697216441e-01
2.973554542969999966e+04	1.990037752188360543e-01
2.973574142969999957e+04	2.165904242570633187e-01
2.973593642969999928e+04	2.010246034050950925e-01
2.973613142969999899e+04	2.089376017840667288e-01
2.973632742969999890e+04	2.351249813407285671e-01
2.973652242969999861e+04	2.145684534359659779e-01
2.973671742969999832e+04	2.247067744534234635e-01
2.973691342970000187e+04	2.122247359962710078e-01
2.973710842970000158e+04	2.587171740070566273e-01
2.973730342970000129e+04	2.391028870894746916e-01
2.973749942970000120e+04	2.741918248289803017e-01
2.973769442970000091e+04	2.099193309813269792e-01
2.973788942970000062e+04	2.043946714689575117e-01
2.973808542970000053e+04	1.875035334951036248e-01
2.973828042970000024e+04	2.258973396395234090e-01
2.973847542969999995e+04	2.271540541478067610e-01
2.973867042969999966e+04	2.032753850312722932e-01
2.973886642969999957e+04	2.451683788230933914e-01
2.973906142969999928e+04	2.260947672653585983e-01
2.973925642969999899e+04	2.335064444131411676e-01
2.973945242969999890e+04	1.643713880845272257e-01
2.973964742969999861e+04	2.521330933527892171e-01
2.973984242969999832e+04	2.424846782311806948e-01
2.974003842970000187e+04	3.308380460506974430e-01
2.974023342970000158e+04	2.812108892466920196e-01
2.974042842970000129e+04	2.376289953433250446e-01
2.974062442970000120e+04	2.472095186958451762e-01
2.974081942970000091e+04	2.677211925009927995e-01
2.974101442970000062e+04	2.703468948641685188e-01
2.974121042970000053e+04	2.761260741593574153e-01
2.974140542970000024e+04	2.502186236339944969e-01
2.974160042969999995e+04	2.667958077108920634e-01
2.974179542969999966e+04	2.475510975134493918e-01
2.974199142969999957e+04	2.438139325823289738e-01
2.974218642969999928e+04	2.528004730870172523e-01
2.974238142969999899e+04	2.824215819161750574e-01
2.974257742969999890e+04	2.136748222420354892e-01
2.974277242969999861e+04	2.224928352160215894e-01
2.974296742969999832e+04	2.631468713132214532e-01
2.974316342970000187e+04	2.520501163828150482e-01
2.974335842970000158e+04	2.423126457064164185e-01
2.974355342970000129e+04	2.130425129175108623e-01
2.974374942970000120e+04	2.534750548973683237e-01
2.974394442970000091e+04	2.375664241508168573e-01
2.974413942970000062e+04	2.744789665473312823e-01
2.974433542970000053e+04	2.816757274128089961e-01
2.974453042970000024e+04	2.613366174831543987e-01
2.974472542969999995e+04	3.010621193847189403e-01
2.974492042969999966e+04	2.930041840326644831e-01
2.974511642969999957e+04	2.454811069605469243e-01
2.974531142969999928e+04	2.435889938168358526e-01
2.974550642969999899e+04	2.414693405780994340e-01
2.974570242969999890e+04	2.488596269737026745e-01
2.974589742969999861e+04	2.342284878143203741e-01
2.974609242969999832e+04	2.637346215901033020e-01
2.974628842970000187e+04	2.487225258845064957e-01
2.974648342970000158e+04	2.710978984809546688e-01
2.974667842970000129e+04	2.576760487754015116e-01
2.974687442970000120e+04	2.290028930382721484e-01
2.974706942970000091e+04	2.605744877618931810e-01
2.974726442970000062e+04	2.226132234055651082e-01
2.974746042970000053e+04	2.588013267021409547e-01
2.974765542970000024e+04	2.962334579440035753e-01
2.974785042969999995e+04	2.564268910556180003e-01
2.974804542969999966e+04	3.082451914811912275e-01
2.974824142969999957e+04	2.720831828841934197e-01
2.974843642969999928e+04	3.135369812467878603e-01
2.974863142969999899e+04	2.123150565314197991e-01
2.974882742969999890e+04	2.416076905785011775e-01
2.974902242969999861e+04	2.142589381564796724e-01
2.974921742969999832e+04	2.619220046066050855e-01
2.974941342970000187e+04	2.408798564038345802e-01
2.974960842970000158e+04	3.171413783627166083e-01
2.974980342970000129e+04	2.493154509120181217e-01
2.974999942970000120e+04	2.811868805232116131e-01
2.975019442970000091e+04	2.771387944290975014e-01
2.975038942970000062e+04	2.761825427206510142e-01
2.975058542970000053e+04	2.437790382224953589e-01
2.975078042970000024e+04	2.249872580444005621e-01
2.975097542969999995e+04	2.668474970366112586e-01
2.975117042969999966e+04	2.329396386387028173e-01
2.975136642969999957e+04	2.300969598123732140e-01
2.975156142969999928e+04	2.594877662253374240e-01
2.975175642969999899e+04	2.691272024836877108e-01
2.975195242969999890e+04	2.305049803476872938e-01
2.975214742969999861e+04	2.305832112638803721e-01
2.975234242969999832e+04	2.313342135251197362e-01
2.975253842970000187e+04	2.482955871723309116e-01
2.975273342970000158e+04	2.168673992099776626e-01
2.975292842970000129e+04	2.497159364500927126e-01
2.975312442970000120e+04	2.592701766592355739e-01
2.975331942970000091e+04	2.675385256419673397e-01
2.975351442970000062e+04	2.386878034761892309e-01
2.975371042970000053e+04	2.668246513382612761e-01
2.975390542970000024e+04	2.368745648290797590e-01
2.975410042969999995e+04	2.541063310150839527e-01
2.975429542969999966e+04	2.182461769810259966e-01
2.975449142969999957e+04	2.035259918088527797e-01
2.975468642969999928e+04	2.399378391761288754e-01
2.975488142969999899e+04	2.634846182733880937e-01
2.975507742969999890e+04	2.223844739735447718e-01
2.975527242969999861e+04	2.446487374393093717e-01
2.975546742969999832e+04	3.127764476771677238e-01
2.975566342970000187e+04	2.236666392745512155e-01
2.975585842970000158e+04	2.445416915408458181e-01
2.975605342970000129e+04	1.960306939159384143e-01
2.975624942970000120e+04	2.035404398640316970e-01
2.975644442970000091e+04	2.005426105066376863e-01
2.975663942970000062e+04	2.130919134676130255e-01
2.975683542970000053e+04	1.833244933909092822e-01
2.975703042970000024e+04	2.338024899011585944e-01
2.975722542969999995e+04	2.556934781100501652e-01
2.975742042969999966e+04	2.611106285421129769e-01
2.975761642969999957e+04	2.319287301991295180e-01
2.975781142969999928e+04	2.539211681208577431e-01
2.975800642969999899e+04	2.244058125962151706e-01
2.975820242969999890e+04	2.441976536601337955e-01
2.975839742969999861e+04	2.294999802421813229e-01
2.975859242969999832e+04	2.363836399491088258e-01
2.975878842970000187e+04	2.214911428642487579e-01
2.975898342970000158e+04	2.677500350575741095e-01
2.975917842970000129e+04	2.281230226798989236e-01
2.975937442970000120e+04	2.810799810656749997e-01
2.975956942970000091e+04	2.694252203730087558e-01
2.975976442970000062e+04	2.362260152223338849e-01
2.975996042970000053e+04	2.289487265914544878e-01
2.976015542970000024e+04	2.165458613734632110e-01
2.976035042969999995e+04	2.332140238177178304e-01
2.976054542969999966e+04	2.157040961975997817e-01
2.976074142969999957e+04	2.423739959805608635e-01
2.976093642969999928e+04	2.830028940503908075e-01
2.976113142969999899e+04	1.851934570633098076e-01
2.976132742969999890e+04	2.388225516407693760e-01
2.976152242969999861e+04	2.831362062221050024e-01
2.976171742969999832e+04	2.640555418890411232e-01
2.976191342970000187e+04	2.187687676155452010e-01
2.976210842970000158e+04	2.265052417385078343e-01
2.976230342970000129e+04	2.252809951529215482e-01
2.976249942970000120e+04	2.714427627747610927e-01
2.976269442970000091e+04	2.107227600988466065e-01
2.976288942970000062e+04	2.514885348784403618e-01
2.976308542970000053e+04	2.775964956454402000e-01
2.976328042970000024e+04	2.591728075275021581e-01
2.976347542969999995e+04	2.639545881574179020e-01
2.976367042969999966e+04	2.471914798321055429e-01
2.976386642969999957e+04	2.263138353435678596e-01
2.976406142969999928e+04	2.435901924485488479e-01
2.976425642969999899e+04	2.117104200270922831e-01
2.976445242969999890e+04	2.844716820267390034e-01
2.976464742969999861e+04	2.266581197056733998e-01
2.976484242969999832e+04	2.130244597078387869e-01
2.976503842970000187e+04	2.463856169686806652e-01
2.976523342970000158e+04	1.965465125526186796e-01
2.976542842970000129e+04	2.369166935625024450e-01
2.976562442970000120e+04	2.489823055178383981e-01
2.976581942970000091e+04	2.700741151361114589e-01
2.976601442970000062e+04	2.620782899985218961e-01
2.976621042970000053e+04	2.382678864074332381e-01
2.976640542970000024e+04	2.449506539959163121e-01
2.976660042969999995e+04	2.383328639456383513e-01
2.976679542969999966e+04	2.078064737447409271e-01
2.976699142969999957e+04	2.333102951589172136e-01
2.976718642969999928e+04	2.082666483792294798e-01
2.976738142969999899e+04	2.269626630635723785e-01
2.976757742969999890e+04	2.446403163741699416e-01
2.976777242969999861e+04	2.387696053517487371e-01
2.976796742969999832e+04	2.122765177404666304e-01
2.976816342970000187e+04	2.184581045016713574e-01
2.976835842970000158e+04	2.383641486011107702e-01
2.976855342970000129e+04	1.809247787503913685e-01
2.976874942970000120e+04	2.161484641048172506e-01
2.976894442970000091e+04	2.606478229022322068e-01
2.976913942970000062e+04	1.759654631955314130e-01
2.976933542970000053e+04	2.231742447825713072e-01
2.976953042970000024e+04	2.288271592461619264e-01
2.976972542969999995e+04	2.263764450733933842e-01
2.976992042969999966e+04	2.425556485356565872e-01
2.977011642969999957e+04	2.208903377819240177e-01
2.977031142969999928e+04	2.798836271153071209e-01
2.977050642969999899e+04	2.193058069584079561e-01
2.977070242969999890e+04	2.702675705339743217e-01
2.977089742969999861e+04	2.444021488767198491e-01
2.977109242969999832e+04	2.315363950288080730e-01
2.977128842970000187e+04	2.776589664883015729e-01
2.977148342970000158e+04	2.253399882661817344e-01
2.977167842970000129e+04	2.462148304996460979e-01
2.977187442970000120e+04	2.822546427732852692e-01
2.977206942970000091e+04	3.016429860576508304e-01
2.977226442970000062e+04	2.628223255439223749e-01
2.977246042970000053e+04	2.469809944634544507e-01
2.977265542970000024e+04	2.504723651955806929e-01
2.977285042969999995e+04	2.314003876483852196e-01
2.977304542969999966e+04	2.379995822639031644e-01
2.977324142969999957e+04	2.302859283434166571e-01
2.977343642969999928e+04	2.764408290314523953e-01
2.977363142969999899e+04	2.411156600112249748e-01
2.977382742969999890e+04	2.686993948827200995e-01
2.977402242969999861e+04	2.261597558010546294e-01
2.977421742969999832e+04	2.389994139624391778e-01
2.977441342970000187e+04	2.474007649767280270e-01
2.977460842970000158e+04	2.417195646147618504e-01
2.977480342970000129e+04	2.581641590919314666e-01
2.977499942970000120e+04	2.362753492847797787e-01
2.977519442970000091e+04	2.506972522538184478e-01
2.977538942970000062e+04	1.979987294902088024e-01
2.977558542970000053e+04	2.578095068198553719e-01
2.977578042970000024e+04	2.087231825874091840e-01
2.977597542969999995e+04	2.504194539450104173e-01
2.977617042969999966e+04	2.916031102161795729e-01
2.977636642969999957e+04	2.385915528654951601e-01
2.977656142969999928e+04	2.515318268721955519e-01
2.977675642969999899e+04	2.134809174045315672e-01
2.977695242969999890e+04	2.239074141047829869e-01
2.977714742969999861e+04	2.409700940716028583e-01
2.977734242969999832e+04	2.097868377118139449e-01
2.977753842970000187e+04	2.618294575031772098e-01
2.977773342970000158e+04	2.675349022281725553e-01
2.977792842970000129e+04	2.605817056344754690e-01
2.977812442970000120e+04	2.483665306231905845e-01
2.977831942970000091e+04	3.075277114385848165e-01
2.977851442970000062e+04	2.470134770806069469e-01
2.977871042970000053e+04	2.960557742148317573e-01
2.977890542970000024e+04	2.931182407599681738e-01
2.977910042969999995e+04	2.616587664128484647e-01
2.977929542969999966e+04	2.822510214989666366e-01
2.977949142969999957e+04	2.760251693099071701e-01
2.977968642969999928e+04	2.862034064348861762e-01
2.977988142969999899e+04	2.715617074395293429e-01
2.978007742969999890e+04	2.747877359229988770e-01
2.978027242969999861e+04	2.464301266441140115e-01
2.978046742969999832e+04	2.407896287440678407e-01
2.978066342970000187e+04	2.731849914594732809e-01
2.978085842970000158e+04	2.577950694677699772e-01
2.978105342970000129e+04	2.885185764875330960e-01
2.978124942970000120e+04	2.516448650023246358e-01
2.978144442970000091e+04	2.558942643508039794e-01
2.978163942970000062e+04	2.428600084121779190e-01
2.978183542970000053e+04	2.727500494836405665e-01
2.978203042970000024e+04	3.042723192693390644e-01
2.978222542969999995e+04	2.609543577366064682e-01
2.978242042969999966e+04	2.868482643341057070e-01
2.978261642969999957e+04	2.601297120204506541e-01
2.978281142969999928e+04	2.870956402448303635e-01
2.978300642969999899e+04	2.645170763290778382e-01
2.978320242969999890e+04	3.020966392186075211e-01
2.978339742969999861e+04	2.806607772406941592e-01
2.978359242969999832e+04	2.792818326813311103e-01
2.978378842970000187e+04	2.738097621771586887e-01
2.978398342970000158e+04	2.729146475629402602e-01
2.978417842970000129e+04	2.612428600974414650e-01
2.978437442970000120e+04	3.291753932637817570e-01
2.978456942970000091e+04	2.383003700300641015e-01
2.978476442970000062e+04	2.905657613108552084e-01
2.978496042970000053e+04	2.282758907474260468e-01
2.978515542970000024e+04	2.673534314942571655e-01
2.978535042969999995e+04	2.587195904707826344e-01
2.978554542969999966e+04	2.735153882998453412e-01
2.978574142969999957e+04	2.508319459250145655e-01
2.978593642969999928e+04	2.416413685810177014e-01
2.978613142969999899e+04	2.401880888988383589e-01
2.978632742969999890e+04	2.595442621664023619e-01
2.978652242969999861e+04	2.199933229379897881e-01
2.978671742969999832e+04	2.283240308122831408e-01
2.978691342970000187e+04	2.758401485053614266e-01
2.978710842970000158e+04	2.677536274710163866e-01
2.978730342970000129e+04	2.144636682683742634e-01
2.978749942970000120e+04	2.682800033517551697e-01
2.978769442970000091e+04	2.400292790517983832e-01
2.978788942970000062e+04	3.034275108518791342e-01
2.978808542970000053e+04	2.812757549859323802e-01
2.978828042970000024e+04	2.271817338715287349e-01
2.978847542969999995e+04	2.176717946134054671e-01
2.978867042969999966e+04	2.545091461970567792e-01
2.978886642969999957e+04	2.351803334298843140e-01
2.978906142969999928e+04	2.047031083639190285e-01
2.978925642969999899e+04	2.657213846239709909e-01
2.978945242969999890e+04	2.241481866149328539e-01
2.978964742969999861e+04	2.222135129398754572e-01
2.978984242969999832e+04	2.188530654138975962e-01
2.979003842970000187e+04	2.228227146398964464e-01
2.979023342970000158e+04	2.184532844608924051e-01
2.979042842970000129e+04	2.601032563239247253e-01
2.979062442970000120e+04	2.537684570185341215e-01
2.979081942970000091e+04	2.690755178852946017e-01
2.979101442970000062e+04	2.692557786829059552e-01
2.979121042970000053e+04	1.555666807375217786e-01
2.979140542970000024e+04	2.616816168455375902e-01
2.979160042969999995e+04	2.151778208104833112e-01
2.979179542969999966e+04	2.335341274354778562e-01
2.979199142969999957e+04	2.477387252168092857e-01
2.979218642969999928e+04	2.358433602622351799e-01
2.979238142969999899e+04	2.429634655382102437e-01
2.979257742969999890e+04	2.052838117647137750e-01
2.979277242969999861e+04	2.336472574363384069e-01
2.979296742969999832e+04	2.300355793664277115e-01
2.979316342970000187e+04	2.105637525060295445e-01
2.979335842970000158e+04	2.148020848119998050e-01
2.979355342970000129e+04	1.947121479371372033e-01
2.979374942970000120e+04	2.358421612585210880e-01
2.979394442970000091e+04	2.532021008570328746e-01
2.979413942970000062e+04	2.494044390709948544e-01
2.979433542970000053e+04	2.502751509031586608e-01
2.979453042970000024e+04	2.185761124632517038e-01
2.979472542969999995e+04	2.278871066948529034e-01
2.979492042969999966e+04	2.354294214809637964e-01
2.979511642969999957e+04	1.932525029213483236e-01
2.979531142969999928e+04	2.332910471227478411e-01
2.979550642969999899e+04	2.167469729960238567e-01
2.979570242969999890e+04	2.208084669909133879e-01
2.979589742969999861e+04	2.151766208146312920e-01
2.979609242969999832e+04	2.423439253748860267e-01
2.979628842970000187e+04	2.216416314572366986e-01
2.979648342970000158e+04	2.857746850571984965e-01
2.979667842970000129e+04	2.282530200483723348e-01
2.979687442970000120e+04	1.998232059470517186e-01
2.979706942970000091e+04	2.523423163932605462e-01
2.979726442970000062e+04	2.391281455463794003e-01
2.979746042970000053e+04	2.532658206987257188e-01
2.979765542970000024e+04	2.245249920224772211e-01
2.979785042969999995e+04	2.078353855977326248e-01
2.979804542969999966e+04	2.241554150283402436e-01
2.979824142969999957e+04	2.623631551897194214e-01
2.979843642969999928e+04	2.071149903598019648e-01
2.979863142969999899e+04	2.341274029949076407e-01
2.979882742969999890e+04	2.115514394073532145e-01
2.979902242969999861e+04	2.287922646148210504e-01
2.979921742969999832e+04	2.686417119332702441e-01
2.979941342970000187e+04	2.883492646225711553e-01
2.979960842970000158e+04	2.536073269419514276e-01
2.979980342970000129e+04	2.510520056594867100e-01
2.979999942970000120e+04	2.155342894419334243e-01
2.980019442970000091e+04	2.446559599211379776e-01
2.980038942970000062e+04	2.318192210181280188e-01
2.980058542970000053e+04	2.370983651593761010e-01
2.980078042970000024e+04	2.581461281476613578e-01
2.980097542969999995e+04	2.294626672529602729e-01
2.980117042969999966e+04	2.184797843302366260e-01
2.980136642969999957e+04	2.457457351169445303e-01
2.980156142969999928e+04	2.643368019090388543e-01
2.980175642969999899e+04	2.438656592220098673e-01
2.980195242969999890e+04	2.214790942228503923e-01
2.980214742969999861e+04	2.160569367752689374e-01
2.980234242969999832e+04	2.124090081645633177e-01
2.980253842970000187e+04	2.781947192497327137e-01
2.980273342970000158e+04	2.025440116308470095e-01
2.980292842970000129e+04	2.849436701546146367e-01
2.980312442970000120e+04	2.955804392559340243e-01
2.980331942970000091e+04	2.761332875298538880e-01
2.980351442970000062e+04	2.438151312032399431e-01
2.980371042970000053e+04	2.246718740665301084e-01
2.980390542970000024e+04	2.718573016708845103e-01
2.980410042969999995e+04	2.499287954045605886e-01
2.980429542969999966e+04	2.564365061582325467e-01
2.980449142969999957e+04	2.437104789813702155e-01
2.980468642969999928e+04	2.649281376032863733e-01
2.980488142969999899e+04	2.276933224366768371e-01
2.980507742969999890e+04	2.335786600298721538e-01
2.980527242969999861e+04	1.858216442113853617e-01
2.980546742969999832e+04	2.718753227009624851e-01
2.980566342970000187e+04	2.564809979059567979e-01
2.980585842970000158e+04	2.990770086444207720e-01
2.980605342970000129e+04	2.315014938440302927e-01
2.980624942970000120e+04	2.328975238701112005e-01
2.980644442970000091e+04	2.397116666615684011e-01
2.980663942970000062e+04	2.394409700370587757e-01
2.980683542970000053e+04	2.392003345713895612e-01
2.980703042970000024e+04	2.302979623999412695e-01
2.980722542969999995e+04	2.191986420421656589e-01
2.980742042969999966e+04	2.306903170237433187e-01
2.980761642969999957e+04	2.166783291738294537e-01
2.980781142969999928e+04	2.442505884373264990e-01
2.980800642969999899e+04	2.423427266833240168e-01
2.980820242969999890e+04	2.538285706651439710e-01
2.980839742969999861e+04	2.979583223879078702e-01
2.980859242969999832e+04	2.566324737416731949e-01
2.980878842970000187e+04	2.034874394717807178e-01
2.980898342970000158e+04	1.980023319509420787e-01
2.980917842970000129e+04	2.466791024685228706e-01
2.980937442970000120e+04	2.969332608925796535e-01
2.980956942970000091e+04	2.333151019970038931e-01
2.980976442970000062e+04	2.532934818145449185e-01
2.980996042970000053e+04	2.409315891240879637e-01
2.981015542970000024e+04	2.408112788651131098e-01
2.981035042969999995e+04	2.488656498586259147e-01
2.981054542969999966e+04	2.488343886939858862e-01
2.981074142969999957e+04	2.256782472284193375e-01
2.981093642969999928e+04	2.465684388173841057e-01
2.981113142969999899e+04	2.330359110376161169e-01
2.981132742969999890e+04	2.227986289769319228e-01
2.981152242969999861e+04	2.105300325852859089e-01
2.981171742969999832e+04	2.315496276927504482e-01
2.981191342970000187e+04	2.620446189222853661e-01
2.981210842970000158e+04	2.842711362022765087e-01
2.981230342970000129e+04	2.839216420421131204e-01
2.981249942970000120e+04	2.065861230006298399e-01
2.981269442970000091e+04	2.760371813220068304e-01
2.981288942970000062e+04	2.315544348697144983e-01
2.981308542970000053e+04	2.579633911241341337e-01
2.981328042970000024e+04	2.602439090238828356e-01
2.981347542969999995e+04	2.605576667030984339e-01
2.981367042969999966e+04	2.732847106063207576e-01
2.981386642969999957e+04	2.286682874726171377e-01
2.981406142969999928e+04	2.441916399812917859e-01
2.981425642969999899e+04	2.415018303692235691e-01
2.981445242969999890e+04	2.334065764662582865e-01
2.981464742969999861e+04	2.511482082280362960e-01
2.981484242969999832e+04	2.267399609925195847e-01
2.981503842970000187e+04	2.282662544518245795e-01
2.981523342970000158e+04	2.385097297362754887e-01
2.981542842970000129e+04	2.425929419650945107e-01
2.981562442970000120e+04	2.278979425219205268e-01
2.981581942970000091e+04	2.383436952414292875e-01
2.981601442970000062e+04	2.313847564699536008e-01
2.981621042970000053e+04	2.437634147918039673e-01
2.981640542970000024e+04	2.292833387396377987e-01
2.981660042969999995e+04	2.325882355475918928e-01
2.981679542969999966e+04	1.945433995998158139e-01
2.981699142969999957e+04	2.160268344722666711e-01
2.981718642969999928e+04	2.006811769116616517e-01
2.981738142969999899e+04	1.869344723076427073e-01
