# time(sec)	crack length FEA(mm)
1.132382789059999959e+04	8.372441156056726896e-01
1.132402389059999950e+04	8.697350987777348053e-01
1.132421889059999921e+04	8.905570113876652982e-01
1.132441389059999892e+04	8.838464690061940132e-01
1.132460889060000045e+04	8.616568566609732471e-01
1.132480489060000036e+04	9.198099596090436592e-01
1.132499989060000007e+04	8.943082401787076918e-01
1.132519489059999978e+04	8.801633102290509214e-01
1.132539089059999969e+04	9.141419722784256408e-01
1.132558589059999940e+04	8.903327144941854954e-01
1.132578089059999911e+04	8.832451657685762569e-01
1.132597689059999902e+04	8.568758896049786244e-01
1.132617189060000055e+04	8.812941737085147054e-01
1.132636689060000026e+04	8.758712621343605065e-01
1.132656289060000017e+04	8.720209306368431612e-01
1.132675789059999988e+04	8.674942752172416505e-01
1.132695289059999959e+04	8.780075050063711473e-01
1.132714889059999950e+04	8.773583799848534426e-01
1.132734389059999921e+04	8.416824543546042037e-01
1.132753889059999892e+04	8.377059493192575701e-01
1.132773389060000045e+04	8.447648603834601033e-01
1.132792989060000036e+04	8.408563863187623610e-01
1.132812489060000007e+04	8.845119393168481281e-01
1.132831989059999978e+04	8.656592592456249236e-01
1.132851589059999969e+04	8.645386839436817183e-01
1.132871089059999940e+04	8.768001279658541591e-01
1.132890589059999911e+04	8.767868315707634252e-01
1.132910189059999902e+04	8.643894029980341287e-01
1.132929689060000055e+04	8.618913993120429495e-01
1.132949189060000026e+04	8.287517179462646766e-01
1.132968789060000017e+04	8.876286475647034990e-01
1.132988289059999988e+04	8.595470105810356642e-01
1.133007789059999959e+04	8.682353490699732390e-01
1.133027389059999950e+04	8.919427078659580843e-01
1.133046889059999921e+04	8.806906226506487911e-01
1.133066389059999892e+04	8.529992960044978645e-01
1.133085889060000045e+04	8.486648852483469341e-01
1.133105489060000036e+04	8.551517886828357007e-01
1.133124989060000007e+04	8.493290460986671064e-01
1.133144489059999978e+04	8.261005025061596285e-01
1.133164089059999969e+04	8.418673242224112840e-01
1.133183589059999940e+04	8.581672424256723275e-01
1.133203089059999911e+04	8.559784413428168648e-01
1.133222689059999902e+04	8.242246521813818561e-01
1.133242189060000055e+04	8.443341651287425975e-01
1.133261689060000026e+04	8.173049539913037620e-01
1.133281289060000017e+04	8.573705393283681531e-01
1.133300789059999988e+04	8.314148409312416277e-01
1.133320289059999959e+04	8.110262892134567636e-01
1.133339889059999950e+04	8.694320401987294389e-01
1.133359389059999921e+04	8.180275779531225311e-01
1.133378889059999892e+04	8.404810177445902752e-01
1.133398389060000045e+04	8.614034948142030856e-01
1.133417989060000036e+04	8.425671099922471541e-01
1.133437489060000007e+04	8.437174856836282544e-01
1.133456989059999978e+04	8.522710253969378869e-01
1.133476589059999969e+04	8.557637651391054590e-01
1.133496089059999940e+04	8.681534520288209933e-01
1.133515589059999911e+04	7.987801832268797142e-01
1.133535189059999902e+04	8.505919852064014464e-01
1.133554689060000055e+04	8.167396641878266195e-01
1.133574189060000026e+04	8.223076391987245159e-01
1.133593789060000017e+04	8.186083272630106933e-01
1.133613289059999988e+04	8.622973769818802481e-01
1.133632789059999959e+04	8.403548155854068114e-01
1.133652389059999950e+04	8.185263282109982441e-01
1.133671889059999921e+04	8.285689554008150992e-01
1.133691389059999892e+04	8.255852908762193465e-01
1.133710889060000045e+04	8.111825574219526658e-01
1.133730489060000036e+04	8.294396844762133014e-01
1.133749989060000007e+04	8.599343047272398621e-01
1.133769489059999978e+04	8.322655620328074377e-01
1.133789089059999969e+04	8.167152615898825019e-01
1.133808589059999940e+04	8.422150035674924595e-01
1.133828089059999911e+04	8.423943720026407789e-01
1.133847689059999902e+04	8.261016350783165763e-01
1.133867189060000055e+04	8.080382379514219338e-01
1.133886689060000026e+04	8.219651750121563794e-01
1.133906289060000017e+04	8.409914886607534612e-01
1.133925789059999988e+04	8.186315855060932734e-01
1.133945289059999959e+04	8.240307380794718028e-01
1.133964889059999950e+04	8.149029356260832913e-01
1.133984389059999921e+04	7.898437307310057776e-01
1.134003889059999892e+04	8.226977018673196085e-01
1.134023389060000045e+04	8.011249734270542433e-01
1.134042989060000036e+04	8.032000444010733986e-01
1.134062489060000007e+04	8.401410751047855285e-01
1.134081989059999978e+04	7.954422699739520652e-01
1.134101589059999969e+04	8.166221354131266708e-01
1.134121089059999940e+04	8.491497292258660678e-01
1.134140589059999911e+04	8.253404394365286834e-01
1.134160189059999902e+04	8.372762600814880329e-01
1.134179689060000055e+04	8.684886390846706661e-01
1.134199189060000026e+04	8.690416685291744159e-01
1.134218789060000017e+04	8.626337858801171876e-01
1.134238289059999988e+04	8.118244854605372041e-01
1.134257789059999959e+04	8.099397548708520134e-01
1.134277389059999950e+04	8.198806430790206434e-01
1.134296889059999921e+04	8.213512555619217892e-01
1.134316389059999892e+04	8.362795330993968435e-01
1.134335889060000045e+04	8.148952134237426037e-01
1.134355489060000036e+04	8.303802086508493829e-01
1.134374989060000007e+04	8.222943032047176359e-01
1.134394489059999978e+04	8.415739400187298713e-01
1.134414089059999969e+04	8.536124013450407944e-01
1.134433589059999940e+04	8.161865770149940857e-01
1.134453089059999911e+04	8.163849719541271810e-01
1.134472689059999902e+04	8.420777014982263609e-01
1.134492189060000055e+04	8.286121219357145407e-01
1.134511689060000026e+04	8.449541858324813859e-01
1.134531289060000017e+04	8.251609537404096528e-01
1.134550789059999988e+04	8.434506584955929753e-01
1.134570289059999959e+04	8.262224107452897925e-01
1.134589889059999950e+04	8.209024456588647212e-01
1.134609389059999921e+04	8.347754650973104873e-01
1.134628889059999892e+04	7.978650700891769532e-01
1.134648389060000045e+04	8.380514816863247063e-01
1.134667989060000036e+04	8.830572613602676313e-01
1.134687489060000007e+04	8.364633693606187137e-01
1.134706989059999978e+04	8.103310934291823031e-01
1.134726589059999969e+04	8.592404022615145465e-01
1.134746089059999940e+04	8.647355699382064387e-01
1.134765589059999911e+04	8.150060567845187620e-01
1.134785189059999902e+04	8.358963207502156934e-01
1.134804689060000055e+04	8.162319746281259114e-01
1.134824189060000026e+04	8.539743136496280584e-01
1.134843789060000017e+04	8.419304784958256960e-01
1.134863289059999988e+04	8.273602325388580425e-01
1.134882789059999959e+04	8.237326633790864605e-01
1.134902389059999950e+04	8.167219073252045547e-01
1.134921889059999921e+04	8.206641913900796226e-01
1.134941389059999892e+04	7.824912528321821270e-01
1.134960889060000045e+04	7.927962613088439525e-01
1.134980489060000036e+04	8.528354741125312444e-01
1.134999989060000007e+04	8.034861692595089977e-01
1.135019489059999978e+04	8.225192626376998106e-01
1.135039089059999969e+04	8.289954499416047895e-01
1.135058589059999940e+04	8.254755715456134624e-01
1.135078089059999911e+04	8.030957963703944102e-01
1.135097689059999902e+04	8.172084787247086979e-01
1.135117189060000055e+04	8.141990529326825765e-01
1.135136689060000026e+04	8.015941385522058482e-01
1.135156289060000017e+04	7.746669105229244678e-01
1.135175789059999988e+04	8.384069307103416691e-01
1.135195289059999959e+04	8.188034178165146670e-01
1.135214889059999950e+04	8.115617338535390246e-01
1.135234389059999921e+04	8.257603572768665856e-01
1.135253889059999892e+04	8.296258471672235402e-01
1.135273389060000045e+04	8.142190302978651317e-01
1.135292989060000036e+04	8.567718635903815994e-01
1.135312489060000007e+04	8.500208569056830754e-01
1.135331989059999978e+04	8.318379929569541531e-01
1.135351589059999969e+04	8.405751267634453683e-01
1.135371089059999940e+04	8.394135480904552082e-01
1.135390589059999911e+04	8.814820918813914830e-01
1.135410189059999902e+04	8.187757232794297124e-01
1.135429689060000055e+04	8.394534040312233714e-01
1.135449189060000026e+04	8.670319475968355505e-01
1.135468789060000017e+04	8.314115486307738223e-01
1.135488289059999988e+04	8.577776387012896464e-01
1.135507789059999959e+04	8.668959839634027276e-01
1.135527389059999950e+04	8.649093642016723038e-01
1.135546889059999921e+04	8.515538374127373800e-01
1.135566389059999892e+04	8.302838426968364161e-01
1.135585889060000045e+04	8.521160972575554382e-01
1.135605489060000036e+04	8.602008925414406093e-01
1.135624989060000007e+04	8.500584894752307719e-01
1.135644489059999978e+04	8.697715795533227379e-01
1.135664089059999969e+04	8.674411640489800845e-01
1.135683589059999940e+04	8.748153697979930143e-01
1.135703089059999911e+04	8.797851727261871702e-01
1.135722689059999902e+04	8.427930123615201552e-01
1.135742189060000055e+04	8.857475062410617994e-01
1.135761689060000026e+04	8.498625674759203719e-01
1.135781289060000017e+04	8.456516187519014238e-01
1.135800789059999988e+04	8.691832253049831536e-01
1.135820289059999959e+04	8.641006258383310268e-01
1.135839889059999950e+04	8.375065879346479392e-01
1.135859389059999921e+04	8.669479561766362252e-01
1.135878889059999892e+04	8.911658202598928824e-01
1.135898389060000045e+04	8.738821530402969273e-01
1.135917989060000036e+04	8.198518169116724152e-01
1.135937489060000007e+04	8.469745442746283715e-01
1.135956989059999978e+04	8.338827505379970972e-01
1.135976589059999969e+04	8.227818951034642225e-01
1.135996089059999940e+04	8.296767768727875136e-01
1.136015589059999911e+04	8.232683444537247652e-01
1.136035189059999902e+04	8.149118480538284359e-01
1.136054689060000055e+04	8.280416056154731308e-01
1.136074189060000026e+04	8.143043386032839948e-01
1.136093789060000017e+04	8.387092475617112797e-01
1.136113289059999988e+04	8.411265807347323431e-01
1.136132789059999959e+04	7.992404851671004451e-01
1.136152389059999950e+04	8.231509045509071143e-01
1.136171889059999921e+04	8.048280482394520874e-01
1.136191389059999892e+04	8.425527104515584398e-01
1.136210889060000045e+04	8.173093716790802432e-01
1.136230489060000036e+04	8.446275728264129867e-01
1.136249989060000007e+04	8.090660463658654322e-01
1.136269489059999978e+04	8.385764059266627157e-01
1.136289089059999969e+04	8.542144447415278563e-01
1.136308589059999940e+04	8.645563581382642582e-01
1.136328089059999911e+04	8.323575527159796650e-01
1.136347689059999902e+04	8.639690168040097262e-01
1.136367189060000055e+04	8.190494589169752260e-01
1.136386689060000026e+04	8.770644397815487991e-01
1.136406289060000017e+04	8.428737972439659387e-01
1.136425789059999988e+04	8.545397966906413956e-01
1.136445289059999959e+04	8.546394024664429878e-01
1.136464889059999950e+04	8.641216262025750439e-01
1.136484389059999921e+04	8.418773014672638055e-01
1.136503889059999892e+04	8.558312461443762231e-01
1.136523389060000045e+04	8.397723252835618268e-01
1.136542989060000036e+04	8.095883152359952817e-01
1.136562489060000007e+04	8.012658049015612960e-01
1.136581989059999978e+04	8.209910716870609804e-01
1.136601589059999969e+04	8.682066566348041192e-01
1.136621089059999940e+04	8.485365104024822358e-01
1.136640589059999911e+04	8.411896798784184170e-01
1.136660189059999902e+04	8.620584667936839196e-01
1.136679689060000055e+04	8.536588694017233081e-01
1.136699189060000026e+04	8.101426391474397803e-01
1.136718789060000017e+04	8.087278803727926402e-01
1.136738289059999988e+04	8.401300127872683987e-01
1.136757789059999959e+04	8.261315292535602595e-01
1.136777389059999950e+04	8.339868753141050917e-01
1.136796889059999921e+04	8.521049928951462960e-01
1.136816389059999892e+04	8.394921850349774672e-01
1.136835889060000045e+04	8.125872403061595861e-01
1.136855489060000036e+04	8.251897164653225758e-01
1.136874989060000007e+04	7.894620022295040229e-01
1.136894489059999978e+04	8.528044816841742204e-01
1.136914089059999969e+04	7.983819592413414767e-01
1.136933589059999940e+04	8.289888170989296867e-01
1.136953089059999911e+04	8.518493629739154471e-01
1.136972689059999902e+04	8.401278060302868056e-01
1.136992189060000055e+04	8.465937079314969083e-01
1.137011689060000026e+04	8.546515893636108530e-01
1.137031289060000017e+04	8.091270768899878618e-01
1.137050789059999988e+04	8.787791195171639202e-01
1.137070289059999959e+04	8.251531777099572196e-01
1.137089889059999950e+04	8.624931409233465018e-01
1.137109389059999921e+04	8.320595712806309052e-01
1.137128889059999892e+04	8.407600621861792689e-01
1.137148389060000045e+04	8.394589591260910311e-01
1.137167989060000036e+04	8.121116414830567010e-01
1.137187489060000007e+04	8.509982007609266930e-01
1.137206989059999978e+04	8.600415104487257878e-01
1.137226589059999969e+04	8.781190938652585487e-01
1.137246089059999940e+04	8.719535804519207289e-01
1.137265589059999911e+04	8.346691364669833746e-01
1.137285189059999902e+04	8.345196514729558146e-01
1.137304689060000055e+04	8.717600782380188207e-01
1.137324189060000026e+04	8.452718931925762291e-01
1.137343789060000017e+04	8.038510437990531443e-01
1.137363289059999988e+04	8.414797778276899010e-01
1.137382789059999959e+04	8.249681226747789253e-01
1.137402389059999950e+04	7.989610083292362219e-01
1.137421889059999921e+04	8.127701238125482064e-01
1.137441389059999892e+04	8.290907457039349282e-01
1.137460889060000045e+04	8.345561760551216679e-01
1.137480489060000036e+04	8.077510335296977928e-01
1.137499989060000007e+04	8.411277221135335935e-01
1.137519489059999978e+04	8.476619914729823790e-01
1.137539089059999969e+04	8.650298506862270642e-01
1.137558589059999940e+04	8.267176417673667288e-01
1.137578089059999911e+04	8.120329153239644882e-01
1.137597689059999902e+04	8.503362917050427683e-01
1.137617189060000055e+04	8.064337393150822209e-01
1.137636689060000026e+04	8.016085625322446617e-01
1.137656289060000017e+04	7.963220263759662743e-01
1.137675789059999988e+04	8.038432609078860480e-01
1.137695289059999959e+04	8.459760021603397462e-01
1.137714889059999950e+04	8.038510437990531443e-01
1.137734389059999921e+04	8.121237927338249563e-01
1.137753889059999892e+04	8.195858586715978333e-01
1.137773389060000045e+04	8.107191400526492231e-01
1.137792989060000036e+04	8.306261318324281717e-01
1.137812489060000007e+04	8.300102343718442910e-01
1.137831989059999978e+04	8.254069300870252590e-01
1.137851589059999969e+04	7.978406484304301216e-01
1.137871089059999940e+04	8.472745476755783045e-01
1.137890589059999911e+04	7.724839240779850513e-01
1.137910189059999902e+04	8.234899538414008902e-01
1.137929689060000055e+04	8.259509073406583468e-01
1.137949189060000026e+04	7.999481477729233347e-01
1.137968789060000017e+04	8.308421737180715638e-01
1.137988289059999988e+04	8.160978667097484873e-01
1.138007789059999959e+04	8.227342443379157544e-01
1.138027389059999950e+04	8.355131118297478565e-01
1.138046889059999921e+04	8.126470620771755193e-01
1.138066389059999892e+04	7.895197270417710911e-01
1.138085889060000045e+04	8.170533253514129512e-01
1.138105489060000036e+04	8.307546590980479095e-01
1.138124989060000007e+04	8.115362499097429350e-01
1.138144489059999978e+04	7.972283456503390653e-01
1.138164089059999969e+04	8.333843268714709041e-01
1.138183589059999940e+04	8.075969052422991012e-01
1.138203089059999911e+04	8.339646974594749906e-01
1.138222689059999902e+04	8.466180803443066338e-01
1.138242189060000055e+04	8.191979639388193846e-01
1.138261689060000026e+04	8.154804655745468978e-01
1.138281289060000017e+04	8.276261527632158277e-01
1.138300789059999988e+04	8.285955062548318040e-01
1.138320289059999959e+04	8.261237630530438025e-01
1.138339889059999950e+04	7.960568954587881052e-01
1.138359389059999921e+04	8.400535941973519272e-01
1.138378889059999892e+04	8.161810165632275016e-01
1.138398389060000045e+04	8.106781605054038664e-01
1.138417989060000036e+04	7.912185249081300498e-01
1.138437489060000007e+04	8.022629010539539252e-01
1.138456989059999978e+04	8.649966884568058845e-01
1.138476589059999969e+04	8.243564972716210804e-01
1.138496089059999940e+04	7.969265860395129408e-01
1.138515589059999911e+04	8.122834630295994174e-01
1.138535189059999902e+04	8.192965828023801578e-01
1.138554689060000055e+04	7.990985080594086298e-01
1.138574189060000026e+04	8.143642132559243407e-01
1.138593789060000017e+04	8.104353197871656533e-01
1.138613289059999988e+04	8.184897222515203907e-01
1.138632789059999959e+04	7.915314307915330971e-01
1.138652389059999950e+04	8.128355634896529125e-01
1.138671889059999921e+04	8.002376648286162464e-01
1.138691389059999892e+04	7.810027518760360721e-01
1.138710889060000045e+04	8.216792688597891470e-01
1.138730489060000036e+04	8.125938776541818953e-01
1.138749989060000007e+04	8.299293493220325502e-01
1.138769489059999978e+04	8.267963200840160454e-01
1.138789089059999969e+04	8.638451041031025568e-01
1.138808589059999940e+04	8.042801849205574172e-01
1.138828089059999911e+04	8.091680590671330719e-01
1.138847689059999902e+04	8.116138444352216652e-01
1.138867189060000055e+04	8.642123741724532238e-01
1.138886689060000026e+04	8.177915136486664238e-01
1.138906289060000017e+04	8.161621738584230457e-01
1.138925789059999988e+04	8.161710286937378100e-01
1.138945289059999959e+04	8.866703898607752876e-01
1.138964889059999950e+04	8.328227625382318422e-01
1.138984389059999921e+04	8.389518041319377062e-01
1.139003889059999892e+04	8.376195916148194698e-01
1.139023389060000045e+04	8.049644286776835855e-01
1.139042989060000036e+04	8.241747865283066687e-01
1.139062489060000007e+04	7.975821756293228759e-01
1.139081989059999978e+04	8.547279141824262183e-01
1.139101589059999969e+04	8.625319133987936482e-01
1.139121089059999940e+04	8.376273065533990092e-01
1.139140589059999911e+04	8.254789217615616792e-01
1.139160189059999902e+04	8.259808588072647950e-01
1.139179689060000055e+04	7.981057693246071949e-01
1.139199189060000026e+04	8.048657417852727036e-01
1.139218789060000017e+04	8.563978167798893537e-01
1.139238289059999988e+04	8.301453974432337901e-01
1.139257789059999959e+04	8.197930887251985155e-01
1.139277389059999950e+04	8.699353623544858749e-01
1.139296889059999921e+04	8.749591721974443459e-01
1.139316389059999892e+04	8.313871608534952884e-01
1.139335889060000045e+04	8.095971724804229552e-01
1.139355489060000036e+04	8.426679065364268695e-01
1.139374989060000007e+04	8.118433315480615420e-01
1.139394489059999978e+04	8.428372852497219014e-01
1.139414089059999969e+04	8.281767797083876559e-01
1.139433589059999940e+04	8.515250490516095283e-01
1.139453089059999911e+04	8.506285425096038466e-01
1.139472689059999902e+04	8.584328042728230912e-01
1.139492189060000055e+04	8.264484090427774987e-01
1.139511689060000026e+04	8.196988986593645166e-01
1.139531289060000017e+04	8.360701802883845346e-01
1.139550789059999988e+04	8.228949201350488352e-01
1.139570289059999959e+04	8.126847529545990767e-01
1.139589889059999950e+04	8.052705174197871685e-01
1.139609389059999921e+04	7.999437173833143788e-01
1.139628889059999892e+04	8.410679042801376681e-01
1.139648389060000045e+04	8.274588180785258373e-01
1.139667989060000036e+04	8.698358007844184669e-01
1.139687489060000007e+04	8.050730981024720734e-01
1.139706989059999978e+04	8.515073748062640391e-01
1.139726589059999969e+04	8.208703269728818697e-01
1.139746089059999940e+04	8.481612613234279507e-01
1.139765589059999911e+04	8.722719960275409079e-01
1.139785189059999902e+04	8.566070027296195377e-01
1.139804689060000055e+04	8.233436930159072631e-01
1.139824189060000026e+04	8.100306972941506700e-01
1.139843789060000017e+04	8.428981734156693051e-01
1.139863289059999988e+04	8.119054311594453566e-01
1.139882789059999959e+04	8.280271974057704654e-01
1.139902389059999950e+04	8.478634845108210527e-01
1.139921889059999921e+04	8.610837951193044404e-01
1.139941389059999892e+04	8.470265689677880516e-01
1.139960889060000045e+04	8.398144444895994098e-01
1.139980489060000036e+04	8.332657944125045901e-01
1.139999989060000007e+04	8.635829278141073928e-01
1.140019489059999978e+04	8.706396917079786135e-01
1.140039089059999969e+04	8.587381872753123702e-01
1.140058589059999940e+04	8.324084766587738216e-01
1.140078089059999911e+04	8.006369443883940562e-01
1.140097689059999902e+04	8.362617905999627510e-01
1.140117189060000055e+04	8.571149462248968121e-01
1.140136689060000026e+04	8.250722763877860189e-01
1.140156289060000017e+04	8.712756034312967302e-01
1.140175789059999988e+04	8.089296890653585592e-01
1.140195289059999959e+04	8.569057456726305588e-01
1.140214889059999950e+04	8.613493248313996986e-01
1.140234389059999921e+04	8.439743240364450116e-01
1.140253889059999892e+04	8.325735125026678674e-01
1.140273389060000045e+04	8.118333418855101513e-01
1.140292989060000036e+04	8.292812694870619339e-01
1.140312489060000007e+04	7.978117959668669101e-01
1.140331989059999978e+04	8.444559337507673291e-01
1.140351589059999969e+04	7.924024182261071303e-01
1.140371089059999940e+04	8.431694291835789556e-01
1.140390589059999911e+04	8.389108153913724664e-01
1.140410189059999902e+04	8.384523436404371921e-01
1.140429689060000055e+04	8.280582216775460580e-01
1.140449189060000026e+04	8.279164137835870463e-01
1.140468789060000017e+04	8.315256560775790007e-01
1.140488289059999988e+04	8.196590005735053808e-01
1.140507789059999959e+04	8.200823586487935302e-01
1.140527389059999950e+04	8.382186858790348083e-01
1.140546889059999921e+04	8.631526446336827973e-01
1.140566389059999892e+04	8.531132443497853046e-01
1.140585889060000045e+04	8.508111285331523277e-01
1.140605489060000036e+04	8.017072627196153434e-01
1.140624989060000007e+04	7.918676261640591463e-01
1.140644489059999978e+04	8.201931782135254423e-01
1.140664089059999969e+04	8.118411222045551767e-01
1.140683589059999940e+04	8.541723982072380039e-01
1.140703089059999911e+04	7.974368918539163076e-01
1.140722689059999902e+04	8.271054157474910795e-01
1.140742189060000055e+04	8.386051526711675308e-01
1.140761689060000026e+04	8.404743785458492766e-01
1.140781289060000017e+04	8.375077199717839704e-01
1.140800789059999988e+04	8.247764322216184496e-01
1.140820289059999959e+04	8.541801648911508948e-01
1.140839889059999950e+04	8.621358230168709724e-01
1.140859389059999921e+04	8.457313099585856975e-01
1.140878889059999892e+04	8.184143680667013143e-01
1.140898389060000045e+04	8.463346817696724145e-01
1.140917989060000036e+04	8.029582717341181564e-01
1.140937489060000007e+04	8.610848405176128040e-01
1.140956989059999978e+04	8.214133307401283446e-01
1.140976589059999969e+04	8.438193425893185662e-01
1.140996089059999940e+04	8.323176184502596442e-01
1.141015589059999911e+04	8.501249025452768393e-01
1.141035189059999902e+04	8.044920329725595565e-01
1.141054689060000055e+04	8.361488281287616786e-01
1.141074189060000026e+04	8.454922260388837429e-01
1.141093789060000017e+04	8.374279920838212377e-01
1.141113289059999988e+04	8.498825153481099903e-01
1.141132789059999959e+04	8.620949591952697943e-01
1.141152389059999950e+04	8.868339628039301203e-01
1.141171889059999921e+04	8.802517187181706504e-01
1.141191389059999892e+04	8.337465332644526939e-01
1.141210889060000045e+04	8.584636944194059538e-01
1.141230489060000036e+04	8.433454998498319810e-01
1.141249989060000007e+04	8.278355312355234474e-01
1.141269489059999978e+04	8.498459664219453202e-01
1.141289089059999969e+04	8.106149244421150257e-01
1.141308589059999940e+04	8.656426310606697427e-01
1.141328089059999911e+04	8.691477886868153035e-01
1.141347689059999902e+04	8.534862108390850466e-01
1.141367189060000055e+04	8.531398252479114319e-01
1.141386689060000026e+04	8.471262152930378875e-01
1.141406289060000017e+04	8.294297020882286375e-01
1.141425789059999988e+04	8.601576494421863117e-01
1.141445289059999959e+04	8.340322965623911955e-01
1.141464889059999950e+04	8.241381891281740479e-01
1.141484389059999921e+04	8.532804107124150050e-01
1.141503889059999892e+04	8.530491021262278650e-01
1.141523389060000045e+04	8.670187408205300983e-01
1.141542989060000036e+04	8.425028826483220712e-01
1.141562489060000007e+04	8.981560515431308289e-01
1.141581989059999978e+04	8.520806830702021273e-01
1.141601589059999969e+04	8.481357589315781098e-01
1.141621089059999940e+04	8.319122300573678075e-01
1.141640589059999911e+04	8.635010149562720727e-01
1.141660189059999902e+04	8.844101593455846455e-01
1.141679689060000055e+04	8.462250662410131241e-01
1.141699189060000026e+04	8.347045762244675871e-01
1.141718789060000017e+04	8.151268879420641156e-01
1.141738289059999988e+04	8.199271761325910290e-01
1.141757789059999959e+04	8.583386128429921769e-01
1.141777389059999950e+04	8.289467265784757899e-01
1.141796889059999921e+04	8.573926861673442090e-01
1.141816389059999892e+04	8.572963044965149493e-01
1.141835889060000045e+04	8.212925310209087115e-01
1.141855489060000036e+04	8.409959115280720710e-01
1.141874989060000007e+04	8.241980489301461432e-01
1.141894489059999978e+04	8.802174379139948712e-01
1.141914089059999969e+04	8.526672303807014686e-01
1.141933589059999940e+04	8.624467659197989633e-01
1.141953089059999911e+04	8.392341574933510628e-01
1.141972689059999902e+04	8.642863976560306583e-01
1.141992189060000055e+04	8.749115864258563136e-01
1.142011689060000026e+04	8.652865000929761408e-01
1.142031289060000017e+04	8.404976252451774599e-01
1.142050789059999988e+04	8.249581384379922611e-01
1.142070289059999959e+04	8.389894539743121271e-01
1.142089889059999950e+04	8.353580760252761195e-01
1.142109389059999921e+04	8.411199512251261723e-01
1.142128889059999892e+04	8.690859407377242718e-01
1.142148389060000045e+04	8.445389764790984799e-01
1.142167989060000036e+04	8.373238916660810105e-01
1.142187489060000007e+04	8.273613650519262563e-01
1.142206989059999978e+04	8.543804627171525112e-01
1.142226589059999969e+04	8.303259308862074306e-01
1.142246089059999940e+04	8.234412193682416614e-01
1.142265589059999911e+04	8.437196921122858129e-01
1.142285189059999902e+04	8.262412456037608877e-01
1.142304689060000055e+04	8.208880331891688087e-01
1.142324189060000026e+04	8.206220863578561620e-01
1.142343789060000017e+04	8.361277938760061090e-01
