# time(sec)	crack length FEA(mm)
2.637343789059999835e+04	1.374595437394560804e+00
2.637363289059999806e+04	1.389085953199405310e+00
2.637382789060000141e+04	1.340975236611152255e+00
2.637402389060000132e+04	1.362773684560742993e+00
2.637421889060000103e+04	1.340398436790085412e+00
2.637441389060000074e+04	1.370134236923858495e+00
2.637460889060000045e+04	1.351447834955411764e+00
2.637480489060000036e+04	1.379680264675787527e+00
2.637499989060000007e+04	1.379411730134268765e+00
2.637519489059999978e+04	1.363555846224368651e+00
2.637539089059999969e+04	1.393386583829489211e+00
2.637558589059999940e+04	1.402392154846639372e+00
2.637578089059999911e+04	1.406262178721222611e+00
2.637597689059999902e+04	1.413357150128931039e+00
2.637617189059999873e+04	1.363099728003556166e+00
2.637636689059999844e+04	1.382801845339809432e+00
2.637656289059999835e+04	1.335543646869890466e+00
2.637675789059999806e+04	1.341424148977797159e+00
2.637695289060000141e+04	1.399817139831833757e+00
2.637714889060000132e+04	1.377153611991317916e+00
2.637734389060000103e+04	1.376966324568035915e+00
2.637753889060000074e+04	1.388710452677297980e+00
2.637773389060000045e+04	1.350635011835091603e+00
2.637792989060000036e+04	1.363911094934213253e+00
2.637812489060000007e+04	1.414975162300716960e+00
2.637831989059999978e+04	1.363554729666756060e+00
2.637851589059999969e+04	1.406117197915630612e+00
2.637871089059999940e+04	1.401781103352568891e+00
2.637890589059999911e+04	1.360690584042894002e+00
2.637910189059999902e+04	1.390781393037489266e+00
2.637929689059999873e+04	1.360981946385496855e+00
2.637949189059999844e+04	1.362163829693219697e+00
2.637968789059999835e+04	1.347538373009857793e+00
2.637988289059999806e+04	1.399995604340739774e+00
2.638007789060000141e+04	1.355232104193609288e+00
2.638027389060000132e+04	1.396840641273644934e+00
2.638046889060000103e+04	1.406478394418771316e+00
2.638066389060000074e+04	1.387301621307056365e+00
2.638085889060000045e+04	1.392594732469946806e+00
2.638105489060000036e+04	1.354834464928433846e+00
2.638124989060000007e+04	1.369710804657342962e+00
2.638144489059999978e+04	1.397408525202903817e+00
2.638164089059999969e+04	1.374557492317581620e+00
2.638183589059999940e+04	1.385832096537416902e+00
2.638203089059999911e+04	1.367995416264273345e+00
2.638222689059999902e+04	1.344559496826967404e+00
2.638242189059999873e+04	1.346133578068274161e+00
2.638261689059999844e+04	1.352236798458232414e+00
2.638281289059999835e+04	1.365327756028078099e+00
2.638300789059999806e+04	1.380182456902428356e+00
2.638320289060000141e+04	1.362858173423205699e+00
2.638339889060000132e+04	1.379416100354058372e+00
2.638359389060000103e+04	1.355340448552919241e+00
2.638378889060000074e+04	1.390658063744128370e+00
2.638398389060000045e+04	1.361494404023931182e+00
2.638417989060000036e+04	1.369574340999752948e+00
2.638437489060000007e+04	1.414148297546562461e+00
2.638456989059999978e+04	1.384989046402322899e+00
2.638476589059999969e+04	1.373878655647029490e+00
2.638496089059999940e+04	1.358990634399205533e+00
2.638515589059999911e+04	1.419561751871125210e+00
2.638535189059999902e+04	1.393844155923968486e+00
2.638554689059999873e+04	1.365649577168358775e+00
2.638574189059999844e+04	1.381385033725200273e+00
2.638593789059999835e+04	1.386153449686615247e+00
2.638613289059999806e+04	1.377720858688313399e+00
2.638632789060000141e+04	1.398345150445063467e+00
2.638652389060000132e+04	1.358116462117259005e+00
2.638671889060000103e+04	1.416465598800273895e+00
2.638691389060000074e+04	1.422254410829260962e+00
2.638710889060000045e+04	1.398911882918840277e+00
2.638730489060000036e+04	1.359993849482501460e+00
2.638749989060000007e+04	1.383243355339828895e+00
2.638769489059999978e+04	1.383706611130055109e+00
2.638789089059999969e+04	1.401131112052153682e+00
2.638808589059999940e+04	1.403603249172139300e+00
2.638828089059999911e+04	1.416110034271870433e+00
2.638847689059999902e+04	1.407869817107251009e+00
2.638867189059999873e+04	1.388157600826565030e+00
2.638886689059999844e+04	1.408298037632585320e+00
2.638906289059999835e+04	1.386689152387781121e+00
2.638925789059999806e+04	1.365715541116783172e+00
2.638945289060000141e+04	1.400487605626175025e+00
2.638964889060000132e+04	1.416742341226751023e+00
2.638984389060000103e+04	1.409970446300237157e+00
2.639003889060000074e+04	1.390474137386522813e+00
2.639023389060000045e+04	1.440816289631721148e+00
2.639042989060000036e+04	1.371283195526665111e+00
2.639062489060000007e+04	1.397077385139906980e+00
2.639081989059999978e+04	1.372464558566173665e+00
2.639101589059999969e+04	1.385871045852749006e+00
2.639121089059999940e+04	1.392302555678261555e+00
2.639140589059999911e+04	1.394396966142465999e+00
2.639160189059999902e+04	1.388081754629602926e+00
2.639179689059999873e+04	1.377426450071236985e+00
2.639199189059999844e+04	1.393397456381674004e+00
2.639218789059999835e+04	1.380378458643775730e+00
2.639238289059999806e+04	1.369630619564405904e+00
2.639257789060000141e+04	1.343055807788733347e+00
2.639277389060000132e+04	1.363568779679544818e+00
2.639296889060000103e+04	1.391364572851996328e+00
2.639316389060000074e+04	1.417765730521193035e+00
2.639335889060000045e+04	1.378606386961713781e+00
2.639355489060000036e+04	1.355481276854712647e+00
2.639374989060000007e+04	1.378392051839252730e+00
2.639394489059999978e+04	1.379079498054874620e+00
2.639414089059999969e+04	1.396510608142865095e+00
2.639433589059999940e+04	1.398985464224614006e+00
2.639453089059999911e+04	1.417004876797111734e+00
2.639472689059999902e+04	1.404420734833500717e+00
2.639492189059999873e+04	1.390325898565961893e+00
2.639511689059999844e+04	1.364934568135740989e+00
2.639531289059999835e+04	1.376438024601116084e+00
2.639550789059999806e+04	1.356729613367935627e+00
2.639570289060000141e+04	1.376404453296844466e+00
2.639589889060000132e+04	1.397581526365069493e+00
2.639609389060000103e+04	1.387766841560956976e+00
2.639628889060000074e+04	1.376268028691868039e+00
2.639648389060000045e+04	1.412119448729303173e+00
2.639667989060000036e+04	1.395143411087225616e+00
2.639687489060000007e+04	1.368933220917735838e+00
2.639706989059999978e+04	1.373201845448974723e+00
2.639726589059999969e+04	1.380370741338744267e+00
2.639746089059999940e+04	1.389848832704592141e+00
2.639765589059999911e+04	1.406613528212620423e+00
2.639785189059999902e+04	1.369002524501460982e+00
2.639804689059999873e+04	1.323539517116994801e+00
2.639824189059999844e+04	1.395856288805475742e+00
2.639843789059999835e+04	1.404939764387405532e+00
2.639863289059999806e+04	1.410576826187764254e+00
2.639882789060000141e+04	1.368896475981330241e+00
2.639902389060000132e+04	1.358327632669736218e+00
2.639921889060000103e+04	1.327663406162837845e+00
2.639941389060000074e+04	1.366558263037580545e+00
2.639960889060000045e+04	1.403282136019949888e+00
2.639980489060000036e+04	1.364684472635646628e+00
2.639999989060000007e+04	1.370525198003560874e+00
2.640019489059999978e+04	1.338273105418201325e+00
2.640039089059999969e+04	1.369971729884367662e+00
2.640058589059999940e+04	1.372307555405692270e+00
2.640078089059999911e+04	1.378008847358847433e+00
2.640097689059999902e+04	1.375619559205210507e+00
2.640117189059999873e+04	1.358138053905079801e+00
2.640136689059999844e+04	1.399792242019925581e+00
2.640156289059999835e+04	1.389941774411829201e+00
2.640175789059999806e+04	1.364259825194999109e+00
2.640195289060000141e+04	1.352856686354089177e+00
2.640214889060000132e+04	1.355927677426134181e+00
2.640234389060000103e+04	1.411933555721240907e+00
2.640253889060000074e+04	1.396383034964923553e+00
2.640273389060000045e+04	1.369581968846201647e+00
2.640292989060000036e+04	1.387665246799512531e+00
2.640312489060000007e+04	1.329971867218961989e+00
2.640331989059999978e+04	1.324288132010112307e+00
2.640351589059999969e+04	1.366391451536374646e+00
2.640371089059999940e+04	1.339230636793388385e+00
2.640390589059999911e+04	1.339076670623530418e+00
2.640410189059999902e+04	1.355695821978237348e+00
2.640429689059999873e+04	1.343749600875776551e+00
2.640449189059999844e+04	1.350972116681576907e+00
2.640468789059999835e+04	1.368736192963462273e+00
2.640488289059999806e+04	1.354835395739845794e+00
2.640507789060000141e+04	1.398027216795565408e+00
2.640527389060000132e+04	1.352248807254834873e+00
2.640546889060000103e+04	1.351887889027755918e+00
2.640566389060000074e+04	1.397519926205600171e+00
2.640585889060000045e+04	1.349835194647116765e+00
2.640605489060000036e+04	1.336805901434981791e+00
2.640624989060000007e+04	1.349933788417720493e+00
2.640644489059999978e+04	1.335883111532943701e+00
2.640664089059999969e+04	1.377953704823742243e+00
2.640683589059999940e+04	1.329861262332418192e+00
2.640703089059999911e+04	1.363124664929177499e+00
2.640722689059999902e+04	1.347958947776144001e+00
2.640742189059999873e+04	1.389650679750328521e+00
2.640761689059999844e+04	1.401472877634441616e+00
2.640781289059999835e+04	1.353744180116621010e+00
2.640800789059999806e+04	1.374324705362962362e+00
2.640820289060000141e+04	1.366410895883030108e+00
2.640839889060000132e+04	1.385235857149089256e+00
2.640859389060000103e+04	1.348486773784165038e+00
2.640878889060000074e+04	1.356232129647345630e+00
2.640898389060000045e+04	1.357665635929086179e+00
2.640917989060000036e+04	1.339741335242894849e+00
2.640937489060000007e+04	1.340529668612312264e+00
2.640956989059999978e+04	1.345222981613554580e+00
2.640976589059999969e+04	1.328234089542966956e+00
2.640996089059999940e+04	1.333107722600207268e+00
2.641015589059999911e+04	1.374840125860819384e+00
2.641035189059999902e+04	1.355116126772255569e+00
2.641054689059999873e+04	1.346242988799362550e+00
2.641074189059999844e+04	1.365217317975975675e+00
2.641093789059999835e+04	1.361072955661535744e+00
2.641113289059999806e+04	1.360027537406045539e+00
2.641132789060000141e+04	1.387869737177425122e+00
2.641152389060000132e+04	1.374691787852590608e+00
2.641171889060000103e+04	1.346099870148570687e+00
2.641191389060000074e+04	1.342064905256897589e+00
2.641210889060000045e+04	1.352098091756532838e+00
2.641230489060000036e+04	1.335308329017818707e+00
2.641249989060000007e+04	1.319363817219942447e+00
2.641269489059999978e+04	1.345504852199477241e+00
2.641289089059999969e+04	1.374470906629497335e+00
2.641308589059999940e+04	1.342317477626282951e+00
2.641328089059999911e+04	1.358390452982064289e+00
2.641347689059999902e+04	1.369320946247876591e+00
2.641367189059999873e+04	1.371406627083956664e+00
2.641386689059999844e+04	1.366636225841123320e+00
2.641406289059999835e+04	1.355876764363157960e+00
2.641425789059999806e+04	1.364519787755147817e+00
2.641445289060000141e+04	1.335000344126571648e+00
2.641464889060000132e+04	1.339354330599942244e+00
2.641484389060000103e+04	1.384249900020726898e+00
2.641503889060000074e+04	1.407487095909141672e+00
2.641523389060000045e+04	1.337927248135382996e+00
2.641542989060000036e+04	1.345192717804252425e+00
2.641562489060000007e+04	1.354462695892360458e+00
2.641581989059999978e+04	1.340059037526351915e+00
2.641601589059999969e+04	1.355097696920452677e+00
2.641621089059999940e+04	1.388016876192221360e+00
2.641640589059999911e+04	1.401909761768916240e+00
2.641660189059999902e+04	1.377070290661539076e+00
2.641679689059999873e+04	1.372152597461466783e+00
2.641699189059999844e+04	1.372539246311069050e+00
2.641718789059999835e+04	1.395656049673178245e+00
2.641738289059999806e+04	1.378060735156756422e+00
2.641757789060000141e+04	1.391690310778123774e+00
2.641777389060000132e+04	1.378415856617966284e+00
2.641796889060000103e+04	1.406854538088470719e+00
2.641816389060000074e+04	1.381453184711130433e+00
2.641835889060000045e+04	1.382121016669188407e+00
2.641855489060000036e+04	1.369633875344998586e+00
2.641874989060000007e+04	1.421070273224501079e+00
2.641894489059999978e+04	1.375859959069014593e+00
2.641914089059999969e+04	1.383853776359742938e+00
2.641933589059999940e+04	1.377290031429257766e+00
2.641953089059999911e+04	1.389751429398627280e+00
2.641972689059999902e+04	1.378083517397232782e+00
2.641992189059999873e+04	1.406356262516176514e+00
2.642011689059999844e+04	1.365228203636952742e+00
2.642031289059999835e+04	1.335110924769448815e+00
2.642050789059999806e+04	1.338008566506520225e+00
2.642070289060000141e+04	1.365958182644176233e+00
2.642089889060000132e+04	1.380879520140879890e+00
2.642109389060000103e+04	1.321596101250419153e+00
2.642128889060000074e+04	1.360106638693373782e+00
2.642148389060000045e+04	1.352548932078008193e+00
2.642167989060000036e+04	1.343611961411159683e+00
2.642187489060000007e+04	1.398854559947984910e+00
2.642206989059999978e+04	1.349733341911855788e+00
2.642226589059999969e+04	1.367034781030875834e+00
2.642246089059999940e+04	1.375321776140479457e+00
2.642265589059999911e+04	1.354446406428039040e+00
2.642285189059999902e+04	1.330470840654552234e+00
2.642304689059999873e+04	1.374371207137198070e+00
2.642324189059999844e+04	1.381670838848522820e+00
2.642343789059999835e+04	1.367707304260079582e+00
2.642363289059999806e+04	1.373043731133233081e+00
2.642382789060000141e+04	1.392344746827498980e+00
2.642402389060000132e+04	1.362658861102286068e+00
2.642421889060000103e+04	1.356585441905252765e+00
2.642441389060000074e+04	1.313601516259822688e+00
2.642460889060000045e+04	1.339625374233520461e+00
2.642480489060000036e+04	1.347088553561480495e+00
2.642499989060000007e+04	1.304886431169363092e+00
2.642519489059999978e+04	1.320691076296567346e+00
2.642539089059999969e+04	1.350363071470157550e+00
2.642558589059999940e+04	1.364619529244917473e+00
2.642578089059999911e+04	1.332161960145153756e+00
2.642597689059999902e+04	1.320073506526512119e+00
2.642617189059999873e+04	1.378156048463969441e+00
2.642636689059999844e+04	1.320399119300830648e+00
2.642656289059999835e+04	1.359451206662862788e+00
2.642675789059999806e+04	1.355596135529811619e+00
2.642695289060000141e+04	1.365402559602131305e+00
2.642714889060000132e+04	1.368930058064719901e+00
2.642734389060000103e+04	1.339256716867163632e+00
2.642753889060000074e+04	1.371706599329041154e+00
2.642773389060000045e+04	1.365948413766266967e+00
2.642792989060000036e+04	1.362475737921730712e+00
2.642812489060000007e+04	1.363739891409984750e+00
2.642831989059999978e+04	1.373846103729155388e+00
2.642851589059999969e+04	1.337439331983034663e+00
2.642871089059999940e+04	1.348066208495952267e+00
2.642890589059999911e+04	1.355808538823623621e+00
2.642910189059999902e+04	1.356956060360827721e+00
2.642929689059999873e+04	1.406226514083826373e+00
2.642949189059999844e+04	1.399424531691531470e+00
2.642968789059999835e+04	1.348117231652059544e+00
2.642988289059999806e+04	1.341608461336509350e+00
2.643007789060000141e+04	1.357079474445804124e+00
2.643027389060000132e+04	1.391255280022356544e+00
2.643046889060000103e+04	1.379482118468555285e+00
2.643066389060000074e+04	1.377389625485578861e+00
2.643085889060000045e+04	1.393164764074468209e+00
2.643105489060000036e+04	1.369237503983210757e+00
2.643124989060000007e+04	1.364526300738535980e+00
2.643144489059999978e+04	1.383393870319222785e+00
2.643164089059999969e+04	1.390363818052851030e+00
2.643183589059999940e+04	1.382355864358553177e+00
2.643203089059999911e+04	1.336051258372064510e+00
2.643222689059999902e+04	1.380936980208787190e+00
2.643242189059999873e+04	1.321944343387526644e+00
2.643261689059999844e+04	1.379607645355108048e+00
2.643281289059999835e+04	1.381386056456335609e+00
2.643300789059999806e+04	1.366408756075339070e+00
2.643320289060000141e+04	1.396656763592886819e+00
2.643339889060000132e+04	1.324003955689057932e+00
2.643359389060000103e+04	1.383367839385311271e+00
2.643378889060000074e+04	1.352992130465969112e+00
2.643398389060000045e+04	1.335889539329020437e+00
2.643417989060000036e+04	1.375524235557499253e+00
2.643437489060000007e+04	1.376378507574374410e+00
2.643456989059999978e+04	1.395356477575591114e+00
2.643476589059999969e+04	1.329466360426611260e+00
2.643496089059999940e+04	1.348456514191568090e+00
2.643515589059999911e+04	1.370074703852111497e+00
2.643535189059999902e+04	1.333699980969150545e+00
2.643554689059999873e+04	1.359715596547035332e+00
2.643574189059999844e+04	1.351849907111086324e+00
2.643593789059999835e+04	1.365857516487707812e+00
2.643613289059999806e+04	1.332664054726953040e+00
2.643632789060000141e+04	1.347969748356977249e+00
2.643652389060000132e+04	1.365678698088125032e+00
2.643671889060000103e+04	1.357995101008217631e+00
2.643691389060000074e+04	1.383239078803708111e+00
2.643710889060000045e+04	1.344640885305308231e+00
2.643730489060000036e+04	1.355726165294708352e+00
2.643749989060000007e+04	1.358356948836469513e+00
2.643769489059999978e+04	1.368335434100238501e+00
2.643789089059999969e+04	1.368719913431259982e+00
2.643808589059999940e+04	1.403388028609175109e+00
2.643828089059999911e+04	1.386202158890228020e+00
2.643847689059999902e+04	1.339138424871237021e+00
2.643867189059999873e+04	1.397709185906755636e+00
2.643886689059999844e+04	1.364267454774408250e+00
2.643906289059999835e+04	1.352877352104284725e+00
2.643925789059999806e+04	1.378363969608205508e+00
2.643945289060000141e+04	1.416213733416100240e+00
2.643964889060000132e+04	1.367589248946147862e+00
2.643984389060000103e+04	1.386534382697089285e+00
2.644003889060000074e+04	1.378808724953181297e+00
2.644023389060000045e+04	1.397438721523860394e+00
2.644042989060000036e+04	1.395469003401546004e+00
2.644062489060000007e+04	1.416881593134892370e+00
2.644081989059999978e+04	1.402479751827037546e+00
2.644101589059999969e+04	1.420571001702109371e+00
2.644121089059999940e+04	1.411522765919471567e+00
2.644140589059999911e+04	1.415963072206247730e+00
2.644160189059999902e+04	1.403836859233585699e+00
2.644179689059999873e+04	1.390721819586715924e+00
2.644199189059999844e+04	1.390311864622610472e+00
2.644218789059999835e+04	1.386272526777993619e+00
2.644238289059999806e+04	1.398586245694895425e+00
2.644257789060000141e+04	1.407123871806632565e+00
2.644277389060000132e+04	1.401457735639263902e+00
2.644296889060000103e+04	1.430649407826294350e+00
2.644316389060000074e+04	1.394293170029021312e+00
2.644335889060000045e+04	1.404613189514712701e+00
2.644355489060000036e+04	1.411866515022294877e+00
2.644374989060000007e+04	1.397926502837233187e+00
2.644394489059999978e+04	1.436152903379319667e+00
2.644414089059999969e+04	1.445122507578355808e+00
2.644433589059999940e+04	1.428078716482517052e+00
2.644453089059999911e+04	1.399293629876334322e+00
2.644472689059999902e+04	1.379570824204909840e+00
2.644492189059999873e+04	1.411474109505501673e+00
2.644511689059999844e+04	1.373745471513618810e+00
2.644531289059999835e+04	1.393251280534473224e+00
2.644550789059999806e+04	1.394492212841624834e+00
2.644570289060000141e+04	1.432161572283920492e+00
2.644589889060000132e+04	1.381394703181410222e+00
2.644609389060000103e+04	1.384362479352525099e+00
2.644628889060000074e+04	1.379620755902159601e+00
2.644648389060000045e+04	1.357089247026539880e+00
2.644667989060000036e+04	1.392646587892723886e+00
2.644687489060000007e+04	1.401987606733591463e+00
2.644706989059999978e+04	1.408066701083205530e+00
2.644726589059999969e+04	1.400447658778599447e+00
2.644746089059999940e+04	1.391821069347056294e+00
2.644765589059999911e+04	1.409295795334870149e+00
2.644785189059999902e+04	1.386574446300937069e+00
2.644804689059999873e+04	1.414055359309880799e+00
2.644824189059999844e+04	1.387589491955223409e+00
2.644843789059999835e+04	1.370815414707598379e+00
2.644863289059999806e+04	1.417177732762359810e+00
2.644882789060000141e+04	1.379879432000606698e+00
2.644902389060000132e+04	1.401297675789106023e+00
2.644921889060000103e+04	1.351118370823584769e+00
2.644941389060000074e+04	1.358444710982794845e+00
2.644960889060000045e+04	1.383821331293974666e+00
2.644980489060000036e+04	1.408495846673030627e+00
2.644999989060000007e+04	1.390821449359693318e+00
2.645019489059999978e+04	1.377513024815632647e+00
2.645039089059999969e+04	1.411899014000134400e+00
2.645058589059999940e+04	1.371649116573550486e+00
2.645078089059999911e+04	1.383919874907384440e+00
2.645097689059999902e+04	1.402059041800960415e+00
2.645117189059999873e+04	1.414194812948572633e+00
2.645136689059999844e+04	1.372073536890304979e+00
2.645156289059999835e+04	1.395034135937029518e+00
2.645175789059999806e+04	1.398246667661627640e+00
2.645195289060000141e+04	1.388658495570375351e+00
2.645214889060000132e+04	1.404238031455140145e+00
2.645234389060000103e+04	1.392867390339766587e+00
2.645253889060000074e+04	1.400583942277416227e+00
2.645273389060000045e+04	1.391354814584424560e+00
2.645292989060000036e+04	1.396000125414985860e+00
2.645312489060000007e+04	1.375282902243819549e+00
2.645331989059999978e+04	1.373619820144909909e+00
2.645351589059999969e+04	1.346399142634201240e+00
2.645371089059999940e+04	1.382688142845935886e+00
2.645390589059999911e+04	1.394294192195326687e+00
2.645410189059999902e+04	1.361911471305990773e+00
2.645429689059999873e+04	1.380482316585387892e+00
2.645449189059999844e+04	1.395520945362928700e+00
2.645468789059999835e+04	1.406555109644479273e+00
2.645488289059999806e+04	1.364255452142263181e+00
2.645507789060000141e+04	1.378043439236915191e+00
2.645527389060000132e+04	1.376734584527806504e+00
2.645546889060000103e+04	1.316027533050416309e+00
2.645566389060000074e+04	1.392766654128710258e+00
2.645585889060000045e+04	1.373836431150536441e+00
2.645605489060000036e+04	1.399166071901206010e+00
2.645624989060000007e+04	1.383373231509718693e+00
2.645644489059999978e+04	1.336765845692443833e+00
2.645664089059999969e+04	1.375744083853263078e+00
2.645683589059999940e+04	1.366685999094144677e+00
2.645703089059999911e+04	1.331591372361550896e+00
2.645722689059999902e+04	1.348050007689558072e+00
2.645742189059999873e+04	1.406347532150377333e+00
2.645761689059999844e+04	1.330074924040481221e+00
2.645781289059999835e+04	1.368365761032420025e+00
2.645800789059999806e+04	1.351833615828930135e+00
2.645820289060000141e+04	1.340243360623365021e+00
2.645839889060000132e+04	1.327339012505067473e+00
2.645859389060000103e+04	1.378156048463969441e+00
2.645878889060000074e+04	1.384033478444219867e+00
2.645898389060000045e+04	1.365986372811843097e+00
2.645917989060000036e+04	1.345556905233664224e+00
2.645937489060000007e+04	1.389784888595322343e+00
2.645956989059999978e+04	1.379902119487375955e+00
2.645976589059999969e+04	1.376692458182288803e+00
2.645996089059999940e+04	1.352173961631411458e+00
2.646015589059999911e+04	1.419319759330683439e+00
2.646035189059999902e+04	1.339343432903755016e+00
2.646054689059999873e+04	1.386525737873325781e+00
2.646074189059999844e+04	1.415422656042004235e+00
2.646093789059999835e+04	1.376587374473041692e+00
2.646113289059999806e+04	1.367837266749699410e+00
2.646132789060000141e+04	1.367045665846271518e+00
2.646152389060000132e+04	1.379723501424114929e+00
2.646171889060000103e+04	1.397492796068739551e+00
2.646191389060000074e+04	1.367334809344772140e+00
2.646210889060000045e+04	1.352458913653089567e+00
2.646230489060000036e+04	1.413485744746054706e+00
2.646249989060000007e+04	1.377323601462027369e+00
2.646269489059999978e+04	1.356997198461444398e+00
2.646289089059999969e+04	1.373526720508834842e+00
2.646308589059999940e+04	1.363102984693114195e+00
2.646328089059999911e+04	1.361282052320113678e+00
2.646347689059999902e+04	1.399412640002637431e+00
2.646367189059999873e+04	1.381269278866724903e+00
2.646386689059999844e+04	1.361862618427696958e+00
2.646406289059999835e+04	1.358590918451305640e+00
2.646425789059999806e+04	1.393236226135890377e+00
2.646445289060000141e+04	1.381395818887638072e+00
2.646464889060000132e+04	1.361599462502367075e+00
2.646484389060000103e+04	1.361219146712763006e+00
2.646503889060000074e+04	1.366057824965857037e+00
2.646523389060000045e+04	1.382796360113635714e+00
2.646542989060000036e+04	1.350168959418496684e+00
2.646562489060000007e+04	1.370472084236180166e+00
2.646581989059999978e+04	1.364407205898617192e+00
2.646601589059999969e+04	1.383441376698870684e+00
2.646621089059999940e+04	1.368672284106274617e+00
2.646640589059999911e+04	1.374581301000528555e+00
2.646660189059999902e+04	1.346698318182731668e+00
2.646679689059999873e+04	1.353527476122105000e+00
2.646699189059999844e+04	1.351395795012281908e+00
2.646718789059999835e+04	1.358818464222437683e+00
2.646738289059999806e+04	1.374349630325450988e+00
2.646757789060000141e+04	1.341082622447453687e+00
2.646777389060000132e+04	1.355287393388071138e+00
2.646796889060000103e+04	1.385876437399636174e+00
2.646816389060000074e+04	1.395954688752274464e+00
2.646835889060000045e+04	1.368467625746864869e+00
2.646855489060000036e+04	1.365021375212261745e+00
2.646874989060000007e+04	1.405046764034548090e+00
2.646894489059999978e+04	1.393786820513017943e+00
2.646914089059999969e+04	1.407072977259435476e+00
2.646933589059999940e+04	1.391428326766494195e+00
2.646953089059999911e+04	1.373104372750116653e+00
2.646972689059999902e+04	1.397733993029287802e+00
2.646992189059999873e+04	1.367584969546115303e+00
2.647011689059999844e+04	1.344340566004227355e+00
2.647031289059999835e+04	1.378008847358847433e+00
2.647050789059999806e+04	1.356571387699679221e+00
2.647070289060000141e+04	1.367352113185983598e+00
2.647089889060000132e+04	1.357442453277608152e+00
2.647109389060000103e+04	1.365664649342219761e+00
2.647128889060000074e+04	1.360158659276617499e+00
2.647148389060000045e+04	1.375151865116093219e+00
2.647167989060000036e+04	1.385261793042317890e+00
2.647187489060000007e+04	1.377448117035198649e+00
2.647206989059999978e+04	1.400430379423358573e+00
2.647226589059999969e+04	1.372127763169670445e+00
2.647246089059999940e+04	1.340027649365861606e+00
2.647265589059999911e+04	1.351336214255603352e+00
2.647285189059999902e+04	1.381184763511624780e+00
2.647304689059999873e+04	1.381578793988609277e+00
