# time(sec)	crack length FEA(mm)
3.989023589060000086e+04	1.547730361986978664e+00
3.989043189059999713e+04	1.574469698539587625e+00
3.989062689059999684e+04	1.595869166152834140e+00
3.989082189059999655e+04	1.555191556608511050e+00
3.989101789060000010e+04	1.566145934456613986e+00
3.989121289059999981e+04	1.504353902158433343e+00
3.989140789059999952e+04	1.587894355739825514e+00
3.989160389060000307e+04	1.577043678830625240e+00
3.989179889060000278e+04	1.535404958680736343e+00
3.989199389060000249e+04	1.533311291249612296e+00
3.989218989059999876e+04	1.597608619651911255e+00
3.989238489059999847e+04	1.551874936464351151e+00
3.989257989059999818e+04	1.578876740019170555e+00
3.989277589060000173e+04	1.569569058804720640e+00
3.989297089060000144e+04	1.568593104056869691e+00
3.989316589060000115e+04	1.589032506150045876e+00
3.989336089060000086e+04	1.587336548479923337e+00
3.989355689059999713e+04	1.591581184529095694e+00
3.989375189059999684e+04	1.589520609979061305e+00
3.989394689059999655e+04	1.618231450968675489e+00
3.989414289060000010e+04	1.551924315017608080e+00
3.989433789059999981e+04	1.583534013734240631e+00
3.989453289059999952e+04	1.575600028095230698e+00
3.989472889060000307e+04	1.574786425057418171e+00
3.989492389060000278e+04	1.611328413892390898e+00
3.989511889060000249e+04	1.603703087615178546e+00
3.989531489059999876e+04	1.609489366246323883e+00
3.989550989059999847e+04	1.604722589394347310e+00
3.989570489059999818e+04	1.584173573484628506e+00
3.989590089060000173e+04	1.586359132242458614e+00
3.989609589060000144e+04	1.606003556063914317e+00
3.989629089060000115e+04	1.658303944347537140e+00
3.989648589060000086e+04	1.608523660198958538e+00
3.989668189059999713e+04	1.566502437479924126e+00
3.989687689059999684e+04	1.620165230294345449e+00
3.989707189059999655e+04	1.618565615363550592e+00
3.989726789060000010e+04	1.600267888592995291e+00
3.989746289059999981e+04	1.589102262228278661e+00
3.989765789059999952e+04	1.593100029849335186e+00
3.989785389060000307e+04	1.622521933850379128e+00
3.989804889060000278e+04	1.558596926242367786e+00
3.989824389060000249e+04	1.574577026439804683e+00
3.989843989059999876e+04	1.614139361831730568e+00
3.989863489059999847e+04	1.590504250207283476e+00
3.989882989059999818e+04	1.598013917524179206e+00
3.989902589060000173e+04	1.556509784983447275e+00
3.989922089060000144e+04	1.644421547860698496e+00
3.989941589060000115e+04	1.602809985079412414e+00
3.989961089060000086e+04	1.659153189206923784e+00
3.989980689059999713e+04	1.613145958820073389e+00
3.990000189059999684e+04	1.609032711739297739e+00
3.990019689059999655e+04	1.607572921803763322e+00
3.990039289060000010e+04	1.594795748397853430e+00
3.990058789059999981e+04	1.623676594718210353e+00
3.990078289059999952e+04	1.655029868802914805e+00
3.990097889060000307e+04	1.645272408548489551e+00
3.990117389060000278e+04	1.630665800613810390e+00
3.990136889060000249e+04	1.620865705567116066e+00
3.990156489059999876e+04	1.587077868046456786e+00
3.990175989059999847e+04	1.586895490608853265e+00
3.990195489059999818e+04	1.575336974852596938e+00
3.990215089060000173e+04	1.603334173601284718e+00
3.990234589060000144e+04	1.606734663224230530e+00
3.990254089060000115e+04	1.591131730882331397e+00
3.990273589060000086e+04	1.594422454107256470e+00
3.990293189059999713e+04	1.538301439233947576e+00
3.990312689059999684e+04	1.630446238625477662e+00
3.990332189059999655e+04	1.563651366350825356e+00
3.990351789060000010e+04	1.605282186561268531e+00
3.990371289059999981e+04	1.599757446204126410e+00
3.990390789059999952e+04	1.594222998982015582e+00
3.990410389060000307e+04	1.609338192509692789e+00
3.990429889060000278e+04	1.590851900565080967e+00
3.990449389060000249e+04	1.619024197721090630e+00
3.990468989059999876e+04	1.628522981138294412e+00
3.990488489059999847e+04	1.592086463911286387e+00
3.990507989059999818e+04	1.577654285150781988e+00
3.990527589060000173e+04	1.579887751667525819e+00
3.990547089060000144e+04	1.612609105720112623e+00
3.990566589060000115e+04	1.612208298804304718e+00
3.990586089060000086e+04	1.614347205193221058e+00
3.990605689059999713e+04	1.596181269670257308e+00
3.990625189059999684e+04	1.583807665260701825e+00
3.990644689059999655e+04	1.615884893293911162e+00
3.990664289060000010e+04	1.575163079617174944e+00
3.990683789059999981e+04	1.597470264066554790e+00
3.990703289059999952e+04	1.583011495295554738e+00
3.990722889060000307e+04	1.610804407049592157e+00
3.990742389060000278e+04	1.586319411737358465e+00
3.990761889060000249e+04	1.567222990323951848e+00
3.990781489059999876e+04	1.560362807556771259e+00
3.990800989059999847e+04	1.572468827108526312e+00
3.990820489059999818e+04	1.591536221130585460e+00
3.990840089060000173e+04	1.557411046367827012e+00
3.990859589060000144e+04	1.587192694132731674e+00
3.990879089060000115e+04	1.621300685209099868e+00
3.990898589060000086e+04	1.563996100087170049e+00
3.990918189059999713e+04	1.554191369344996687e+00
3.990937689059999684e+04	1.585243337902248584e+00
3.990957189059999655e+04	1.604045013882611670e+00
3.990976789060000010e+04	1.607382051236452725e+00
3.990996289059999981e+04	1.600509105994538217e+00
3.991015789059999952e+04	1.589517384860199556e+00
3.991035389060000307e+04	1.595444484870752078e+00
3.991054889060000278e+04	1.577541624289827027e+00
3.991074389060000249e+04	1.595484189677540243e+00
3.991093989059999876e+04	1.608899856723780886e+00
3.991113489059999847e+04	1.593341414320466498e+00
3.991132989059999818e+04	1.597951741608332199e+00
3.991152589060000173e+04	1.608137697914621356e+00
3.991172089060000144e+04	1.619583447860499348e+00
3.991191589060000115e+04	1.603766261015877603e+00
3.991211089060000086e+04	1.583153071400889900e+00
3.991230689059999713e+04	1.573516542213734937e+00
3.991250189059999684e+04	1.566793539105432842e+00
3.991269689059999655e+04	1.587939418384623380e+00
3.991289289060000010e+04	1.605458985871536015e+00
3.991308789059999981e+04	1.586981380516379048e+00
3.991328289059999952e+04	1.613554297559971928e+00
3.991347889060000307e+04	1.594255151448997765e+00
3.991367389060000278e+04	1.583969697879624050e+00
3.991386889060000249e+04	1.626510600604042622e+00
3.991406489059999876e+04	1.563577197650051431e+00
3.991425989059999847e+04	1.634934655649441737e+00
3.991445489059999818e+04	1.575433603240652403e+00
3.991465089060000173e+04	1.589156998025835321e+00
3.991484589060000144e+04	1.612526533069193135e+00
3.991504089060000115e+04	1.584711088603301121e+00
3.991523589060000086e+04	1.581419073021084643e+00
3.991543189059999713e+04	1.579646226510142526e+00
3.991562689059999684e+04	1.633725929108717168e+00
3.991582189059999655e+04	1.606722877297638519e+00
3.991601789060000010e+04	1.597391966596749313e+00
3.991621289059999981e+04	1.603687984910667552e+00
3.991640789059999952e+04	1.579410137837360395e+00
3.991660389060000307e+04	1.602568791735288656e+00
3.991679889060000278e+04	1.629276923100043462e+00
3.991699389060000249e+04	1.612497720023293724e+00
3.991718989059999876e+04	1.616226731003171935e+00
3.991738489059999847e+04	1.632753788453648269e+00
3.991757989059999818e+04	1.641189442935528930e+00
3.991777589060000173e+04	1.627845093020425793e+00
3.991797089060000144e+04	1.621122903110908453e+00
3.991816589060000115e+04	1.641008504453838057e+00
3.991836089060000086e+04	1.614607605059388717e+00
3.991855689059999713e+04	1.588643084593678978e+00
3.991875189059999684e+04	1.543011025401220593e+00
3.991894689059999655e+04	1.551849093441202143e+00
3.991914289060000010e+04	1.581077825392016578e+00
3.991933789059999981e+04	1.555014372129102540e+00
3.991953289059999952e+04	1.558636694425059588e+00
3.991972889060000307e+04	1.655428920272029814e+00
3.991992389060000278e+04	1.577186397863554745e+00
3.992011889060000249e+04	1.565994568897171035e+00
3.992031489059999876e+04	1.569901807344329825e+00
3.992050989059999847e+04	1.631979633469438085e+00
3.992070489059999818e+04	1.608263191608472198e+00
3.992090089060000173e+04	1.595120671657195288e+00
3.992109589060000144e+04	1.554214994861116139e+00
3.992129089060000115e+04	1.599619195609239597e+00
3.992148589060000086e+04	1.613204964030954258e+00
3.992168189059999713e+04	1.593099016397756529e+00
3.992187689059999684e+04	1.601507382122983714e+00
3.992207189059999655e+04	1.582782907043602805e+00
3.992226789060000010e+04	1.555161564539439212e+00
3.992246289059999981e+04	1.579791141907616492e+00
3.992265789059999952e+04	1.613244546225065079e+00
3.992285389060000307e+04	1.591302373190819353e+00
3.992304889060000278e+04	1.583817250839762991e+00
3.992324389060000249e+04	1.559315511072561833e+00
3.992343989059999876e+04	1.623483741210931086e+00
3.992363489059999847e+04	1.582249679282533350e+00
3.992382989059999818e+04	1.613262772421828473e+00
3.992402589060000173e+04	1.618963182774175280e+00
3.992422089060000144e+04	1.567891962765253666e+00
3.992441589060000115e+04	1.604263722478396659e+00
3.992461089060000086e+04	1.585118824923085867e+00
3.992480689059999713e+04	1.594144690493955352e+00
3.992500189059999684e+04	1.593721083031269359e+00
3.992519689059999655e+04	1.635147829323951640e+00
3.992539289060000010e+04	1.678685333420604664e+00
3.992558789059999981e+04	1.603432895053886753e+00
3.992578289059999952e+04	1.622498286114989696e+00
3.992597889060000307e+04	1.600715046003287512e+00
3.992617389060000278e+04	1.612212625420529122e+00
3.992636889060000249e+04	1.601733574678229743e+00
3.992656489059999876e+04	1.595998964143703347e+00
3.992675989059999847e+04	1.580956516268141598e+00
3.992695489059999818e+04	1.587872791989113352e+00
3.992715089060000173e+04	1.643261491659121276e+00
3.992734589060000144e+04	1.635173395318014755e+00
3.992754089060000115e+04	1.593776729170253148e+00
3.992773589060000086e+04	1.591689538588616060e+00
3.992793189059999713e+04	1.575137354813215040e+00
3.992812689059999684e+04	1.595814538391200799e+00
3.992832189059999655e+04	1.569428321700396367e+00
3.992851789060000010e+04	1.625336761101278782e+00
3.992871289059999981e+04	1.613543527672549160e+00
3.992890789059999952e+04	1.606518095861645179e+00
3.992910389060000307e+04	1.612721687575902507e+00
3.992929889060000278e+04	1.607303879477203878e+00
3.992949389060000249e+04	1.598101884644840709e+00
3.992968989059999876e+04	1.628696474605618505e+00
3.992988489059999847e+04	1.642342064898127063e+00
3.993007989059999818e+04	1.627398553565457817e+00
3.993027589060000173e+04	1.621165784425750545e+00
3.993047089060000144e+04	1.598958694492022659e+00
3.993066589060000115e+04	1.576050890515066527e+00
3.993086089060000086e+04	1.640626395953601602e+00
3.993105689059999713e+04	1.638153846167021754e+00
3.993125189059999684e+04	1.568683212359658796e+00
3.993144689059999655e+04	1.601467595580972514e+00
3.993164289060000010e+04	1.596262795425040792e+00
3.993183789059999981e+04	1.605414049508631535e+00
3.993203289059999952e+04	1.598129794561737427e+00
3.993222889060000307e+04	1.642345374569384120e+00
3.993242389060000278e+04	1.629578916111181996e+00
3.993261889060000249e+04	1.602579474655376757e+00
3.993281489059999876e+04	1.637015911414195557e+00
3.993300989059999847e+04	1.666234214057293883e+00
3.993320489059999818e+04	1.628535859807501041e+00
3.993340089060000173e+04	1.627824762508165435e+00
3.993359589060000144e+04	1.644839995812843014e+00
3.993379089060000115e+04	1.667668891424066047e+00
3.993398589060000086e+04	1.627313826004479935e+00
3.993418189059999713e+04	1.641128394745027919e+00
3.993437689059999684e+04	1.618661050573589222e+00
3.993457189059999655e+04	1.623996878870242355e+00
3.993476789060000010e+04	1.644082334687338331e+00
3.993496289059999981e+04	1.650070320781871658e+00
3.993515789059999952e+04	1.647999896220824212e+00
3.993535389060000307e+04	1.621494661213116473e+00
3.993554889060000278e+04	1.621431444355129869e+00
3.993574389060000249e+04	1.623995774767054812e+00
3.993593989059999876e+04	1.626597355080360074e+00
3.993613489059999847e+04	1.641797433621780655e+00
3.993632989059999818e+04	1.658280425220457488e+00
3.993652589060000173e+04	1.624757409378375428e+00
3.993672089060000144e+04	1.625558487856203271e+00
3.993691589060000115e+04	1.633996870363350951e+00
3.993711089060000086e+04	1.636013838574601920e+00
3.993730689059999713e+04	1.640978623724221208e+00
3.993750189059999684e+04	1.623242764068262289e+00
3.993769689059999655e+04	1.645693966372762773e+00
3.993789289060000010e+04	1.626682085276829781e+00
3.993808789059999981e+04	1.651129495100434497e+00
3.993828289059999952e+04	1.641150828135053530e+00
3.993847889060000307e+04	1.607323123197531345e+00
3.993867389060000278e+04	1.623212860276058933e+00
3.993886889060000249e+04	1.645891965353985853e+00
3.993906489059999876e+04	1.649592136994620262e+00
3.993925989059999847e+04	1.674949356707976733e+00
3.993945489059999818e+04	1.642108915747273912e+00
3.993965089060000173e+04	1.651971469422226946e+00
3.993984589060000144e+04	1.655720922692619723e+00
3.994004089060000115e+04	1.617538166336508709e+00
3.994023589060000086e+04	1.601579218761150614e+00
3.994043189059999713e+04	1.629356124208863221e+00
3.994062689059999684e+04	1.622863581108919817e+00
3.994082189059999655e+04	1.590730642778853010e+00
3.994101789060000010e+04	1.635005376556627255e+00
3.994121289059999981e+04	1.657772369453521577e+00
3.994140789059999952e+04	1.658852686525948528e+00
3.994160389060000307e+04	1.605744256067659137e+00
3.994179889060000278e+04	1.589977650838868328e+00
3.994199389060000249e+04	1.595737340760500445e+00
3.994218989059999876e+04	1.597405875931379171e+00
3.994238489059999847e+04	1.580330971417504671e+00
3.994257989059999818e+04	1.607329568459121560e+00
3.994277589060000173e+04	1.594846140822003377e+00
3.994297089060000144e+04	1.589857494199215182e+00
3.994316589060000115e+04	1.629597129391877175e+00
3.994336089060000086e+04	1.635306190888030642e+00
3.994355689059999713e+04	1.560581837931673377e+00
3.994375189059999684e+04	1.623958327235897059e+00
3.994394689059999655e+04	1.601424769712544105e+00
3.994414289060000010e+04	1.569938328233764224e+00
3.994433789059999981e+04	1.627062125353244681e+00
3.994453289059999952e+04	1.605035494008850705e+00
3.994472889060000307e+04	1.601064568778189923e+00
3.994492389060000278e+04	1.599405785169826899e+00
3.994511889060000249e+04	1.599149542664367374e+00
3.994531489059999876e+04	1.658424755109368931e+00
3.994550989059999847e+04	1.601985459950373780e+00
3.994570489059999818e+04	1.623433411332484866e+00
3.994590089060000173e+04	1.593225513236792068e+00
3.994609589060000144e+04	1.634564218011764325e+00
3.994629089060000115e+04	1.640973199218375811e+00
3.994648589060000086e+04	1.635535362604789711e+00
3.994668189059999713e+04	1.604222927727125381e+00
3.994687689059999684e+04	1.638319727068660470e+00
3.994707189059999655e+04	1.560364837333878540e+00
3.994726789060000010e+04	1.624219630606377862e+00
3.994746289059999981e+04	1.617826324210152933e+00
3.994765789059999952e+04	1.604670008478958465e+00
3.994785389060000307e+04	1.622401854631455365e+00
3.994804889060000278e+04	1.536337151080271468e+00
3.994824389060000249e+04	1.586939449324615836e+00
3.994843989059999876e+04	1.615805553822294627e+00
3.994863489059999847e+04	1.612022989989972288e+00
3.994882989059999818e+04	1.643838355508240312e+00
3.994902589060000173e+04	1.590668447238627436e+00
3.994922089060000144e+04	1.597416653357083050e+00
3.994941589060000115e+04	1.610921232516096424e+00
3.994961089060000086e+04	1.621218143691240954e+00
3.994980689059999713e+04	1.586073622312673237e+00
3.995000189059999684e+04	1.591649827253400318e+00
3.995019689059999655e+04	1.594982301154493243e+00
3.995039289060000010e+04	1.614233618752248134e+00
3.995058789059999981e+04	1.613006591778523457e+00
3.995078289059999952e+04	1.584171453630002446e+00
3.995097889060000307e+04	1.614369756729578498e+00
3.995117389060000278e+04	1.619785996685811469e+00
3.995136889060000249e+04	1.640030327125368004e+00
3.995156489059999876e+04	1.596909464090304098e+00
3.995175989059999847e+04	1.624332155757542751e+00
3.995195489059999818e+04	1.549063969350608971e+00
3.995215089060000173e+04	1.627403889275480964e+00
3.995234589060000144e+04	1.614934458416117380e+00
3.995254089060000115e+04	1.593308155007031601e+00
3.995273589060000086e+04	1.591135047915468448e+00
3.995293189059999713e+04	1.594574739007775577e+00
3.995312689059999684e+04	1.629216947166264973e+00
3.995332189059999655e+04	1.583174639559505437e+00
3.995351789060000010e+04	1.614769421521833337e+00
3.995371289059999981e+04	1.621001896395135589e+00
3.995390789059999952e+04	1.599627761459645470e+00
3.995410389060000307e+04	1.606531999694738033e+00
3.995429889060000278e+04	1.607606068485136319e+00
3.995449389060000249e+04	1.617802763688851897e+00
3.995468989059999876e+04	1.548015145813600668e+00
3.995488489059999847e+04	1.582481406739974616e+00
3.995507989059999818e+04	1.623582376412526784e+00
3.995527589060000173e+04	1.568785217854781422e+00
3.995547089060000144e+04	1.575532444074465133e+00
3.995566589060000115e+04	1.566942685761452125e+00
3.995586089060000086e+04	1.577323768709831597e+00
3.995605689059999713e+04	1.546196715448102665e+00
3.995625189059999684e+04	1.558632450028309080e+00
3.995644689059999655e+04	1.578242472867845692e+00
3.995664289060000010e+04	1.568496447063186139e+00
3.995683789059999981e+04	1.591319511063540304e+00
3.995703289059999952e+04	1.540932081259203557e+00
3.995722889060000307e+04	1.591438554430439467e+00
3.995742389060000278e+04	1.581790365362504502e+00
3.995761889060000249e+04	1.598134031707880709e+00
3.995781489059999876e+04	1.620245474994597146e+00
3.995800989059999847e+04	1.579436964122002962e+00
3.995820489059999818e+04	1.629905465170018886e+00
3.995840089060000173e+04	1.604765501225955404e+00
3.995859589060000144e+04	1.617922774843101763e+00
3.995879089060000115e+04	1.577497647683562931e+00
3.995898589060000086e+04	1.571701130325067197e+00
3.995918189059999713e+04	1.606151436787609299e+00
3.995937689059999684e+04	1.585708942293893031e+00
3.995957189059999655e+04	1.611732458120403777e+00
3.995976789060000010e+04	1.602313689501507099e+00
3.995996289059999981e+04	1.627261388595623970e+00
3.996015789059999952e+04	1.581921256473012960e+00
3.996035389060000307e+04	1.584456894912735336e+00
3.996054889060000278e+04	1.615635276772099616e+00
3.996074389060000249e+04	1.606372335305517041e+00
3.996093989059999876e+04	1.573266282599814048e+00
3.996113489059999847e+04	1.616838510284035024e+00
3.996132989059999818e+04	1.617468496197977501e+00
3.996152589060000173e+04	1.565073163867696238e+00
3.996172089060000144e+04	1.607709007041897564e+00
3.996191589060000115e+04	1.613886504692956692e+00
3.996211089060000086e+04	1.588598115472205308e+00
3.996230689059999713e+04	1.597038150835089709e+00
3.996250189059999684e+04	1.622936363374209989e+00
3.996269689059999655e+04	1.624792647480703067e+00
3.996289289060000010e+04	1.619988359681585166e+00
3.996308789059999981e+04	1.652343832431126813e+00
3.996328289059999952e+04	1.601504158678846323e+00
3.996347889060000307e+04	1.589208508531607222e+00
3.996367389060000278e+04	1.589313648581134331e+00
3.996386889060000249e+04	1.613912186341789123e+00
3.996406489059999876e+04	1.591434223916243340e+00
3.996425989059999847e+04	1.560664596551877281e+00
3.996445489059999818e+04	1.557508764725172412e+00
3.996465089060000173e+04	1.576344914457816770e+00
3.996484589060000144e+04	1.581679844755687014e+00
3.996504089060000115e+04	1.577049026200471715e+00
3.996523589060000086e+04	1.547810858775573450e+00
3.996543189059999713e+04	1.605200600589215654e+00
3.996562689059999684e+04	1.559073863118523917e+00
3.996582189059999655e+04	1.609238483589203739e+00
3.996601789060000010e+04	1.611093753832475883e+00
3.996621289059999981e+04	1.600205626647241530e+00
3.996640789059999952e+04	1.572566389630072337e+00
3.996660389060000307e+04	1.629820930801493262e+00
3.996679889060000278e+04	1.625433180300932534e+00
3.996699389060000249e+04	1.540938545065710485e+00
3.996718989059999876e+04	1.570074635488262871e+00
3.996738489059999847e+04	1.584652102644504623e+00
3.996757989059999818e+04	1.553446876366813001e+00
3.996777589060000173e+04	1.549683991678499240e+00
3.996797089060000144e+04	1.555808277211275126e+00
3.996816589060000115e+04	1.578102894880796470e+00
3.996836089060000086e+04	1.586835404346267353e+00
3.996855689059999713e+04	1.554220347513762590e+00
3.996875189059999684e+04	1.585519088905147811e+00
3.996894689059999655e+04	1.607125805245955164e+00
3.996914289060000010e+04	1.571896630304568276e+00
3.996933789059999981e+04	1.565762676044847979e+00
3.996953289059999952e+04	1.618012782798674110e+00
3.996972889060000307e+04	1.604037554731828408e+00
3.996992389060000278e+04	1.564034752010638130e+00
3.997011889060000249e+04	1.584477171524468986e+00
3.997031489059999876e+04	1.556209971912853263e+00
3.997050989059999847e+04	1.601871904700137961e+00
3.997070489059999818e+04	1.584069423875122951e+00
3.997090089060000173e+04	1.598120122812179744e+00
3.997109589060000144e+04	1.550071854874403243e+00
3.997129089060000115e+04	1.574599524664964889e+00
3.997148589060000086e+04	1.600169245698799259e+00
3.997168189059999713e+04	1.617474938623853831e+00
3.997187689059999684e+04	1.570584627760602814e+00
3.997207189059999655e+04	1.570156253452763551e+00
3.997226789060000010e+04	1.583555581537098078e+00
3.997246289059999981e+04	1.545577615226482848e+00
3.997265789059999952e+04	1.590245789551129718e+00
3.997285389060000307e+04	1.583263584958082504e+00
3.997304889060000278e+04	1.573748357286268273e+00
3.997324389060000249e+04	1.547855999627385515e+00
3.997343989059999876e+04	1.566688204276330154e+00
3.997363489059999847e+04	1.611179461647886058e+00
3.997382989059999818e+04	1.590517242270831133e+00
3.997402589060000173e+04	1.574485742432651492e+00
3.997422089060000144e+04	1.613313124516778885e+00
3.997441589060000115e+04	1.590568657599526148e+00
3.997461089060000086e+04	1.536749989585228349e+00
3.997480689059999713e+04	1.582482512832051214e+00
3.997500189059999684e+04	1.588533702582102691e+00
3.997519689059999655e+04	1.555322690706121946e+00
3.997539289060000010e+04	1.589461636305804504e+00
3.997558789059999981e+04	1.563973499290526092e+00
3.997578289059999952e+04	1.583123115591615004e+00
3.997597889060000307e+04	1.598189851430142028e+00
3.997617389060000278e+04	1.584124171604520015e+00
3.997636889060000249e+04	1.610372543547423874e+00
3.997656489059999876e+04	1.557124255830547810e+00
3.997675989059999847e+04	1.588226840423704544e+00
3.997695489059999818e+04	1.568115256715820749e+00
3.997715089060000173e+04	1.589683708259709505e+00
3.997734589060000144e+04	1.603436118228518836e+00
3.997754089060000115e+04	1.593516186157724945e+00
3.997773589060000086e+04	1.581503877160262306e+00
3.997793189059999713e+04	1.580525107839267918e+00
3.997812689059999684e+04	1.588355667736465193e+00
3.997832189059999655e+04	1.591836497575993548e+00
3.997851789060000010e+04	1.619038094013715678e+00
3.997871289059999981e+04	1.631724764585753107e+00
3.997890789059999952e+04	1.612165400820813943e+00
3.997910389060000307e+04	1.625020819789195770e+00
3.997929889060000278e+04	1.592319198286844539e+00
3.997949389060000249e+04	1.632716263185574945e+00
3.997968989059999876e+04	1.592422112937425638e+00
3.997988489059999847e+04	1.596438650563996475e+00
3.998007989059999818e+04	1.613660339259762821e+00
3.998027589060000173e+04	1.604998107747896086e+00
3.998047089060000144e+04	1.569463828848826736e+00
3.998066589060000115e+04	1.592781527468503100e+00
3.998086089060000086e+04	1.577937594364176022e+00
3.998105689059999713e+04	1.610578303440844294e+00
3.998125189059999684e+04	1.600018010862749307e+00
3.998144689059999655e+04	1.596322857152788544e+00
3.998164289060000010e+04	1.622165190921062816e+00
3.998183789059999981e+04	1.604796533981469153e+00
3.998203289059999952e+04	1.605997110431729880e+00
3.998222889060000307e+04	1.574596389667689778e+00
3.998242389060000278e+04	1.551132491831230809e+00
3.998261889060000249e+04	1.583865639519473234e+00
3.998281489059999876e+04	1.547320857933936367e+00
3.998300989059999847e+04	1.530974569305886490e+00
3.998320489059999818e+04	1.613930412010695647e+00
3.998340089060000173e+04	1.601678868701670311e+00
3.998359589060000144e+04	1.585795850387430761e+00
3.998379089060000115e+04	1.612712021943462304e+00
3.998398589060000086e+04	1.602193504980540695e+00
3.998418189059999713e+04	1.551413911055261607e+00
3.998437689059999684e+04	1.587091875753694481e+00
3.998457189059999655e+04	1.599847617198395966e+00
3.998476789060000010e+04	1.587113255922041333e+00
3.998496289059999981e+04	1.590496786678105678e+00
3.998515789059999952e+04	1.535796293795684164e+00
3.998535389060000307e+04	1.590443159767893633e+00
3.998554889060000278e+04	1.626559911778063139e+00
3.998574389060000249e+04	1.619901580315310952e+00
3.998593989059999876e+04	1.626783742701690016e+00
3.998613489059999847e+04	1.627075096835604029e+00
3.998632989059999818e+04	1.604764396201247223e+00
3.998652589060000173e+04	1.609846305417608647e+00
3.998672089060000144e+04	1.623149648132184097e+00
3.998691589060000115e+04	1.603468257859502089e+00
3.998711089060000086e+04	1.652826278005512961e+00
3.998730689059999713e+04	1.638433194801764969e+00
3.998750189059999684e+04	1.625060381693433698e+00
3.998769689059999655e+04	1.657449339369803099e+00
3.998789289060000010e+04	1.600315045457833207e+00
3.998808789059999981e+04	1.600111312373876160e+00
3.998828289059999952e+04	1.651203382751402771e+00
3.998847889060000307e+04	1.586292593445850940e+00
3.998867389060000278e+04	1.604734284257656185e+00
3.998886889060000249e+04	1.643170479149409502e+00
3.998906489059999876e+04	1.595290086875332136e+00
3.998925989059999847e+04	1.594290528323661249e+00
3.998945489059999818e+04	1.605089179100239960e+00
3.998965089060000173e+04	1.634041842992195015e+00
3.998984589060000144e+04	1.580869589961555022e+00
3.999004089060000115e+04	1.579603360140090729e+00
