# time(sec)	crack length FEA(mm)
2.581601589059999969e+04	1.327963939229878321e+00
2.581621089059999940e+04	1.310138513715024544e+00
2.581640589059999911e+04	1.324417217197799701e+00
2.581660189059999902e+04	1.266259036002971072e+00
2.581679689059999873e+04	1.353542649190455194e+00
2.581699189059999844e+04	1.327766566319530384e+00
2.581718789059999835e+04	1.325765905213824425e+00
2.581738289059999806e+04	1.339842206883144371e+00
2.581757789060000141e+04	1.328917512140684209e+00
2.581777389060000132e+04	1.357574706473487325e+00
2.581796889060000103e+04	1.303128323910954123e+00
2.581816389060000074e+04	1.335365807903624358e+00
2.581835889060000045e+04	1.310808381965951952e+00
2.581855489060000036e+04	1.318990459636976809e+00
2.581874989060000007e+04	1.291544399616437744e+00
2.581894489059999978e+04	1.288158420895060274e+00
2.581914089059999969e+04	1.287491173597919314e+00
2.581933589059999940e+04	1.319733906138772284e+00
2.581953089059999911e+04	1.322764686724649863e+00
2.581972689059999902e+04	1.313974866352435100e+00
2.581992189059999873e+04	1.302584176707375363e+00
2.582011689059999844e+04	1.350549361667125581e+00
2.582031289059999835e+04	1.327545148839543998e+00
2.582050789059999806e+04	1.325317904467034680e+00
2.582070289060000141e+04	1.336582613085731452e+00
2.582089889060000132e+04	1.267689358975609082e+00
2.582109389060000103e+04	1.316227242387991936e+00
2.582128889060000074e+04	1.323387591606390856e+00
2.582148389060000045e+04	1.330762672296934568e+00
2.582167989060000036e+04	1.342560454891390975e+00
2.582187489060000007e+04	1.336110878014252989e+00
2.582206989059999978e+04	1.322888374226423025e+00
2.582226589059999969e+04	1.305227459070376739e+00
2.582246089059999940e+04	1.301706779254804047e+00
2.582265589059999911e+04	1.299487717677754617e+00
2.582285189059999902e+04	1.299025033019699293e+00
2.582304689059999873e+04	1.306811737359620196e+00
2.582324189059999844e+04	1.325922102338799036e+00
2.582343789059999835e+04	1.303266201141955349e+00
2.582363289059999806e+04	1.291230333187275647e+00
2.582382789060000141e+04	1.349461297973819640e+00
2.582402389060000132e+04	1.297089384050844174e+00
2.582421889060000103e+04	1.323242189582654049e+00
2.582441389060000074e+04	1.299519346725686475e+00
2.582460889060000045e+04	1.336992485770721828e+00
2.582480489060000036e+04	1.351741546598452359e+00
2.582499989060000007e+04	1.305771451750196377e+00
2.582519489059999978e+04	1.337961992445318771e+00
2.582539089059999969e+04	1.297495654957657507e+00
2.582558589059999940e+04	1.289422292925110014e+00
2.582578089059999911e+04	1.298002970522382782e+00
2.582597689059999902e+04	1.302676532427145872e+00
2.582617189059999873e+04	1.322904778849860463e+00
2.582636689059999844e+04	1.284365556763711780e+00
2.582656289059999835e+04	1.315239494373308560e+00
2.582675789059999806e+04	1.296259464777582693e+00
2.582695289060000141e+04	1.282037387882294155e+00
2.582714889060000132e+04	1.279800406942641189e+00
2.582734389060000103e+04	1.273664121103228908e+00
2.582753889060000074e+04	1.314134498745209712e+00
2.582773389060000045e+04	1.274277308022691457e+00
2.582792989060000036e+04	1.305982161577803780e+00
2.582812489060000007e+04	1.295731488731446390e+00
2.582831989059999978e+04	1.305940933863031006e+00
2.582851589059999969e+04	1.343073222712236614e+00
2.582871089059999940e+04	1.305881237496146596e+00
2.582890589059999911e+04	1.321865113162886018e+00
2.582910189059999902e+04	1.314104101539159686e+00
2.582929689059999873e+04	1.297696641687709374e+00
2.582949189059999844e+04	1.300562055149384832e+00
2.582968789059999835e+04	1.318761501336307873e+00
2.582988289059999806e+04	1.241131672932366925e+00
2.583007789060000141e+04	1.284276583420336237e+00
2.583027389060000132e+04	1.293751052924061895e+00
2.583046889060000103e+04	1.267813430187263890e+00
2.583066389060000074e+04	1.304302213493130580e+00
2.583085889060000045e+04	1.302082464239649795e+00
2.583105489060000036e+04	1.249414321638004921e+00
2.583124989060000007e+04	1.306708578306160717e+00
2.583144489059999978e+04	1.248904928646851431e+00
2.583164089059999969e+04	1.295970469814964332e+00
2.583183589059999940e+04	1.274196889445502023e+00
2.583203089059999911e+04	1.262297328496460480e+00
2.583222689059999902e+04	1.258413277269479380e+00
2.583242189059999873e+04	1.255100860437501353e+00
2.583261689059999844e+04	1.263807318726277273e+00
2.583281289059999835e+04	1.243713223217529418e+00
2.583300789059999806e+04	1.266439641379939474e+00
2.583320289060000141e+04	1.321835937730394761e+00
2.583339889060000132e+04	1.281663529851229555e+00
2.583359389060000103e+04	1.294123692201749165e+00
2.583378889060000074e+04	1.276168139473622176e+00
2.583398389060000045e+04	1.262093889646937583e+00
2.583417989060000036e+04	1.278377357082380428e+00
2.583437489060000007e+04	1.261395437149070986e+00
2.583456989059999978e+04	1.252485780283748795e+00
2.583476589059999969e+04	1.296644008261335301e+00
2.583496089059999940e+04	1.262230886327822432e+00
2.583515589059999911e+04	1.304107813074384836e+00
2.583535189059999902e+04	1.296004156527390094e+00
2.583554689059999873e+04	1.256201062973374860e+00
2.583574189059999844e+04	1.312025249501779456e+00
2.583593789059999835e+04	1.317086849545109573e+00
2.583613289059999806e+04	1.271705645418965247e+00
2.583632789060000141e+04	1.299076069665325406e+00
2.583652389060000132e+04	1.271402243176682489e+00
2.583671889060000103e+04	1.299361854171266373e+00
2.583691389060000074e+04	1.284941681355007859e+00
2.583710889060000045e+04	1.266410303611642973e+00
2.583730489060000036e+04	1.264081384789486506e+00
2.583749989060000007e+04	1.311527002607949299e+00
2.583769489059999978e+04	1.303842981891342845e+00
2.583789089059999969e+04	1.310401222225197060e+00
2.583808589059999940e+04	1.277306394346043206e+00
2.583828089059999911e+04	1.326341946853180076e+00
2.583847689059999902e+04	1.278276127602723022e+00
2.583867189059999873e+04	1.282273333684965877e+00
2.583886689059999844e+04	1.292071256457989037e+00
2.583906289059999835e+04	1.312681076613177567e+00
2.583925789059999806e+04	1.319989981880130614e+00
2.583945289060000141e+04	1.285231838904765667e+00
2.583964889060000132e+04	1.264161837944410394e+00
2.583984389060000103e+04	1.279104627655293314e+00
2.584003889060000074e+04	1.263793115420210000e+00
2.584023389060000045e+04	1.268389773496245709e+00
2.584042989060000036e+04	1.282084166403327785e+00
2.584062489060000007e+04	1.283497282044606891e+00
2.584081989059999978e+04	1.265206115501889883e+00
2.584101589059999969e+04	1.301360195897533600e+00
2.584121089059999940e+04	1.272106937448828745e+00
2.584140589059999911e+04	1.277265116292108260e+00
2.584160189059999902e+04	1.286916325050018628e+00
2.584179689059999873e+04	1.268823726682029474e+00
2.584199189059999844e+04	1.294416909336904453e+00
2.584218789059999835e+04	1.273106307938647319e+00
2.584238289059999806e+04	1.288406253448188821e+00
2.584257789060000141e+04	1.269860137065961680e+00
2.584277389060000132e+04	1.327441055808513681e+00
2.584296889060000103e+04	1.301919577969016473e+00
2.584316389060000074e+04	1.300193809707423043e+00
2.584335889060000045e+04	1.279747087314909493e+00
2.584355489060000036e+04	1.354878771510490409e+00
2.584374989060000007e+04	1.343114385207247352e+00
2.584394489059999978e+04	1.283676541387537284e+00
2.584414089059999969e+04	1.315377393728347499e+00
2.584433589059999940e+04	1.317479815647256913e+00
2.584453089059999911e+04	1.296903601880792678e+00
2.584472689059999902e+04	1.284753655856775367e+00
2.584492189059999873e+04	1.319794685927011102e+00
2.584511689059999844e+04	1.320837519513254676e+00
2.584531289059999835e+04	1.331844150798765725e+00
2.584550789059999806e+04	1.314129090656216192e+00
2.584570289060000141e+04	1.300658617161346342e+00
2.584589889060000132e+04	1.316913252459459116e+00
2.584609389060000103e+04	1.308129913464409100e+00
2.584628889060000074e+04	1.343716075776214325e+00
2.584648389060000045e+04	1.322992580673467700e+00
2.584667989060000036e+04	1.267429349186636856e+00
2.584687489060000007e+04	1.285358991760361391e+00
2.584706989059999978e+04	1.272576690768218555e+00
2.584726589059999969e+04	1.291931166889984439e+00
2.584746089059999940e+04	1.302043375369365208e+00
2.584765589059999911e+04	1.308996345663601346e+00
2.584785189059999902e+04	1.318308985158903823e+00
2.584804689059999873e+04	1.284139528335405345e+00
2.584824189059999844e+04	1.299230391864337975e+00
2.584843789059999835e+04	1.285502387988220363e+00
2.584863289059999806e+04	1.348378490815511199e+00
2.584882789060000141e+04	1.311699707014923888e+00
2.584902389060000132e+04	1.315396880454891004e+00
2.584921889060000103e+04	1.349110019589929266e+00
2.584941389060000074e+04	1.324878469583410379e+00
2.584960889060000045e+04	1.308517526913480111e+00
2.584980489060000036e+04	1.289546156194807836e+00
2.584999989060000007e+04	1.327076493582463712e+00
2.585019489059999978e+04	1.305297977350965866e+00
2.585039089059999969e+04	1.322621517859978724e+00
2.585058589059999940e+04	1.324184024521713354e+00
2.585078089059999911e+04	1.321101226857868127e+00
2.585097689059999902e+04	1.328136429492321469e+00
2.585117189059999873e+04	1.259862581813651516e+00
2.585136689059999844e+04	1.314443876658000221e+00
2.585156289059999835e+04	1.326446137957022486e+00
2.585175789059999806e+04	1.343275961270220975e+00
2.585195289060000141e+04	1.380897929692576298e+00
2.585214889060000132e+04	1.342378292026790376e+00
2.585234389060000103e+04	1.365826162892101792e+00
2.585253889060000074e+04	1.352157670574706927e+00
2.585273389060000045e+04	1.322394738827037841e+00
2.585292989060000036e+04	1.352276920847593544e+00
2.585312489060000007e+04	1.317106428083203440e+00
2.585331989059999978e+04	1.343219526184080692e+00
2.585351589059999969e+04	1.304384861168257359e+00
2.585371089059999940e+04	1.304914694884402593e+00
2.585390589059999911e+04	1.319465895225189200e+00
2.585410189059999902e+04	1.316960987124462079e+00
2.585429689059999873e+04	1.304420681289242268e+00
2.585449189059999844e+04	1.330775717049263562e+00
2.585468789059999835e+04	1.271177211092432202e+00
2.585488289059999806e+04	1.325434961448120674e+00
2.585507789060000141e+04	1.317873707448708132e+00
2.585527389060000132e+04	1.348476066548176533e+00
2.585546889060000103e+04	1.311485784629686790e+00
2.585566389060000074e+04	1.325037934604317513e+00
2.585585889060000045e+04	1.311302261169142724e+00
2.585605489060000036e+04	1.297199117078379871e+00
2.585624989060000007e+04	1.334599007469796206e+00
2.585644489059999978e+04	1.310942950157951259e+00
2.585664089059999969e+04	1.272595185536980367e+00
2.585683589059999940e+04	1.339605814488628255e+00
2.585703089059999911e+04	1.301258132421256875e+00
2.585722689059999902e+04	1.327781662889758962e+00
2.585742189059999873e+04	1.321178315719620855e+00
2.585761689059999844e+04	1.323923613972997515e+00
2.585781289059999835e+04	1.282940729094438126e+00
2.585800789059999806e+04	1.290317696725185925e+00
2.585820289060000141e+04	1.309656454137098081e+00
2.585839889060000132e+04	1.297846587492120563e+00
2.585859389060000103e+04	1.322399026490415963e+00
2.585878889060000074e+04	1.295804275105698622e+00
2.585898389060000045e+04	1.309122250803300247e+00
2.585917989060000036e+04	1.267099824927813145e+00
2.585937489060000007e+04	1.299042387357712158e+00
2.585956989059999978e+04	1.266062171760378163e+00
2.585976589059999969e+04	1.292649338753006916e+00
2.585996089059999940e+04	1.338149592199380677e+00
2.586015589059999911e+04	1.309923551245358198e+00
2.586035189059999902e+04	1.329449028571918490e+00
2.586054689059999873e+04	1.315434921482086850e+00
2.586074189059999844e+04	1.338159279534188784e+00
2.586093789059999835e+04	1.316813307690104295e+00
2.586113289059999806e+04	1.304810501416604041e+00
2.586132789060000141e+04	1.334758499554522970e+00
2.586152389060000132e+04	1.326322562410693351e+00
2.586171889060000103e+04	1.294237731891559662e+00
2.586191389060000074e+04	1.276955248406682841e+00
2.586210889060000045e+04	1.290762072413924599e+00
2.586230489060000036e+04	1.325086771132600205e+00
2.586249989060000007e+04	1.296790601560038780e+00
2.586269489059999978e+04	1.330562993503647817e+00
2.586289089059999969e+04	1.322415431456088086e+00
2.586308589059999940e+04	1.304967957436453219e+00
2.586328089059999911e+04	1.317336521297169938e+00
2.586347689059999902e+04	1.302771033408891554e+00
2.586367189059999873e+04	1.305028775474244895e+00
2.586386689059999844e+04	1.333069803393629016e+00
2.586406289059999835e+04	1.326388637199350740e+00
2.586425789059999806e+04	1.341479377643681303e+00
2.586445289060000141e+04	1.322930690674876786e+00
2.586464889060000132e+04	1.313864186012791535e+00
2.586484389060000103e+04	1.318763645500141024e+00
2.586503889060000074e+04	1.335183589103309032e+00
2.586523389060000045e+04	1.336500171918451940e+00
2.586542989060000036e+04	1.353956600212715244e+00
2.586562489060000007e+04	1.334712943806927399e+00
2.586581989059999978e+04	1.327280488839351236e+00
2.586601589059999969e+04	1.358895336036232138e+00
2.586621089059999940e+04	1.347179616858859674e+00
2.586640589059999911e+04	1.294338706015775387e+00
2.586660189059999902e+04	1.326325731022580001e+00
2.586679689059999873e+04	1.296181267589272323e+00
2.586699189059999844e+04	1.310175444162428704e+00
2.586718789059999835e+04	1.349799350727726832e+00
2.586738289059999806e+04	1.375513447686058655e+00
2.586757789060000141e+04	1.364772211056342499e+00
2.586777389060000132e+04	1.350191768831729533e+00
2.586796889060000103e+04	1.377471922775017177e+00
2.586816389060000074e+04	1.349649829786534028e+00
2.586835889060000045e+04	1.388419435621839781e+00
2.586855489060000036e+04	1.398105074705512152e+00
2.586874989060000007e+04	1.366598267849896686e+00
2.586894489059999978e+04	1.339318470640396441e+00
2.586914089059999969e+04	1.341003456874263478e+00
2.586933589059999940e+04	1.347169840141443586e+00
2.586953089059999911e+04	1.398392719338872325e+00
2.586972689059999902e+04	1.330440557788874045e+00
2.586992189059999873e+04	1.365365716080619407e+00
2.587011689059999844e+04	1.377553010894398966e+00
2.587031289059999835e+04	1.325633472349617037e+00
2.587050789059999806e+04	1.384911144766665103e+00
2.587070289060000141e+04	1.352772254473485702e+00
2.587089889060000132e+04	1.337937028710411980e+00
2.587109389060000103e+04	1.392951677592140669e+00
2.587128889060000074e+04	1.336368917529471290e+00
2.587148389060000045e+04	1.364050848186801446e+00
2.587167989060000036e+04	1.373710780270556597e+00
2.587187489060000007e+04	1.331794210269379164e+00
2.587206989059999978e+04	1.322662716281676865e+00
2.587226589059999969e+04	1.344740525277092758e+00
2.587246089059999940e+04	1.344047785900325920e+00
2.587265589059999911e+04	1.363441026603842587e+00
2.587285189059999902e+04	1.348480349443155646e+00
2.587304689059999873e+04	1.407935754850216270e+00
2.587324189059999844e+04	1.396066189607363839e+00
2.587343789059999835e+04	1.387749552822128862e+00
2.587363289059999806e+04	1.413198193203861308e+00
2.587382789060000141e+04	1.396556043724030971e+00
2.587402389060000132e+04	1.388611929263666056e+00
2.587421889060000103e+04	1.435065480449786435e+00
2.587441389060000074e+04	1.351793585773201301e+00
2.587460889060000045e+04	1.369641503172031705e+00
2.587480489060000036e+04	1.365022305618627030e+00
2.587499989060000007e+04	1.386129652786864952e+00
2.587519489059999978e+04	1.346124918303479134e+00
2.587539089059999969e+04	1.346452217940301566e+00
2.587558589059999940e+04	1.378720109311233344e+00
2.587578089059999911e+04	1.382727097401216909e+00
2.587597689059999902e+04	1.356727379601236905e+00
2.587617189059999873e+04	1.366551750619798611e+00
2.587636689059999844e+04	1.315862599080716677e+00
2.587656289059999835e+04	1.324220932869486944e+00
2.587675789059999806e+04	1.379135753748810700e+00
2.587695289060000141e+04	1.343171844949250016e+00
2.587714889060000132e+04	1.334519819991857759e+00
2.587734389060000103e+04	1.347999077495318332e+00
2.587753889060000074e+04	1.361107572593864390e+00
2.587773389060000045e+04	1.380081851954821914e+00
2.587792989060000036e+04	1.333264988826805109e+00
2.587812489060000007e+04	1.319992219151318480e+00
2.587831989059999978e+04	1.379732148764183819e+00
2.587851589059999969e+04	1.351046873050336217e+00
2.587871089059999940e+04	1.306251445798448430e+00
2.587890589059999911e+04	1.359744724852159692e+00
2.587910189059999902e+04	1.354698938392244756e+00
2.587929689059999873e+04	1.283593914203960296e+00
2.587949189059999844e+04	1.342037896988410139e+00
2.587968789059999835e+04	1.356176935759840774e+00
2.587988289059999806e+04	1.345927605160673224e+00
2.588007789060000141e+04	1.337656184860385622e+00
2.588027389060000132e+04	1.357079474445804124e+00
2.588046889060000103e+04	1.349521907625812034e+00
2.588066389060000074e+04	1.361556099184014101e+00
2.588085889060000045e+04	1.343260781549194149e+00
2.588105489060000036e+04	1.372084419361254248e+00
2.588124989060000007e+04	1.371831051801052581e+00
2.588144489059999978e+04	1.412643692461355016e+00
2.588164089059999969e+04	1.329457694500863596e+00
2.588183589059999940e+04	1.336417730461187503e+00
2.588203089059999911e+04	1.384551845675787263e+00
2.588222689059999902e+04	1.395923375499730668e+00
2.588242189059999873e+04	1.380988861507979948e+00
2.588261689059999844e+04	1.360699238422174773e+00
2.588281289059999835e+04	1.418205465920614472e+00
2.588300789059999806e+04	1.393311869744252363e+00
2.588320289060000141e+04	1.366484579576335179e+00
2.588339889060000132e+04	1.359751239164639358e+00
2.588359389060000103e+04	1.402566233783243632e+00
2.588378889060000074e+04	1.408337971048121418e+00
2.588398389060000045e+04	1.398123470689281334e+00
2.588417989060000036e+04	1.365317056492337144e+00
2.588437489060000007e+04	1.387854493410982215e+00
2.588456989059999978e+04	1.423890274396322653e+00
2.588476589059999969e+04	1.354371753995138761e+00
2.588496089059999940e+04	1.369508387931004378e+00
2.588515589059999911e+04	1.390338817221593359e+00
2.588535189059999902e+04	1.399656046802899567e+00
2.588554689059999873e+04	1.362795365101902689e+00
2.588574189059999844e+04	1.381455323142674274e+00
2.588593789059999835e+04	1.395364097012794957e+00
2.588613289059999806e+04	1.367901177888139586e+00
2.588632789060000141e+04	1.378510052633519223e+00
2.588652389060000132e+04	1.407555263648161414e+00
2.588671889060000103e+04	1.409482916586867418e+00
2.588691389060000074e+04	1.374806459260620173e+00
2.588710889060000045e+04	1.391750718168163203e+00
2.588730489060000036e+04	1.380430341182581344e+00
2.588749989060000007e+04	1.395026609313475774e+00
2.588769489059999978e+04	1.372884685654828019e+00
2.588789089059999969e+04	1.384317020050957581e+00
2.588808589059999940e+04	1.403913583141394028e+00
2.588828089059999911e+04	1.437903266632655885e+00
2.588847689059999902e+04	1.376929499257673939e+00
2.588867189059999873e+04	1.375632578990341415e+00
2.588886689059999844e+04	1.398387330679984331e+00
2.588906289059999835e+04	1.381072168872956141e+00
2.588925789059999806e+04	1.416384552845499911e+00
2.588945289060000141e+04	1.371950201865629992e+00
2.588964889060000132e+04	1.431493964561052934e+00
2.588984389060000103e+04	1.369378341701956714e+00
2.589003889060000074e+04	1.405035989786732387e+00
2.589023389060000045e+04	1.388428079745025912e+00
2.589042989060000036e+04	1.363835170047611456e+00
2.589062489060000007e+04	1.384398177392384355e+00
2.589081989059999978e+04	1.378612896023627243e+00
2.589101589059999969e+04	1.387134957731873897e+00
2.589121089059999940e+04	1.398030375713430473e+00
2.589140589059999911e+04	1.418675547540042103e+00
2.589160189059999902e+04	1.424695170694189272e+00
2.589179689059999873e+04	1.371023308113649364e+00
2.589199189059999844e+04	1.365960322493078749e+00
2.589218789059999835e+04	1.409787786360814366e+00
2.589238289059999806e+04	1.364714804300795947e+00
2.589257789060000141e+04	1.374318195107189666e+00
2.589277389060000132e+04	1.367447470145851440e+00
2.589296889060000103e+04	1.389515540702227270e+00
2.589316389060000074e+04	1.384885208484284647e+00
2.589335889060000045e+04	1.360860600133587894e+00
2.589355489060000036e+04	1.392992752416377655e+00
2.589374989060000007e+04	1.353078795668769985e+00
2.589394489059999978e+04	1.386429436179476227e+00
2.589414089059999969e+04	1.368798985338685270e+00
2.589433589059999940e+04	1.356550725209935138e+00
2.589453089059999911e+04	1.395069817674944090e+00
2.589472689059999902e+04	1.326997280692834735e+00
2.589492189059999873e+04	1.405303115360595712e+00
2.589511689059999844e+04	1.387315657058614704e+00
2.589531289059999835e+04	1.387181526982143254e+00
2.589550789059999806e+04	1.375055516553725710e+00
2.589570289060000141e+04	1.427431591709835246e+00
2.589589889060000132e+04	1.400067045503110563e+00
2.589609389060000103e+04	1.389143300148932170e+00
2.589628889060000074e+04	1.358392686590065068e+00
2.589648389060000045e+04	1.377082100734154935e+00
2.589667989060000036e+04	1.399555339869607451e+00
2.589687489060000007e+04	1.370519802915353580e+00
2.589706989059999978e+04	1.362171366904082248e+00
2.589726589059999969e+04	1.405740949484343361e+00
2.589746089059999940e+04	1.373182313738432470e+00
2.589765589059999911e+04	1.368062582969946206e+00
2.589785189059999902e+04	1.415451807826082486e+00
2.589804689059999873e+04	1.387967055378771519e+00
2.589824189059999844e+04	1.361654643604603976e+00
2.589843789059999835e+04	1.391374331115493135e+00
2.589863289059999806e+04	1.348728569801281196e+00
2.589882789060000141e+04	1.375935658939983597e+00
2.589902389060000132e+04	1.332259510258895219e+00
2.589921889060000103e+04	1.367581713480349848e+00
2.589941389060000074e+04	1.400481195555236980e+00
2.589960889060000045e+04	1.413850076837697145e+00
2.589980489060000036e+04	1.375632578990341415e+00
2.589999989060000007e+04	1.382800729700690567e+00
2.590019489059999978e+04	1.384251015590670875e+00
2.590039089059999969e+04	1.366273389582223885e+00
2.590058589059999940e+04	1.358546525828263185e+00
2.590078089059999911e+04	1.362675051802352044e+00
2.590097689059999902e+04	1.299668067990715770e+00
2.590117189059999873e+04	1.312793813993511804e+00
2.590136689059999844e+04	1.355051156826071690e+00
2.590156289059999835e+04	1.314477536878086994e+00
2.590175789059999806e+04	1.317958358361966731e+00
2.590195289060000141e+04	1.369394527752689328e+00
2.590214889060000132e+04	1.342673141843954809e+00
2.590234389060000103e+04	1.327958441140140167e+00
2.590253889060000074e+04	1.339742452936578232e+00
2.590273389060000045e+04	1.346980171016040728e+00
2.590292989060000036e+04	1.364593477404284272e+00
2.590312489060000007e+04	1.311817950984039527e+00
2.590331989059999978e+04	1.344807851859215475e+00
2.590351589059999969e+04	1.344986643503229828e+00
2.590371089059999940e+04	1.337065144271454287e+00
2.590390589059999911e+04	1.354770425014601543e+00
2.590410189059999902e+04	1.375874001692585225e+00
2.590429689059999873e+04	1.384109244816912110e+00
2.590449189059999844e+04	1.337054338662531094e+00
2.590468789059999835e+04	1.306075623233272864e+00
2.590488289059999806e+04	1.324559443087389710e+00
2.590507789060000141e+04	1.317154162355221203e+00
2.590527389060000132e+04	1.331594726608564372e+00
2.590546889060000103e+04	1.320836494134265848e+00
2.590566389060000074e+04	1.309583617422036994e+00
2.590585889060000045e+04	1.335575041036541677e+00
2.590605489060000036e+04	1.303450813568634459e+00
2.590624989060000007e+04	1.347650011812264736e+00
2.590644489059999978e+04	1.325538038210449798e+00
2.590664089059999969e+04	1.320750735005693954e+00
2.590683589059999940e+04	1.305200408350991381e+00
2.590703089059999911e+04	1.318083189933403787e+00
2.590722689059999902e+04	1.369954427980808020e+00
2.590742189059999873e+04	1.339130880243368793e+00
2.590761689059999844e+04	1.309117960713354734e+00
2.590781289059999835e+04	1.338008566506520225e+00
2.590800789059999806e+04	1.324703718534557595e+00
2.590820289060000141e+04	1.349296505961097736e+00
2.590839889060000132e+04	1.306313286525629280e+00
2.590859389060000103e+04	1.356263589174247386e+00
2.590878889060000074e+04	1.314240888656339479e+00
2.590898389060000045e+04	1.367750656180104940e+00
2.590917989060000036e+04	1.333917986416963686e+00
2.590937489060000007e+04	1.319209720540595043e+00
2.590956989059999978e+04	1.350127716218976204e+00
2.590976589059999969e+04	1.321093676423688024e+00
2.590996089059999940e+04	1.337017450511762462e+00
2.591015589059999911e+04	1.350686029394964294e+00
2.591035189059999902e+04	1.341080480323700641e+00
2.591054689059999873e+04	1.319079488014578416e+00
2.591074189059999844e+04	1.352742931312519659e+00
2.591093789059999835e+04	1.370754767155533571e+00
2.591113289059999806e+04	1.326859542819383009e+00
2.591132789060000141e+04	1.328779785545934899e+00
2.591152389060000132e+04	1.280166730993901325e+00
2.591171889060000103e+04	1.323091380634002334e+00
2.591191389060000074e+04	1.360641728615972212e+00
2.591210889060000045e+04	1.340880982548757316e+00
2.591230489060000036e+04	1.335380899581227965e+00
2.591249989060000007e+04	1.336672506231423085e+00
2.591269489059999978e+04	1.327822852247994234e+00
2.591289089059999969e+04	1.328716792598346075e+00
2.591308589059999940e+04	1.298692685642597766e+00
2.591328089059999911e+04	1.329713757278401687e+00
2.591347689059999902e+04	1.332088168385441307e+00
2.591367189059999873e+04	1.388095882861424712e+00
2.591386689059999844e+04	1.356002511050814263e+00
2.591406289059999835e+04	1.352396170513163298e+00
2.591425789059999806e+04	1.301490526766764688e+00
2.591445289060000141e+04	1.370830483553506340e+00
2.591464889060000132e+04	1.351927918922271488e+00
2.591484389060000103e+04	1.313543984011626975e+00
2.591503889060000074e+04	1.333883236111756077e+00
2.591523389060000045e+04	1.361206211958929657e+00
2.591542989060000036e+04	1.351751228314135744e+00
2.591562489060000007e+04	1.298842625089172031e+00
