# time(sec)	crack length FEA(mm)
4.253769433589999971e+04	1.816563904409916219e+00
4.253788933589999942e+04	1.809350454423777066e+00
4.253808533590000297e+04	1.839854976620429738e+00
4.253828033590000268e+04	1.835266721214718899e+00
4.253847533590000239e+04	1.847485345173570437e+00
4.253867133589999867e+04	1.830738411629846851e+00
4.253886633589999838e+04	1.839465709871930699e+00
4.253906133589999808e+04	1.851971936625421478e+00
4.253925733590000164e+04	1.811680818826440387e+00
4.253945233590000134e+04	1.833944374415130696e+00
4.253964733590000105e+04	1.852975040711603683e+00
4.253984233590000076e+04	1.869330103632606210e+00
4.254003833589999704e+04	1.833290207195014787e+00
4.254023333589999675e+04	1.847280429422291093e+00
4.254042833589999645e+04	1.829710371594279295e+00
4.254062433590000001e+04	1.858301467675680385e+00
4.254081933589999971e+04	1.861112201961226731e+00
4.254101433589999942e+04	1.865052802489792327e+00
4.254121033590000297e+04	1.829720411889992349e+00
4.254140533590000268e+04	1.844589415580863090e+00
4.254160033590000239e+04	1.823451163873572867e+00
4.254179633589999867e+04	1.813235713089603962e+00
4.254199133589999838e+04	1.870088904375288408e+00
4.254218633589999808e+04	1.839811672406989729e+00
4.254238233590000164e+04	1.837958838611656986e+00
4.254257733590000134e+04	1.818736210267818620e+00
4.254277233590000105e+04	1.822371153462626125e+00
4.254296733590000076e+04	1.829767292897141573e+00
4.254316333589999704e+04	1.824565046387967016e+00
4.254335833589999675e+04	1.802083032480968683e+00
4.254355333589999645e+04	1.825280271612310656e+00
4.254374933590000001e+04	1.812726208725885968e+00
4.254394433589999971e+04	1.806230216026442292e+00
4.254413933589999942e+04	1.807925311053484307e+00
4.254433533590000297e+04	1.832024898291820136e+00
4.254453033590000268e+04	1.846563051745802042e+00
4.254472533590000239e+04	1.827265783494125273e+00
4.254492133589999867e+04	1.827804137233036030e+00
4.254511633589999838e+04	1.838291942570315030e+00
4.254531133589999808e+04	1.817477448226579639e+00
4.254550733590000164e+04	1.803864231809660268e+00
4.254570233590000134e+04	1.854819306665154599e+00
4.254589733590000105e+04	1.809510846710754350e+00
4.254609233590000076e+04	1.797927810709957441e+00
4.254628833589999704e+04	1.832647008733941263e+00
4.254648333589999675e+04	1.814325175558458625e+00
4.254667833589999645e+04	1.836017413238824503e+00
4.254687433590000001e+04	1.869090186315036206e+00
4.254706933589999971e+04	1.808612572053991840e+00
4.254726433589999942e+04	1.818478278082258370e+00
4.254746033590000297e+04	1.820571233137629363e+00
4.254765533590000268e+04	1.795432778018351883e+00
4.254785033590000239e+04	1.833707086836597000e+00
4.254804633589999867e+04	1.835374291891655574e+00
4.254824133589999838e+04	1.803069025511403467e+00
4.254843633589999808e+04	1.816333634010486975e+00
4.254863233590000164e+04	1.807798143734149932e+00
4.254882733590000134e+04	1.812739262939590645e+00
4.254902233590000105e+04	1.820607218702805952e+00
4.254921733590000076e+04	1.828922471266661631e+00
4.254941333589999704e+04	1.808968262035158148e+00
4.254960833589999675e+04	1.834014485227925206e+00
4.254980333589999645e+04	1.832045055885412665e+00
4.254999933590000001e+04	1.829299822479960369e+00
4.255019433589999971e+04	1.788497601240891299e+00
4.255038933589999942e+04	1.802861651536005638e+00
4.255058533590000297e+04	1.787413160663273715e+00
4.255078033590000268e+04	1.826264153896842046e+00
4.255097533590000239e+04	1.827346825956626120e+00
4.255117133589999867e+04	1.831231623515090945e+00
4.255136633589999838e+04	1.806398702404427681e+00
4.255156133589999808e+04	1.838508951445037454e+00
4.255175733590000164e+04	1.828616980596853736e+00
4.255195233590000134e+04	1.809211425760629766e+00
4.255214733590000105e+04	1.813091011844536027e+00
4.255234233590000076e+04	1.824553896762106220e+00
4.255253833589999704e+04	1.812011459327145246e+00
4.255273333589999675e+04	1.796826479907293717e+00
4.255292833589999645e+04	1.819124724499395995e+00
4.255312433590000001e+04	1.806486308497557758e+00
4.255331933589999971e+04	1.818158805126886435e+00
4.255351433589999942e+04	1.803372088892894354e+00
4.255371033590000297e+04	1.809762312956571861e+00
4.255390533590000268e+04	1.829135142215147170e+00
4.255410033590000239e+04	1.862257397482567356e+00
4.255429633589999867e+04	1.858549552658345760e+00
4.255449133589999838e+04	1.854525930475020346e+00
4.255468633589999808e+04	1.818406616551573762e+00
4.255488233590000164e+04	1.840978249619212193e+00
4.255507733590000134e+04	1.829026514254126212e+00
4.255527233590000105e+04	1.829273100559285936e+00
4.255546733590000076e+04	1.838060943593957219e+00
4.255566333589999704e+04	1.811615544649892939e+00
4.255585833589999675e+04	1.825345506625355441e+00
4.255605333589999645e+04	1.839498899744942406e+00
4.255624933590000001e+04	1.817492160815238122e+00
4.255644433589999971e+04	1.833600219670350029e+00
4.255663933589999942e+04	1.836814314708828277e+00
4.255683533590000297e+04	1.817597205258037363e+00
4.255703033590000268e+04	1.866198667519727294e+00
4.255722533590000239e+04	1.816248913535211784e+00
4.255742133589999867e+04	1.848887870425624413e+00
4.255761633589999838e+04	1.821291170893628575e+00
4.255781133589999808e+04	1.837050779553736746e+00
4.255800733590000164e+04	1.822218285580799346e+00
4.255820233590000134e+04	1.834413804474108289e+00
4.255839733590000105e+04	1.850770143667983092e+00
4.255859233590000076e+04	1.845964311207865194e+00
4.255878833589999704e+04	1.851754819297752874e+00
4.255898333589999675e+04	1.842421473215352989e+00
4.255917833589999645e+04	1.812390040366786081e+00
4.255937433590000001e+04	1.836000104447208514e+00
4.255956933589999971e+04	1.856394944437418815e+00
4.255976433589999942e+04	1.821899814120106598e+00
4.255996033590000297e+04	1.812239004296840150e+00
4.256015533590000268e+04	1.847456906706312907e+00
4.256035033590000239e+04	1.842069940358603830e+00
4.256054633589999867e+04	1.826758490654116329e+00
4.256074133589999838e+04	1.854091189746185364e+00
4.256093633589999808e+04	1.840918274644057107e+00
4.256113233590000164e+04	1.839409603071670674e+00
4.256132733590000134e+04	1.845380407468475426e+00
4.256152233590000105e+04	1.830888376368470460e+00
4.256171733590000076e+04	1.816393594716601001e+00
4.256191333589999704e+04	1.808607903338781853e+00
4.256210833589999675e+04	1.812875421898315409e+00
4.256230333589999645e+04	1.832309316333013527e+00
4.256249933590000001e+04	1.806081908996235441e+00
4.256269433589999971e+04	1.805748333359890268e+00
4.256288933589999942e+04	1.843733846126616172e+00
4.256308533590000297e+04	1.816532579545665271e+00
4.256328033590000268e+04	1.825767276124249605e+00
4.256347533590000239e+04	1.836006506330573274e+00
4.256367133589999867e+04	1.804065977257781839e+00
4.256386633589999838e+04	1.819816234955400347e+00
4.256406133589999808e+04	1.846969497444700181e+00
4.256425733590000164e+04	1.832156436149183776e+00
4.256445233590000134e+04	1.823480581321174299e+00
4.256464733590000105e+04	1.834799363792487981e+00
4.256484233590000076e+04	1.803485509069776782e+00
4.256503833589999704e+04	1.810396900769662309e+00
4.256523333589999675e+04	1.807924361455722106e+00
4.256542833589999645e+04	1.825891496584443274e+00
4.256562433590000001e+04	1.843335638631797835e+00
4.256581933589999971e+04	1.819446082136677134e+00
4.256601433589999942e+04	1.850403337731227893e+00
4.256621033590000297e+04	1.796437426894105016e+00
4.256640533590000268e+04	1.811760967347362694e+00
4.256660033590000239e+04	1.844431245502933692e+00
4.256679633589999867e+04	1.844697969233257240e+00
4.256699133589999838e+04	1.827881619906721156e+00
4.256718633589999808e+04	1.804780896826287062e+00
4.256738233590000164e+04	1.803105830237345941e+00
4.256757733590000134e+04	1.812171832878494371e+00
4.256777233590000105e+04	1.831663244313109118e+00
4.256796733590000076e+04	1.829670763770357311e+00
4.256816333589999704e+04	1.814502857980500039e+00
4.256835833589999675e+04	1.790635600796520066e+00
4.256855333589999645e+04	1.827252974805347208e+00
4.256874933590000001e+04	1.807868097717623357e+00
4.256894433589999971e+04	1.835974259788633489e+00
4.256913933589999942e+04	1.830469626809785311e+00
4.256933533590000297e+04	1.853456634984782525e+00
4.256953033590000268e+04	1.825015059706663223e+00
4.256972533590000239e+04	1.835705536827818563e+00
4.256992133589999867e+04	1.825121018322331423e+00
4.257011633589999838e+04	1.837169485243483891e+00
4.257031133589999808e+04	1.815514181571904473e+00
4.257050733590000164e+04	1.828450318843932720e+00
4.257070233590000134e+04	1.833621561526214805e+00
4.257089733590000105e+04	1.826340692984111058e+00
4.257109233590000076e+04	1.805120026628282304e+00
4.257128833589999704e+04	1.813266963374470464e+00
4.257148333589999675e+04	1.808636548661093357e+00
4.257167833589999645e+04	1.842954964707947951e+00
4.257187433590000001e+04	1.799523145745238750e+00
4.257206933589999971e+04	1.804779947097470583e+00
4.257226433589999942e+04	1.836745318988263875e+00
4.257246033590000297e+04	1.843870056771821808e+00
4.257265533590000268e+04	1.817910279118887473e+00
4.257285033590000239e+04	1.823624979316395667e+00
4.257304633589999867e+04	1.811809863345015259e+00
4.257324133589999838e+04	1.817014234122320104e+00
4.257343633589999808e+04	1.799566368334746258e+00
4.257363233590000164e+04	1.824909258745980978e+00
4.257382733590000134e+04	1.768863006721513642e+00
4.257402233590000105e+04	1.811351993314751496e+00
4.257421733590000076e+04	1.811372406586249539e+00
4.257441333589999704e+04	1.822693414257855693e+00
4.257460833589999675e+04	1.777497944876690994e+00
4.257480333589999645e+04	1.817711266521374824e+00
4.257499933590000001e+04	1.818910298999593778e+00
4.257519433589999971e+04	1.768279818878433218e+00
4.257538933589999942e+04	1.825787439262230194e+00
4.257558533590000297e+04	1.796843976844471058e+00
4.257578033590000268e+04	1.821472516010159026e+00
4.257597533590000239e+04	1.805485901265759807e+00
4.257617133589999867e+04	1.794505522801317809e+00
4.257636633589999838e+04	1.824470234856203632e+00
4.257656133589999808e+04	1.791409938660661894e+00
4.257675733590000164e+04	1.813930962456986151e+00
4.257695233590000134e+04	1.844930559884367938e+00
4.257714733590000105e+04	1.823967545265910317e+00
4.257734233590000076e+04	1.833488135076382974e+00
4.257753833589999704e+04	1.805561323102915949e+00
4.257773333589999675e+04	1.811330867933115485e+00
4.257792833589999645e+04	1.825622654505123066e+00
4.257812433590000001e+04	1.820782953986332942e+00
4.257831933589999971e+04	1.817995863492804176e+00
4.257851433589999942e+04	1.811805274404715504e+00
4.257871033590000297e+04	1.818517905388137734e+00
4.257890533590000268e+04	1.815438555360151085e+00
4.257910033590000239e+04	1.834692501757849925e+00
4.257929633589999867e+04	1.838407796801160288e+00
4.257949133589999838e+04	1.837956151632250013e+00
4.257968633589999808e+04	1.815529844709892870e+00
4.257988233590000164e+04	1.828038798234318918e+00
4.258007733590000134e+04	1.789310660247862117e+00
4.258027233590000105e+04	1.794873309781554127e+00
4.258046733590000076e+04	1.798959898830682747e+00
4.258066333589999704e+04	1.832958927083247147e+00
4.258085833589999675e+04	1.834583030883742083e+00
4.258105333589999645e+04	1.829939399914700005e+00
4.258124933590000001e+04	1.853997448920177149e+00
4.258144433589999971e+04	1.837530182352525188e+00
4.258163933589999942e+04	1.807565094128625205e+00
4.258183533590000297e+04	1.849844192139112664e+00
4.258203033590000268e+04	1.806310462864438193e+00
4.258222533590000239e+04	1.834742296999181121e+00
4.258242133589999867e+04	1.817246237856199542e+00
4.258261633589999838e+04	1.834045786039624204e+00
4.258281133589999808e+04	1.857236140061823804e+00
4.258300733590000164e+04	1.884106881968509839e+00
4.258320233590000134e+04	1.869124201062696500e+00
4.258339733590000105e+04	1.820566725051826040e+00
4.258359233590000076e+04	1.840942217242043100e+00
4.258378833589999704e+04	1.846298245895365397e+00
4.258398333589999675e+04	1.851055985963840911e+00
4.258417833589999645e+04	1.840421479801662485e+00
4.258437433590000001e+04	1.815518690658189271e+00
4.258456933589999971e+04	1.796451202999405083e+00
4.258476433589999942e+04	1.817994914314821742e+00
4.258496033590000297e+04	1.811161468565224197e+00
4.258515533590000268e+04	1.824794284648099563e+00
4.258535033590000239e+04	1.827405650743749277e+00
4.258554633589999867e+04	1.846456402982569855e+00
4.258574133589999838e+04	1.803966489827686814e+00
4.258593633589999808e+04	1.843243749681704458e+00
4.258613233590000164e+04	1.819067539290612601e+00
4.258632733590000134e+04	1.825353809249962822e+00
4.258652233590000105e+04	1.841261528490029775e+00
4.258671733590000076e+04	1.824964531506527265e+00
4.258691333589999704e+04	1.811290357783196470e+00
4.258710833589999675e+04	1.869159952007032999e+00
4.258730333589999645e+04	1.834098112047842122e+00
4.258749933590000001e+04	1.823731893342557697e+00
4.258769433589999971e+04	1.832693962757897310e+00
4.258788933589999942e+04	1.870735542002295304e+00
4.258808533590000297e+04	1.830459428734974026e+00
4.258828033590000268e+04	1.858032061054483819e+00
4.258847533590000239e+04	1.867401538617521339e+00
4.258867133589999867e+04	1.875113711011515250e+00
4.258886633589999838e+04	1.851833878994098015e+00
4.258906133589999808e+04	1.832010195094637695e+00
4.258925733590000164e+04	1.843080039471129083e+00
4.258945233590000134e+04	1.820331907909791269e+00
4.258964733590000105e+04	1.834399102820931660e+00
4.258984233590000076e+04	1.816401900606711806e+00
4.259003833589999704e+04	1.836595392857846676e+00
4.259023333589999675e+04	1.882949064769929848e+00
4.259042833589999645e+04	1.816394543961338925e+00
4.259062433590000001e+04	1.835411202506328721e+00
4.259081933589999971e+04	1.856836273990236208e+00
4.259101433589999942e+04	1.876331494314477766e+00
4.259121033590000297e+04	1.877405156516228857e+00
4.259140533590000268e+04	1.824547491655417630e+00
4.259160033590000239e+04	1.814785596429775438e+00
4.259179633589999867e+04	1.836103166646829266e+00
4.259199133589999838e+04	1.839099669773467838e+00
4.259218633589999808e+04	1.874780199770974320e+00
4.259238233590000164e+04	1.836034010697865426e+00
4.259257733590000134e+04	1.849716311026245563e+00
4.259277233590000105e+04	1.838305693376193872e+00
4.259296733590000076e+04	1.842746057504564661e+00
4.259316333589999704e+04	1.829866825777564543e+00
4.259335833589999675e+04	1.853461373480538299e+00
4.259355333589999645e+04	1.862418127596839668e+00
4.259374933590000001e+04	1.862950202471099104e+00
4.259394433589999971e+04	1.841569614948530997e+00
4.259413933589999942e+04	1.809938131949015983e+00
4.259433533590000297e+04	1.851691397584255938e+00
4.259453033590000268e+04	1.849949087289264327e+00
4.259472533590000239e+04	1.813439195187756425e+00
4.259492133589999867e+04	1.872863223805138588e+00
4.259511633589999838e+04	1.823532061762996648e+00
4.259531133589999808e+04	1.818337406801767031e+00
4.259550733590000164e+04	1.834911520964890741e+00
4.259570233590000134e+04	1.827028268117182108e+00
4.259589733590000105e+04	1.850231385536872608e+00
4.259609233590000076e+04	1.803160206143024524e+00
4.259628833589999704e+04	1.861280282322468338e+00
4.259648333589999675e+04	1.858209560266022464e+00
4.259667833589999645e+04	1.854637200652316409e+00
4.259687433590000001e+04	1.823720743308550496e+00
4.259706933589999971e+04	1.838386696517948948e+00
4.259726433589999942e+04	1.836808861446435515e+00
4.259746033590000297e+04	1.805455273439001473e+00
4.259765533590000268e+04	1.818040949401444450e+00
4.259785033590000239e+04	1.824564097483850844e+00
4.259804633589999867e+04	1.829884376407111546e+00
4.259824133589999838e+04	1.826818423907294431e+00
4.259843633589999808e+04	1.840496074788982028e+00
4.259863233590000164e+04	1.847403663480275071e+00
4.259882733590000134e+04	1.840923963976555555e+00
4.259902233590000105e+04	1.813798369882313466e+00
4.259921733590000076e+04	1.822107014831889416e+00
4.259941333589999704e+04	1.818606334935815028e+00
4.259960833589999675e+04	1.865725394464210041e+00
4.259980333589999645e+04	1.820539913786252129e+00
4.259999933590000001e+04	1.825738573273486764e+00
4.260019433589999971e+04	1.834660253352925707e+00
4.260038933589999942e+04	1.839468554720085081e+00
4.260058533590000297e+04	1.847623429225389913e+00
4.260078033590000268e+04	1.821271952813624750e+00
4.260097533590000239e+04	1.849292457794744493e+00
4.260117133589999867e+04	1.801785413616235232e+00
4.260136633589999838e+04	1.815622794928293260e+00
4.260156133589999808e+04	1.824870670530291505e+00
4.260175733590000164e+04	1.849740244359058039e+00
4.260195233590000134e+04	1.848349857594923762e+00
4.260214733590000105e+04	1.844512937878404202e+00
4.260234233590000076e+04	1.818377034352828048e+00
4.260253833589999704e+04	1.855238397654929372e+00
4.260273333589999675e+04	1.831857312900639911e+00
4.260292833589999645e+04	1.861488150771446470e+00
4.260312433590000001e+04	1.864763347375744118e+00
4.260331933589999971e+04	1.882554226124895536e+00
4.260351433589999942e+04	1.850080521492765584e+00
4.260371033590000297e+04	1.822284636536096514e+00
4.260390533590000268e+04	1.875939301851722973e+00
4.260410033590000239e+04	1.873975634025143222e+00
4.260429633589999867e+04	1.841092193734370497e+00
4.260449133589999838e+04	1.850470396364789494e+00
4.260468633589999808e+04	1.843791917470166908e+00
4.260488233590000164e+04	1.798960848802057200e+00
4.260507733590000134e+04	1.810050569936215936e+00
4.260527233590000105e+04	1.836425233010576363e+00
4.260546733590000076e+04	1.822213777821154679e+00
4.260566333589999704e+04	1.841097645969671959e+00
4.260585833589999675e+04	1.875834763388288806e+00
4.260605333589999645e+04	1.794968244574835836e+00
4.260624933590000001e+04	1.842950224021135952e+00
4.260644433589999971e+04	1.808897282742732315e+00
4.260663933589999942e+04	1.827587895926690464e+00
4.260683533590000297e+04	1.807245547195021729e+00
4.260703033590000268e+04	1.840146645734478170e+00
4.260722533590000239e+04	1.809187449758560717e+00
4.260742133589999867e+04	1.825259001003997739e+00
4.260761633589999838e+04	1.831487355873914424e+00
4.260781133589999808e+04	1.819115470471203366e+00
4.260800733590000164e+04	1.827426761214955064e+00
4.260820233590000134e+04	1.801587209961024172e+00
4.260839733590000105e+04	1.825298616507605942e+00
4.260859233590000076e+04	1.799893622424420414e+00
4.260878833589999704e+04	1.832958927083247147e+00
4.260898333589999675e+04	1.802470089499085049e+00
4.260917833589999645e+04	1.820499420015558201e+00
4.260937433590000001e+04	1.835343941362761910e+00
4.260956933589999971e+04	1.824791437964304208e+00
4.260976433589999942e+04	1.821093374158619937e+00
4.260996033590000297e+04	1.840039808823208389e+00
4.261015533590000268e+04	1.824253803716278100e+00
4.261035033590000239e+04	1.789748540627529749e+00
4.261054633589999867e+04	1.823985891219324529e+00
4.261074133589999838e+04	1.819169017231835994e+00
4.261093633589999808e+04	1.824397406046907477e+00
4.261113233590000164e+04	1.813218149619540753e+00
4.261132733590000134e+04	1.802305135941754344e+00
4.261152233590000105e+04	1.792874836688394424e+00
4.261171733590000076e+04	1.816235149394620052e+00
4.261191333589999704e+04	1.820111878332461686e+00
4.261210833589999675e+04	1.811701152683223626e+00
4.261230333589999645e+04	1.786458886347098485e+00
4.261249933590000001e+04	1.828949272659222913e+00
4.261269433589999971e+04	1.809629458731409457e+00
4.261288933589999942e+04	1.860098403895346308e+00
4.261308533590000297e+04	1.819981931756524673e+00
4.261328033590000268e+04	1.816853024544350603e+00
4.261347533590000239e+04	1.837982705297182662e+00
4.261367133589999867e+04	1.814332532872368731e+00
4.261386633589999838e+04	1.829106680790783201e+00
4.261406133589999808e+04	1.868176977828944985e+00
4.261425733590000164e+04	1.839910213079566148e+00
4.261445233590000134e+04	1.865768649315898031e+00
4.261464733590000105e+04	1.836773770857156762e+00
4.261484233590000076e+04	1.846543618008453791e+00
4.261503833589999704e+04	1.842624694495809123e+00
4.261523333589999675e+04	1.826959242710842091e+00
4.261542833589999645e+04	1.824844813226203399e+00
4.261562433590000001e+04	1.852302071038142373e+00
4.261581933589999971e+04	1.862513728318727857e+00
4.261601433589999942e+04	1.826952838281084013e+00
4.261621033590000297e+04	1.843756126578009358e+00
4.261640533590000268e+04	1.844291245894424947e+00
4.261660033590000239e+04	1.823449265972421074e+00
4.261679633589999867e+04	1.884606270976183495e+00
4.261699133589999838e+04	1.833362059009211009e+00
4.261718633589999808e+04	1.853429151689899967e+00
4.261738233590000164e+04	1.834719296353636508e+00
4.261757733590000134e+04	1.828177949167585581e+00
4.261777233590000105e+04	1.860762852937385858e+00
4.261796733590000076e+04	1.866532147027893274e+00
4.261816333589999704e+04	1.887755275758713935e+00
4.261835833589999675e+04	1.861511992758275724e+00
4.261855333589999645e+04	1.846103273506084719e+00
4.261874933590000001e+04	1.837862344240324575e+00
4.261894433589999971e+04	1.852083219311476014e+00
4.261913933589999942e+04	1.866685743279056453e+00
4.261933533590000297e+04	1.849939845793230120e+00
4.261953033590000268e+04	1.867673438639151584e+00
4.261972533590000239e+04	1.841014044884722978e+00
4.261992133589999867e+04	1.850320481737535161e+00
4.262011633589999838e+04	1.843900395922728919e+00
4.262031133589999808e+04	1.841078444613462040e+00
4.262050733590000164e+04	1.854915887015391007e+00
4.262070233590000134e+04	1.836466488789485041e+00
4.262089733590000105e+04	1.863778288266804140e+00
4.262109233590000076e+04	1.860714141019455425e+00
4.262128833589999704e+04	1.828833133063440641e+00
4.262148333589999675e+04	1.816110876231334714e+00
4.262167833589999645e+04	1.830247718831547132e+00
4.262187433590000001e+04	1.844984835960818970e+00
4.262206933589999971e+04	1.820469998715106286e+00
4.262226433589999942e+04	1.871352095478748367e+00
4.262246033590000297e+04	1.842634887117164055e+00
4.262265533590000268e+04	1.854139757924313514e+00
4.262285033590000239e+04	1.820905540802140621e+00
4.262304633589999867e+04	1.856582484881732498e+00
4.262324133589999838e+04	1.842511469177567918e+00
4.262343633589999808e+04	1.835536397806754039e+00
4.262363233590000164e+04	1.842442569754705772e+00
4.262382733590000134e+04	1.813837926220472241e+00
4.262402233590000105e+04	1.815711235720034011e+00
4.262421733590000076e+04	1.827538164088815975e+00
4.262441333589999704e+04	1.796018201777716428e+00
4.262460833589999675e+04	1.863944533309766172e+00
4.262480333589999645e+04	1.843572035668437081e+00
4.262499933590000001e+04	1.830134669047158269e+00
4.262519433589999971e+04	1.816111825487855214e+00
4.262538933589999942e+04	1.810588381400970448e+00
4.262558533590000297e+04	1.842531854517241996e+00
4.262578033590000268e+04	1.855564852096748041e+00
4.262597533590000239e+04	1.877226150600845855e+00
4.262617133589999867e+04	1.826877250060343627e+00
4.262636633589999838e+04	1.841534689737798658e+00
4.262656133589999808e+04	1.836598159031563426e+00
4.262675733590000164e+04	1.838215601738166782e+00
4.262695233590000134e+04	1.864400319506076542e+00
4.262714733590000105e+04	1.848772859503377219e+00
4.262734233590000076e+04	1.852674295784332514e+00
4.262753833589999704e+04	1.855695306212465923e+00
4.262773333589999675e+04	1.856009751249983353e+00
4.262792833589999645e+04	1.854913044100070962e+00
4.262812433590000001e+04	1.841805082163700646e+00
4.262831933589999971e+04	1.855413075844964510e+00
4.262851433589999942e+04	1.857190184248100451e+00
4.262871033590000297e+04	1.869108574804441147e+00
4.262890533590000268e+04	1.831935572269976831e+00
4.262910033590000239e+04	1.863029223210315166e+00
4.262929633589999867e+04	1.855639239462762546e+00
4.262949133589999838e+04	1.871323529055185730e+00
4.262968633589999808e+04	1.830393259719883758e+00
4.262988233590000164e+04	1.846595283273552823e+00
4.263007733590000134e+04	1.844922264402750756e+00
4.263027233590000105e+04	1.796933282269401744e+00
4.263046733590000076e+04	1.866718814483911970e+00
4.263066333589999704e+04	1.838582683413656937e+00
4.263085833589999675e+04	1.829815201550012205e+00
4.263105333589999645e+04	1.840380231197237038e+00
4.263124933590000001e+04	1.843433215915098344e+00
4.263144433589999971e+04	1.855405731807060477e+00
4.263163933589999942e+04	1.816719499751044964e+00
4.263183533590000297e+04	1.832620290744388925e+00
4.263203033590000268e+04	1.852525343435067029e+00
4.263222533590000239e+04	1.821216671085634786e+00
4.263242133589999867e+04	1.860620348572023630e+00
4.263261633589999838e+04	1.826908560692700689e+00
4.263281133589999808e+04	1.843701847567798424e+00
4.263300733590000164e+04	1.825288574260719443e+00
4.263320233590000134e+04	1.789886024937747067e+00
4.263339733590000105e+04	1.808012832144036963e+00
4.263359233590000076e+04	1.837980097349321440e+00
4.263378833589999704e+04	1.809665540717922738e+00
4.263398333589999675e+04	1.829422205313287364e+00
4.263417833589999645e+04	1.783574276669352088e+00
4.263437433590000001e+04	1.781527833079554313e+00
4.263456933589999971e+04	1.814980046297494098e+00
4.263476433589999942e+04	1.803164875974578862e+00
4.263496033590000297e+04	1.810410668439006443e+00
4.263515533590000268e+04	1.840334241285690453e+00
4.263535033590000239e+04	1.818601826460923832e+00
4.263554633589999867e+04	1.842300898611018312e+00
4.263574133589999838e+04	1.827871420671895564e+00
4.263593633589999808e+04	1.817592459284629314e+00
4.263613233590000164e+04	1.814645572510594107e+00
4.263632733590000134e+04	1.808618111206389045e+00
4.263652233590000105e+04	1.838662737252514390e+00
4.263671733590000076e+04	1.795992311701933630e+00
4.263691333589999704e+04	1.774132662571252794e+00
4.263710833589999675e+04	1.836871376303550463e+00
4.263730333589999645e+04	1.837809789803614535e+00
4.263749933590000001e+04	1.818436040518616181e+00
