# time(sec)	crack length FEA(mm)
3.799023435900000095e+03	2.369131802990498414e-01
3.799218735899999956e+03	2.291763008379312794e-01
3.799414035900000272e+03	2.372821720009081758e-01
3.799609335900000133e+03	2.152040743393293099e-01
3.799804735900000196e+03	2.281644904903696869e-01
3.800000035900000057e+03	1.971847847920784602e-01
3.800195335900000373e+03	1.958316680107650143e-01
3.800390635900000234e+03	2.143738753915016559e-01
3.800585935900000095e+03	2.133594943841803371e-01
3.800781235899999956e+03	2.135672941173734074e-01
3.800976535900000272e+03	2.308248583869492165e-01
3.801171835900000133e+03	1.712251078650481873e-01
3.801367235900000196e+03	1.828909729981358367e-01
3.801562535900000057e+03	1.970852571761554373e-01
3.801757835900000373e+03	2.139316902938226406e-01
3.801953135900000234e+03	2.528950436101027321e-01
3.802148435900000095e+03	2.034872502118201254e-01
3.802343735899999956e+03	2.029355083760169265e-01
3.802539035900000272e+03	2.624283217194811613e-01
3.802734335900000133e+03	2.399425491216824469e-01
3.802929735900000196e+03	2.392154732782891813e-01
3.803125035900000057e+03	2.339769587804916284e-01
3.803320335900000373e+03	2.446644096786982914e-01
3.803515635900000234e+03	2.070467047457711374e-01
3.803710935900000095e+03	1.925071770086432821e-01
3.803906235899999956e+03	1.862472975613975734e-01
3.804101535900000272e+03	2.190877828194004451e-01
3.804296835900000133e+03	1.906205068710402628e-01
3.804492235900000196e+03	2.792081414400051642e-01
3.804687535900000057e+03	2.342416522853127958e-01
3.804882835900000373e+03	2.079618575138386660e-01
3.805078135900000234e+03	1.750534981088929243e-01
3.805273435900000095e+03	2.085036392495140944e-01
3.805468735899999956e+03	2.262155363179161327e-01
3.805664035900000272e+03	2.101663623767215938e-01
3.805859335900000133e+03	2.429007064855035480e-01
3.806054735900000196e+03	1.865904028473170939e-01
3.806250035900000057e+03	2.196765770889630431e-01
3.806445335900000373e+03	2.247793194635114844e-01
3.806640635900000234e+03	2.199335649675830950e-01
3.806835935900000095e+03	2.212519215570640796e-01
3.807031235899999956e+03	2.204288163330936356e-01
3.807226535900000272e+03	2.432941816464317952e-01
3.807421835900000133e+03	2.273357027872595637e-01
3.807617235900000196e+03	1.764511507057484607e-01
3.807812535900000057e+03	1.932690984651745936e-01
3.808007835900000373e+03	2.210874870499033307e-01
3.808203135900000234e+03	2.257558375269894668e-01
3.808398435900000095e+03	2.331247625609584873e-01
3.808593735899999956e+03	2.370863513244252374e-01
3.808789035900000272e+03	2.551398082908651332e-01
3.808984335900000133e+03	2.223289860710213617e-01
3.809179735900000196e+03	2.287491394847336323e-01
3.809375035900000057e+03	2.167649148182793084e-01
3.809570335900000373e+03	2.208964869306768719e-01
3.809765635900000234e+03	2.188691857686251296e-01
3.809960935900000095e+03	2.541546245998311804e-01
3.810156235899999956e+03	2.398353068928607001e-01
3.810351535900000272e+03	2.284745210299821139e-01
3.810546835900000133e+03	2.465056993644765271e-01
3.810742235900000196e+03	2.428377461661668235e-01
3.810937535900000057e+03	2.500118090884235755e-01
3.811132835900000373e+03	1.716009677324699112e-01
3.811328135900000234e+03	2.028793449923309566e-01
3.811523435900000095e+03	1.835772623761595668e-01
3.811718735899999956e+03	1.869670230897035879e-01
3.811914035900000272e+03	2.237761763951944260e-01
3.812109335900000133e+03	2.118329090481658739e-01
3.812304735900000196e+03	2.217057748032758013e-01
3.812500035900000057e+03	2.447263852731769163e-01
3.812695335900000373e+03	2.178845238139164309e-01
3.812890635900000234e+03	2.231500498697656099e-01
3.813085935900000095e+03	2.433413989248975895e-01
3.813281235899999956e+03	2.562036389950286264e-01
3.813476535900000272e+03	2.514200347156041460e-01
3.813671835900000133e+03	2.750970239691739039e-01
3.813867235900000196e+03	2.250362464153905506e-01
3.814062535900000057e+03	2.480203250649193336e-01
3.814257835900000373e+03	2.401511081622835775e-01
3.814453135900000234e+03	2.731654892920687416e-01
3.814648435900000095e+03	2.256209686206780418e-01
3.814843735899999956e+03	2.477252624832644301e-01
3.815039035900000272e+03	2.453214445389466647e-01
3.815234335900000133e+03	2.587155293959320090e-01
3.815429735900000196e+03	2.317223857214223415e-01
3.815625035900000057e+03	2.346402003156544680e-01
3.815820335900000373e+03	2.291861250234852321e-01
3.816015635900000234e+03	2.627428577287727052e-01
3.816210935900000095e+03	2.677620969692000585e-01
3.816406235899999956e+03	2.371906556706289138e-01
3.816601535900000272e+03	2.501308086982323431e-01
3.816796835900000133e+03	2.422593166785915741e-01
3.816992235900000196e+03	2.255481137412154169e-01
3.817187535900000057e+03	2.137209242064681547e-01
3.817382835900000373e+03	2.432469642786436737e-01
3.817578135900000234e+03	2.385258159262786393e-01
3.817773435900000095e+03	2.583694777713834156e-01
3.817968735899999956e+03	2.250047479761363434e-01
3.818164035900000272e+03	2.635360487070048663e-01
3.818359335900000133e+03	2.503884548048684877e-01
3.818554735900000196e+03	2.884957033912591839e-01
3.818750035900000057e+03	2.593073164539649866e-01
3.818945335900000373e+03	2.306860857168935297e-01
3.819140635900000234e+03	2.400714251071374150e-01
3.819335935900000095e+03	2.550473861571802559e-01
3.819531235899999956e+03	2.417625206223767975e-01
3.819726535900000272e+03	2.406656404303220143e-01
3.819921835900000133e+03	2.567591121545742539e-01
3.820117235900000196e+03	2.162686096149393222e-01
3.820312535900000057e+03	2.412667202832317059e-01
3.820507835900000373e+03	2.382985233250405344e-01
3.820703135900000234e+03	2.473938176994181504e-01
3.820898435900000095e+03	2.151065725016305663e-01
3.821093735899999956e+03	2.502694817661232918e-01
3.821289035900000272e+03	2.298111195920427008e-01
3.821484335900000133e+03	2.662368762572100422e-01
3.821679735900000196e+03	2.874911975298957145e-01
3.821875035900000057e+03	2.753249350664948025e-01
3.822070335900000373e+03	3.139198313633038140e-01
3.822265635900000234e+03	2.459942276751299062e-01
3.822460935900000095e+03	2.756923462861227137e-01
3.822656235899999956e+03	2.602392512650890666e-01
3.822851535900000272e+03	2.358967725815919181e-01
3.823046835900000133e+03	2.658820816628306716e-01
3.823242235900000196e+03	2.455939260488655407e-01
3.823437535900000057e+03	2.317981644708329014e-01
3.823632835900000373e+03	2.236038940129958519e-01
3.823828135900000234e+03	2.455742314385425118e-01
3.824023435900000095e+03	2.557513667923814182e-01
3.824218735899999956e+03	2.856578675393990352e-01
3.824414035900000272e+03	2.387215915080922457e-01
3.824609335900000133e+03	2.516432546794291625e-01
3.824804735900000196e+03	2.529284749179829817e-01
3.825000035900000057e+03	2.605950803300807195e-01
3.825195335900000373e+03	2.120751889082139741e-01
3.825390635900000234e+03	2.703131018782549688e-01
3.825585935900000095e+03	2.360118923101399702e-01
3.825781235899999956e+03	2.582485498409976543e-01
3.825976535900000272e+03	2.371080134653968940e-01
3.826171835900000133e+03	2.261820692190994464e-01
3.826367235900000196e+03	2.606963479822805851e-01
3.826562535900000057e+03	2.476898642010834095e-01
3.826757835900000373e+03	2.479780250344543191e-01
3.826953135900000234e+03	2.568928332937971959e-01
3.827148435900000095e+03	2.354274048529703123e-01
3.827343735899999956e+03	2.589583343665182724e-01
3.827539035900000272e+03	2.677552087151084947e-01
3.827734335900000133e+03	2.414713472813438955e-01
3.827929735900000196e+03	2.599934864368265153e-01
3.828125035900000057e+03	2.569675644682369864e-01
3.828320335900000373e+03	2.561643171780385586e-01
3.828515635900000234e+03	2.661680907200292268e-01
3.828710935900000095e+03	2.333993129862133031e-01
3.828906235899999956e+03	2.379787686405148150e-01
3.829101535900000272e+03	2.588138237668253794e-01
3.829296835900000133e+03	2.176993947453293998e-01
3.829492235900000196e+03	2.149184705367197523e-01
3.829687535900000057e+03	2.177062883684328654e-01
3.829882835900000373e+03	2.365943883090970701e-01
3.830078135900000234e+03	2.575672721343167382e-01
3.830273435900000095e+03	2.245883475608891899e-01
3.830468735899999956e+03	2.124533969772990361e-01
3.830664035900000272e+03	2.084760715174525103e-01
3.830859335900000133e+03	2.403704993387947297e-01
3.831054735900000196e+03	2.180273007216761982e-01
3.831250035900000057e+03	2.288081785494977538e-01
3.831445335900000373e+03	2.339316933236723628e-01
3.831640635900000234e+03	2.348478231460937593e-01
3.831835935900000095e+03	2.521988378451922586e-01
3.832031235899999956e+03	2.115098543021751709e-01
3.832226535900000272e+03	2.299567789131806705e-01
3.832421835900000133e+03	2.073077657466768642e-01
3.832617235900000196e+03	2.184556265516057749e-01
3.832812535900000057e+03	1.934474911970056610e-01
3.833007835900000373e+03	2.110183604308275562e-01
3.833203135900000234e+03	2.012122016022317439e-01
3.833398435900000095e+03	2.123322549429893513e-01
3.833593735899999956e+03	2.407413751422478043e-01
3.833789035900000272e+03	2.727390804296785376e-01
3.833984335900000133e+03	2.067896012951191409e-01
3.834179735900000196e+03	2.248373870122080120e-01
3.834375035900000057e+03	2.177102384559042036e-01
3.834570335900000373e+03	2.110351041408939921e-01
3.834765635900000234e+03	2.272234939305857182e-01
3.834960935900000095e+03	2.357865631166013998e-01
3.835156235899999956e+03	2.241158245077183864e-01
3.835351535900000272e+03	2.274863143350014383e-01
3.835546835900000133e+03	2.086041199063934926e-01
3.835742235900000196e+03	2.015048431363588577e-01
3.835937535900000057e+03	1.999686633171826600e-01
3.836132835900000373e+03	2.022123063033713919e-01
3.836328135900000234e+03	2.016487123309289586e-01
3.836523435900000095e+03	2.181828826391658538e-01
3.836718735899999956e+03	2.373825200997785601e-01
3.836914035900000272e+03	2.227365784008572547e-01
3.837109335900000133e+03	1.949288806849658329e-01
3.837304735900000196e+03	2.168170967965252771e-01
3.837500035900000057e+03	2.069324415729241196e-01
3.837695335900000373e+03	2.286438191282584853e-01
3.837890635900000234e+03	2.210038105035909695e-01
3.838085935900000095e+03	2.261111861278237711e-01
3.838281235899999956e+03	2.098610205430482267e-01
3.838476535900000272e+03	2.218219663365346150e-01
3.838671835900000133e+03	2.194609538892571265e-01
3.838867235900000196e+03	2.257833862083984400e-01
3.839062535900000057e+03	2.299390671773728911e-01
3.839257835900000373e+03	2.196765770889630431e-01
3.839453135900000234e+03	1.955271247441778826e-01
3.839648435900000095e+03	2.352394642647226419e-01
3.839843735899999956e+03	2.426232945725921297e-01
3.840039035900000272e+03	2.337565308706661682e-01
3.840234335900000133e+03	2.049128767585699507e-01
3.840429735900000196e+03	2.203303537986798233e-01
3.840625035900000057e+03	2.288131160791699870e-01
3.840820335900000373e+03	2.438371580568237107e-01
3.841015635900000234e+03	2.230457122462130570e-01
3.841210935900000095e+03	1.766030516914529613e-01
3.841406235899999956e+03	2.383004840642932720e-01
3.841601535900000272e+03	2.187392107520498286e-01
3.841796835900000133e+03	2.161002088964849577e-01
3.841992235900000196e+03	2.030064487446345822e-01
3.842187535900000057e+03	2.280739299696179501e-01
3.842382835900000373e+03	2.041995743242210892e-01
3.842578135900000234e+03	2.348310953843828486e-01
3.842773435900000095e+03	1.691464215194677934e-01
3.842968735899999956e+03	2.144024348488500209e-01
3.843164035900000272e+03	2.137002484939465319e-01
3.843359335900000133e+03	2.118614629477484357e-01
3.843554735900000196e+03	2.385051353769398474e-01
3.843750035900000057e+03	1.965511095626339966e-01
3.843945335900000373e+03	2.102530365406156676e-01
3.844140635900000234e+03	1.955340244811498707e-01
3.844335935900000095e+03	2.317588126389207304e-01
3.844531235899999956e+03	2.239573028983432579e-01
3.844726535900000272e+03	2.022083537670464892e-01
3.844921835900000133e+03	2.279095403524209473e-01
3.845117235900000196e+03	2.054438839794947569e-01
3.845312535900000057e+03	1.880593769108980240e-01
3.845507835900000373e+03	2.310472734816180207e-01
3.845703135900000234e+03	1.820044820499511218e-01
3.845898435900000095e+03	2.198183626649470312e-01
3.846093735899999956e+03	2.354500235574334965e-01
3.846289035900000272e+03	2.407020374021247022e-01
3.846484335900000133e+03	2.110311699199804991e-01
3.846679735900000196e+03	1.993360404824944254e-01
3.846875035900000057e+03	2.012269797643710945e-01
3.847070335900000373e+03	1.998780175337380172e-01
3.847265635900000234e+03	1.968418331558510204e-01
3.847460935900000095e+03	2.263021463910259712e-01
3.847656235899999956e+03	2.379856482182489685e-01
3.847851535900000272e+03	2.035739559882365768e-01
3.848046835900000133e+03	1.978017083468905923e-01
3.848242235900000196e+03	2.023285715304101728e-01
3.848437535900000057e+03	1.981899855985531644e-01
3.848632835900000373e+03	2.377445998684528661e-01
3.848828135900000234e+03	2.172267414196049629e-01
3.849023435900000095e+03	2.005520083504848117e-01
3.849218735899999956e+03	1.910690229370022308e-01
3.849414035900000272e+03	2.231835210300285866e-01
3.849609335900000133e+03	2.074525746883217892e-01
3.849804735900000196e+03	1.728745140235670164e-01
3.850000035900000057e+03	1.987684370998685779e-01
3.850195335900000373e+03	1.872756084738380622e-01
3.850390635900000234e+03	2.045049937465961420e-01
3.850585935900000095e+03	1.983949571238792231e-01
3.850781235899999956e+03	1.771267721845326548e-01
3.850976535900000272e+03	1.970507606106224330e-01
3.851171835900000133e+03	1.760803030616386877e-01
3.851367235900000196e+03	2.137613027070290883e-01
3.851562535900000057e+03	1.918359160716871514e-01
3.851757835900000373e+03	2.189007004004466239e-01
3.851953135900000234e+03	1.817904991117913482e-01
3.852148435900000095e+03	1.654394732487762809e-01
3.852343735899999956e+03	1.759076919493178792e-01
3.852539035900000272e+03	1.641833159359897820e-01
3.852734335900000133e+03	1.985082773666242417e-01
3.852929735900000196e+03	1.811090907836536701e-01
3.853125035900000057e+03	2.229649682586121173e-01
3.853320335900000373e+03	2.001401267607612056e-01
3.853515635900000234e+03	1.826030350173866168e-01
3.853710935900000095e+03	2.095773356180998803e-01
3.853906235899999956e+03	2.067058599567239696e-01
3.854101535900000272e+03	1.963175343868162059e-01
3.854296835900000133e+03	1.776001835187646094e-01
3.854492235900000196e+03	2.018989706458818034e-01
3.854687535900000057e+03	1.809335664557583101e-01
3.854882835900000373e+03	1.961036737496293370e-01
3.855078135900000234e+03	1.812067167113831090e-01
3.855273435900000095e+03	1.792432569963864353e-01
3.855468735899999956e+03	1.720754749256947491e-01
3.855664035900000272e+03	1.617418613491405921e-01
3.855859335900000133e+03	2.006682897576830271e-01
3.856054735900000196e+03	1.932700806023461837e-01
3.856250035900000057e+03	1.822046648131792068e-01
3.856445335900000373e+03	2.028310694333690378e-01
3.856640635900000234e+03	2.150051366880134651e-01
3.856835935900000095e+03	2.048370079921628673e-01
3.857031235899999956e+03	1.998267736147028018e-01
3.857226535900000272e+03	1.971187632426243397e-01
3.857421835900000133e+03	2.062152617518080433e-01
3.857617235900000196e+03	1.868812506163806120e-01
3.857812535900000057e+03	1.981121325477612771e-01
3.858007835900000373e+03	2.131191812253732110e-01
3.858203135900000234e+03	2.174739087834947071e-01
3.858398435900000095e+03	1.984718104318332621e-01
3.858593735899999956e+03	2.037690238442770863e-01
3.858789035900000272e+03	2.067235881636229067e-01
3.858984335900000133e+03	1.985250294527940440e-01
3.859179735900000196e+03	2.208896026447852989e-01
3.859375035900000057e+03	1.628461744787035315e-01
3.859570335900000373e+03	2.110163890887797322e-01
3.859765635900000234e+03	2.090454177097065269e-01
3.859960935900000095e+03	2.171194100852851250e-01
3.860156235899999956e+03	2.188455539977027797e-01
3.860351535900000272e+03	1.874668654789708455e-01
3.860546835900000133e+03	2.008722591430966986e-01
3.860742235900000196e+03	2.036606614641218727e-01
3.860937535900000057e+03	2.167353683848247670e-01
3.861132835900000373e+03	1.938979293031746209e-01
3.861328135900000234e+03	1.922449793574987353e-01
3.861523435900000095e+03	2.174542089042539317e-01
3.861718735899999956e+03	1.983111876804919405e-01
3.861914035900000272e+03	1.949535171358114383e-01
3.862109335900000133e+03	2.424324506243369370e-01
3.862304735900000196e+03	1.879588137212024890e-01
3.862500035900000057e+03	1.918428168262842348e-01
3.862695335900000373e+03	1.987300066984953872e-01
3.862890635900000234e+03	2.073353432285252040e-01
3.863085935900000095e+03	2.358751093897897277e-01
3.863281235899999956e+03	2.232130598413899492e-01
3.863476535900000272e+03	1.687823643903740845e-01
3.863671835900000133e+03	2.039266664031060827e-01
3.863867235900000196e+03	2.072112231657801118e-01
3.864062535900000057e+03	1.930837871177857323e-01
3.864257835900000373e+03	2.238903710622857091e-01
3.864453135900000234e+03	2.136116151413975928e-01
3.864648435900000095e+03	2.091212737111689535e-01
3.864843735899999956e+03	2.344207587820079652e-01
3.865039035900000272e+03	2.450096628988358560e-01
3.865234335900000133e+03	2.227818641478567230e-01
3.865429735900000196e+03	1.881234492133536662e-01
3.865625035900000057e+03	2.458870114441182864e-01
3.865820335900000373e+03	1.782964790105516784e-01
3.866015635900000234e+03	2.616547521035919033e-01
3.866210935900000095e+03	2.071225668098328754e-01
3.866406235899999956e+03	2.244554341788322915e-01
3.866601535900000272e+03	2.203116541616871871e-01
3.866796835900000133e+03	1.972232260320225805e-01
3.866992235900000196e+03	2.483920925297304905e-01
3.867187535900000057e+03	2.479327765102681269e-01
3.867382835900000373e+03	1.861861677032177198e-01
3.867578135900000234e+03	2.189154681127991608e-01
3.867773435900000095e+03	2.266860580115768187e-01
3.867968735899999956e+03	2.455624450813047588e-01
3.868164035900000272e+03	1.843463499868285282e-01
3.868359335900000133e+03	2.528134078506649729e-01
3.868554735900000196e+03	2.242782434236225697e-01
3.868750035900000057e+03	2.488346479228358277e-01
3.868945335900000373e+03	2.328501922108188182e-01
3.869140635900000234e+03	2.095477806894141537e-01
3.869335935900000095e+03	2.257459866252471414e-01
3.869531235899999956e+03	1.889525466162940148e-01
3.869726535900000272e+03	2.072230445536256127e-01
3.869921835900000133e+03	2.692813494421013587e-01
3.870117235900000196e+03	2.704113589738987855e-01
3.870312535900000057e+03	2.369584488034881531e-01
3.870507835900000373e+03	2.437545378517320671e-01
3.870703135900000234e+03	2.004357433314041259e-01
3.870898435900000095e+03	1.843217030954029667e-01
3.871093735899999956e+03	2.138469830805220795e-01
3.871289035900000272e+03	2.515075625879745758e-01
3.871484335900000133e+03	2.589317849449734865e-01
3.871679735900000196e+03	2.180932670992845601e-01
3.871875035900000057e+03	1.921473879909996185e-01
3.872070335900000373e+03	1.766888593708948463e-01
3.872265635900000234e+03	2.175329829525836089e-01
3.872460935900000095e+03	2.106854467824916810e-01
3.872656235899999956e+03	2.370971866231936787e-01
3.872851535900000272e+03	2.345595107019811110e-01
3.873046835900000133e+03	2.242034227827716109e-01
3.873242235900000196e+03	2.422484920701784006e-01
3.873437535900000057e+03	2.245400885338888486e-01
3.873632835900000373e+03	2.097644793571191713e-01
3.873828135900000234e+03	2.234138940805294737e-01
3.874023435900000095e+03	2.055059484732488784e-01
3.874218735899999956e+03	2.168308845274875551e-01
3.874414035900000272e+03	2.054773788535833035e-01
3.874609335900000133e+03	2.109060782935952005e-01
3.874804735900000196e+03	2.093675227901528046e-01
3.875000035900000057e+03	2.229866426495625831e-01
3.875195335900000373e+03	2.383752709391817604e-01
3.875390635900000234e+03	1.977612956086538532e-01
3.875585935900000095e+03	2.221311199534063974e-01
3.875781235899999956e+03	2.197484510754765807e-01
3.875976535900000272e+03	2.025335091539570698e-01
3.876171835900000133e+03	2.165630374602649511e-01
3.876367235900000196e+03	1.828081342053806679e-01
3.876562535900000057e+03	2.000110447002363401e-01
3.876757835900000373e+03	2.170337409269116336e-01
3.876953135900000234e+03	2.094433608921164591e-01
3.877148435900000095e+03	2.144221286736520682e-01
3.877343735899999956e+03	1.518117265625988921e-01
3.877539035900000272e+03	1.509636403368102009e-01
3.877734335900000133e+03	1.746204803459487920e-01
3.877929735900000196e+03	1.910384639124949047e-01
3.878125035900000057e+03	2.089547878897146660e-01
3.878320335900000373e+03	1.957045362723963677e-01
3.878515635900000234e+03	1.985595324509148440e-01
3.878710935900000095e+03	2.066368933043971623e-01
3.878906235899999956e+03	1.922538528205031128e-01
3.879101535900000272e+03	1.625895832018322551e-01
3.879296835900000133e+03	1.954650354917486510e-01
3.879492235900000196e+03	1.738343254612146893e-01
3.879687535900000057e+03	1.597729337173898756e-01
3.879882835900000373e+03	1.583822358256519180e-01
3.880078135900000234e+03	1.778004014833260982e-01
3.880273435900000095e+03	1.715713764083659498e-01
3.880468735899999956e+03	1.910197254287524515e-01
3.880664035900000272e+03	1.785085178954304297e-01
3.880859335900000133e+03	1.792363612401395301e-01
3.881054735900000196e+03	2.183926130422477740e-01
3.881250035900000057e+03	2.084859123043614204e-01
3.881445335900000373e+03	1.818684029368498045e-01
3.881640635900000234e+03	1.966713375789375107e-01
3.881835935900000095e+03	2.194018673609914316e-01
3.882031235899999956e+03	2.111926924463674027e-01
3.882226535900000272e+03	2.245213920468245306e-01
3.882421835900000133e+03	2.389095143393262788e-01
3.882617235900000196e+03	2.167855879963003218e-01
3.882812535900000057e+03	1.863794147832980030e-01
3.883007835900000373e+03	2.080623318858165760e-01
3.883203135900000234e+03	2.165955362215647995e-01
3.883398435900000095e+03	1.998809716315879115e-01
3.883593735899999956e+03	2.106391491994656917e-01
3.883789035900000272e+03	2.037857808714669261e-01
3.883984335900000133e+03	1.996375748069905143e-01
3.884179735900000196e+03	2.387353671549377054e-01
3.884375035900000057e+03	2.020556347333126723e-01
3.884570335900000373e+03	1.801761997344275557e-01
3.884765635900000234e+03	2.246158975296062010e-01
3.884960935900000095e+03	2.166093240747368753e-01
3.885156235899999956e+03	2.290384997419909752e-01
3.885351535900000272e+03	2.087302045788863580e-01
3.885546835900000133e+03	2.373962964854730018e-01
3.885742235900000196e+03	1.993498378542764016e-01
3.885937535900000057e+03	2.147894647282058145e-01
3.886132835900000373e+03	1.860885611849845134e-01
3.886328135900000234e+03	1.979633247867251811e-01
3.886523435900000095e+03	2.147284045665305285e-01
3.886718735899999956e+03	2.036754381799621427e-01
3.886914035900000272e+03	1.951604877636405888e-01
3.887109335900000133e+03	2.020044122017576882e-01
3.887304735900000196e+03	1.731635467705316955e-01
3.887500035900000057e+03	2.082879196654374709e-01
3.887695335900000373e+03	2.243333609269004825e-01
3.887890635900000234e+03	2.320983268765814955e-01
3.888085935900000095e+03	1.900684728089636621e-01
3.888281235899999956e+03	1.896682398667870473e-01
3.888476535900000272e+03	1.916989081807614070e-01
3.888671835900000133e+03	2.098866237783845179e-01
3.888867235900000196e+03	2.356468375407505533e-01
3.889062535900000057e+03	2.273809886543354253e-01
3.889257835900000373e+03	2.312746067311888254e-01
3.889453135900000234e+03	2.147156138903305589e-01
3.889648435900000095e+03	1.826562877845443467e-01
3.889843735899999956e+03	2.557474396095038571e-01
3.890039035900000272e+03	2.388504737964947111e-01
3.890234335900000133e+03	2.429489046953818843e-01
3.890429735900000196e+03	2.456007950791843086e-01
3.890625035900000057e+03	2.369191051023733507e-01
3.890820335900000373e+03	2.450863645345346953e-01
3.891015635900000234e+03	2.059029663356852780e-01
3.891210935900000095e+03	2.264006023078586338e-01
3.891406235899999956e+03	2.235271094536877001e-01
3.891601535900000272e+03	2.093015249241645392e-01
3.891796835900000133e+03	2.291792514758217436e-01
3.891992235900000196e+03	2.064182042927029670e-01
3.892187535900000057e+03	2.309183255515740996e-01
3.892382835900000373e+03	2.496273013939145358e-01
3.892578135900000234e+03	2.466315928911573252e-01
3.892773435900000095e+03	2.423203095834463028e-01
3.892968735899999956e+03	2.310354549027451299e-01
3.893164035900000272e+03	2.502114479919459455e-01
3.893359335900000133e+03	2.223033786624171171e-01
3.893554735900000196e+03	2.411073525899389836e-01
3.893750035900000057e+03	2.039995758563666328e-01
3.893945335900000373e+03	2.342574168192097517e-01
3.894140635900000234e+03	2.191547275194860589e-01
3.894335935900000095e+03	2.022034363708726801e-01
3.894531235899999956e+03	2.366849179398311520e-01
3.894726535900000272e+03	2.473633274644129187e-01
3.894921835900000133e+03	2.391308771011395606e-01
3.895117235900000196e+03	2.146161390893048804e-01
3.895312535900000057e+03	2.291162565493145564e-01
3.895507835900000373e+03	2.313966460691929683e-01
3.895703135900000234e+03	2.113020205476612290e-01
3.895898435900000095e+03	1.951890691663233923e-01
3.896093735899999956e+03	2.140134194123390898e-01
3.896289035900000272e+03	2.389065648508790218e-01
3.896484335900000133e+03	2.092355268840009330e-01
3.896679735900000196e+03	2.025226673237199293e-01
3.896875035900000057e+03	2.414910113278203596e-01
3.897070335900000373e+03	1.817244284820240807e-01
3.897265635900000234e+03	2.133555520690837426e-01
3.897460935900000095e+03	2.008436757668707884e-01
3.897656235899999956e+03	2.084543930033095904e-01
3.897851535900000272e+03	2.257873434750568009e-01
3.898046835900000133e+03	2.000208972823003251e-01
3.898242235900000196e+03	2.373884109846535750e-01
3.898437535900000057e+03	2.567217673961135205e-01
3.898632835900000373e+03	2.370558484963165569e-01
3.898828135900000234e+03	1.939590403333184554e-01
