# time(sec)	crack length FEA(mm)
4.337382733590000134e+04	1.885895388286717989e+00
4.337402233590000105e+04	1.903974184905447231e+00
4.337421733590000076e+04	1.905523561770634089e+00
4.337441333589999704e+04	1.907548000983945613e+00
4.337460833589999675e+04	1.885805327535113207e+00
4.337480333589999645e+04	1.878629443375047003e+00
4.337499933590000001e+04	1.905230131497141599e+00
4.337519433589999971e+04	1.918486642200747383e+00
4.337538933589999942e+04	1.911682198640081154e+00
4.337558533590000297e+04	1.891074620265062123e+00
4.337578033590000268e+04	1.888378700185759484e+00
4.337597533590000239e+04	1.897336265925204657e+00
4.337617133589999867e+04	1.940352477050986124e+00
4.337636633589999838e+04	1.918701074071741175e+00
4.337656133589999808e+04	1.916312914397973799e+00
4.337675733590000164e+04	1.885990890146548082e+00
4.337695233590000134e+04	1.898784186283872799e+00
4.337714733590000105e+04	1.890979139817972055e+00
4.337734233590000076e+04	1.888077477773780544e+00
4.337753833589999704e+04	1.928608161597562543e+00
4.337773333589999675e+04	1.894065769328163285e+00
4.337792833589999645e+04	1.866095741730767088e+00
4.337812433590000001e+04	1.878796684082441715e+00
4.337831933589999971e+04	1.888890769101244871e+00
4.337851433589999942e+04	1.900455130581331531e+00
4.337871033590000297e+04	1.919427985357319955e+00
4.337890533590000268e+04	1.924296216442090923e+00
4.337910033590000239e+04	1.950386441287168537e+00
4.337929633589999867e+04	1.931564055402439806e+00
4.337949133589999838e+04	1.916454124055643859e+00
4.337968633589999808e+04	1.897459228462068381e+00
4.337988233590000164e+04	1.916888615842006871e+00
4.338007733590000134e+04	1.918797382693718134e+00
4.338027233590000105e+04	1.913873856982268862e+00
4.338046733590000076e+04	1.913189931750057582e+00
4.338066333589999704e+04	1.908057036950342678e+00
4.338085833589999675e+04	1.924185287647111053e+00
4.338105333589999645e+04	1.915730661367014420e+00
4.338124933590000001e+04	1.899318246122813747e+00
4.338144433589999971e+04	1.931284499724078785e+00
4.338163933589999942e+04	1.899274267054471110e+00
4.338183533590000297e+04	1.950661042558907710e+00
4.338203033590000268e+04	1.915368448792879263e+00
4.338222533590000239e+04	1.938997063823965306e+00
4.338242133589999867e+04	1.958943592613211493e+00
4.338261633589999838e+04	1.934731088545884603e+00
4.338281133589999808e+04	1.906454571004029930e+00
4.338300733590000164e+04	1.955615008865223103e+00
4.338320233590000134e+04	1.867188357251736264e+00
4.338339733590000105e+04	1.919043152879584824e+00
4.338359233590000076e+04	1.911581369689322685e+00
4.338378833589999704e+04	1.922374292238714588e+00
4.338398333589999675e+04	1.924956188225859677e+00
4.338417833589999645e+04	1.886537080503025265e+00
4.338437433590000001e+04	1.905934546868460089e+00
4.338456933589999971e+04	1.939220506473537498e+00
4.338476433589999942e+04	1.922832447937114608e+00
4.338496033590000297e+04	1.908819111970277760e+00
4.338515533590000268e+04	1.912490153163622253e+00
4.338535033590000239e+04	1.935381549144938873e+00
4.338554633589999867e+04	1.894407037973584451e+00
4.338574133589999838e+04	1.886391977793341113e+00
4.338593633589999808e+04	1.932821068798102004e+00
4.338613233590000164e+04	1.942923196001897779e+00
4.338632733590000134e+04	1.937163177095710509e+00
4.338652233590000105e+04	1.924095615214403310e+00
4.338671733590000076e+04	1.924404389207307275e+00
4.338691333589999704e+04	1.892086877495820829e+00
4.338710833589999675e+04	1.900259677210325293e+00
4.338730333589999645e+04	1.918774467106189263e+00
4.338749933590000001e+04	1.916133191741248964e+00
4.338769433589999971e+04	1.895746915086572670e+00
4.338788933589999942e+04	1.910024214337413540e+00
4.338808533590000297e+04	1.895659731281810423e+00
4.338828033590000268e+04	1.911764909553472336e+00
4.338847533590000239e+04	1.888135356945760179e+00
4.338867133589999867e+04	1.904616389774769658e+00
4.338886633589999838e+04	1.897645641548223239e+00
4.338906133589999808e+04	1.945549467326726401e+00
4.338925733590000164e+04	1.938679126302417899e+00
4.338945233590000134e+04	1.923571272363789220e+00
4.338964733590000105e+04	1.902181667198076909e+00
4.338984233590000076e+04	1.942707105756152686e+00
4.339003833589999704e+04	1.914813738022491663e+00
4.339023333589999675e+04	1.907080081185320353e+00
4.339042833589999645e+04	1.913525477518708939e+00
4.339062433590000001e+04	1.916919802533554318e+00
4.339081933589999971e+04	1.879254775309851411e+00
4.339101433589999942e+04	1.895242095709983587e+00
4.339121033590000297e+04	1.908637439017333293e+00
4.339140533590000268e+04	1.919582168499768926e+00
4.339160033590000239e+04	1.914145357675998582e+00
4.339179633589999867e+04	1.914964093314210913e+00
4.339199133589999838e+04	1.923425461951941529e+00
4.339218633589999808e+04	1.897020580202831042e+00
4.339238233590000164e+04	1.906462844018783187e+00
4.339257733590000134e+04	1.916079873220208896e+00
4.339277233590000105e+04	1.912764348588797958e+00
4.339296733590000076e+04	1.955104212059911362e+00
4.339316333589999704e+04	1.920835123494679664e+00
4.339335833589999675e+04	1.879219986891321525e+00
4.339355333589999645e+04	1.892507330584354719e+00
4.339374933590000001e+04	1.886726264652192953e+00
4.339394433589999971e+04	1.905631745496025431e+00
4.339413933589999942e+04	1.901380831584233988e+00
4.339433533590000297e+04	1.948090338879982397e+00
4.339453033590000268e+04	1.879676491895065027e+00
4.339472533590000239e+04	1.916346700837966210e+00
4.339492133589999867e+04	1.880447725459209352e+00
4.339511633589999838e+04	1.883391534587950389e+00
4.339531133589999808e+04	1.896548107511558001e+00
4.339550733590000164e+04	1.909882964564072694e+00
4.339570233590000134e+04	1.897319713225050108e+00
4.339589733590000105e+04	1.866025966620705745e+00
4.339609233590000076e+04	1.879933572663393448e+00
4.339628833589999704e+04	1.909330955465311064e+00
4.339648333589999675e+04	1.894663084624816918e+00
4.339667833589999645e+04	1.878350337976982587e+00
4.339687433590000001e+04	1.901811908789492023e+00
4.339706933589999971e+04	1.873301392745648997e+00
4.339726433589999942e+04	1.884686162732887027e+00
4.339746033590000297e+04	1.878993190338142938e+00
4.339765533590000268e+04	1.937167898120941700e+00
4.339785033590000239e+04	1.912243602875797421e+00
4.339804633589999867e+04	1.853667339141061632e+00
4.339824133589999838e+04	1.896021313281103460e+00
4.339843633589999808e+04	1.886987760443744833e+00
4.339863233590000164e+04	1.883241127366975576e+00
4.339882733590000134e+04	1.897533636237236365e+00
4.339902233590000105e+04	1.895360497516405118e+00
4.339921733590000076e+04	1.885798939674870667e+00
4.339941333589999704e+04	1.895735090901247588e+00
4.339960833589999675e+04	1.866966886448629737e+00
4.339980333589999645e+04	1.878660682770636470e+00
4.339999933590000001e+04	1.872009902400950665e+00
4.340019433589999971e+04	1.866591975495948574e+00
4.340038933589999942e+04	1.884269350224681006e+00
4.340058533590000297e+04	1.906145552040650060e+00
4.340078033590000268e+04	1.874323675135906697e+00
4.340097533590000239e+04	1.871645964555090913e+00
4.340117133589999867e+04	1.881035460873508924e+00
4.340136633589999838e+04	1.898208103197344343e+00
4.340156133589999808e+04	1.868542628675642803e+00
4.340175733590000164e+04	1.862091929535976575e+00
4.340195233590000134e+04	1.874263078019593465e+00
4.340214733590000105e+04	1.855306547578736698e+00
4.340234233590000076e+04	1.890190760294160555e+00
4.340253833589999704e+04	1.865783330688429942e+00
4.340273333589999675e+04	1.863700927860298506e+00
4.340292833589999645e+04	1.864287439468157004e+00
4.340312433590000001e+04	1.890789123858784393e+00
4.340331933589999971e+04	1.869713176881806049e+00
4.340351433589999942e+04	1.843273141544493399e+00
4.340371033590000297e+04	1.885147999395197616e+00
4.340390533590000268e+04	1.888300635075754741e+00
4.340410033590000239e+04	1.865211855201497571e+00
4.340429633589999867e+04	1.869181260490123009e+00
4.340449133589999838e+04	1.877825014122107561e+00
4.340468633589999808e+04	1.877778153286392637e+00
4.340488233590000164e+04	1.869961137206805901e+00
4.340507733590000134e+04	1.874187804813809421e+00
4.340527233590000105e+04	1.892013555607290343e+00
4.340546733590000076e+04	1.859378746388504311e+00
4.340566333589999704e+04	1.899227529348848975e+00
4.340585833589999675e+04	1.872565582883243707e+00
4.340605333589999645e+04	1.894768718791944195e+00
4.340624933590000001e+04	1.871016635015735119e+00
4.340644433589999971e+04	1.906016096897364065e+00
4.340663933589999942e+04	1.871324476009032622e+00
4.340683533590000297e+04	1.885036878694199558e+00
4.340703033590000268e+04	1.862880338751338627e+00
4.340722533590000239e+04	1.933410043518017929e+00
4.340742133589999867e+04	1.866895140810642673e+00
4.340761633589999838e+04	1.868317540614789607e+00
4.340781133589999808e+04	1.885355570459644525e+00
4.340800733590000164e+04	1.892543044691326060e+00
4.340820233590000134e+04	1.869506409676425562e+00
4.340839733590000105e+04	1.886280074580319877e+00
4.340859233590000076e+04	1.849044192717101964e+00
4.340878833589999704e+04	1.880307237796291275e+00
4.340898333589999675e+04	1.861264729612289059e+00
4.340917833589999645e+04	1.847180024769539131e+00
4.340937433590000001e+04	1.873932394811106406e+00
4.340956933589999971e+04	1.884768025859919760e+00
4.340976433589999942e+04	1.871448447708509377e+00
4.340996033590000297e+04	1.901231331778472367e+00
4.341015533590000268e+04	1.871492638602527236e+00
4.341035033590000239e+04	1.886206576186426176e+00
4.341054633589999867e+04	1.828235823055187836e+00
4.341074133589999838e+04	1.851772353040360031e+00
4.341093633589999808e+04	1.878100575967176056e+00
4.341113233590000164e+04	1.849772471381236016e+00
4.341132733590000134e+04	1.875326817945525804e+00
4.341152233590000105e+04	1.875133830411471081e+00
4.341171733590000076e+04	1.860633375323999417e+00
4.341191333589999704e+04	1.832443698272832933e+00
4.341210833589999675e+04	1.893144184293618082e+00
4.341230333589999645e+04	1.890953357662967349e+00
4.341249933590000001e+04	1.862434705785549482e+00
4.341269433589999971e+04	1.893474587480454829e+00
4.341288933589999942e+04	1.875767621826810228e+00
4.341308533590000297e+04	1.850439118157504836e+00
4.341328033590000268e+04	1.870543699151252071e+00
4.341347533590000239e+04	1.852836989175184357e+00
4.341367133589999867e+04	1.849029500521242042e+00
4.341386633589999838e+04	1.882472591628205905e+00
4.341406133589999808e+04	1.867889298891631356e+00
4.341425733590000164e+04	1.845322340182731224e+00
4.341445233590000134e+04	1.897973141585993062e+00
4.341464733590000105e+04	1.877711017475974131e+00
4.341484233590000076e+04	1.880683736463646838e+00
4.341503833589999704e+04	1.876774329917619610e+00
4.341523333589999675e+04	1.867688118779877726e+00
4.341542833589999645e+04	1.873494238054755456e+00
4.341562433590000001e+04	1.877389535959324007e+00
4.341581933589999971e+04	1.889970381276420142e+00
4.341601433589999942e+04	1.879970253173732786e+00
4.341621033590000297e+04	1.895373504334925130e+00
4.341640533590000268e+04	1.868955073867367034e+00
4.341660033590000239e+04	1.873146184221878841e+00
4.341679633589999867e+04	1.863394956975879424e+00
4.341699133589999838e+04	1.871564369709799891e+00
4.341718633589999808e+04	1.898740284996314642e+00
4.341738233590000164e+04	1.880388170155288918e+00
4.341757733590000134e+04	1.846210792927598376e+00
4.341777233590000105e+04	1.866063537860462418e+00
4.341796733590000076e+04	1.890059321617275856e+00
4.341816333589999704e+04	1.889621476303883441e+00
4.341835833589999675e+04	1.913441197711236441e+00
4.341855333589999645e+04	1.898308045874747663e+00
4.341874933590000001e+04	1.861386072048130558e+00
4.341894433589999971e+04	1.850605539841286173e+00
4.341913933589999942e+04	1.877944453592192531e+00
4.341933533590000297e+04	1.877974747254778976e+00
4.341953033590000268e+04	1.858404428799460106e+00
4.341972533590000239e+04	1.889683924774880452e+00
4.341992133589999867e+04	1.858522075524453143e+00
4.342011633589999838e+04	1.851643692965794230e+00
4.342031133589999808e+04	1.868447053337614960e+00
4.342050733590000164e+04	1.872214752966490536e+00
4.342070233590000134e+04	1.917116923481042789e+00
4.342089733590000105e+04	1.891244371049470629e+00
4.342109233590000076e+04	1.873133164648239202e+00
4.342128833589999704e+04	1.878838809613402105e+00
4.342148333589999675e+04	1.854429348466961613e+00
4.342167833589999645e+04	1.834136763659397928e+00
4.342187433590000001e+04	1.837095827724660069e+00
4.342206933589999971e+04	1.861554150382332296e+00
4.342226433589999942e+04	1.884510053481960767e+00
4.342246033590000297e+04	1.856984250525194113e+00
4.342265533590000268e+04	1.880084238467089719e+00
4.342285033590000239e+04	1.882632232147187779e+00
4.342304633589999867e+04	1.870356273985404272e+00
4.342324133589999838e+04	1.905893259592097877e+00
4.342343633589999808e+04	1.888921994364686441e+00
4.342363233590000164e+04	1.890477998853290487e+00
4.342382733590000134e+04	1.888319796536739759e+00
4.342402233590000105e+04	1.872819035579933455e+00
4.342421733590000076e+04	1.871896823465410975e+00
4.342441333589999704e+04	1.868624471151452582e+00
4.342460833589999675e+04	1.893388340966623673e+00
4.342480333589999645e+04	1.875136670795910732e+00
4.342499933590000001e+04	1.875393803014107519e+00
4.342519433589999971e+04	1.889936397773901433e+00
4.342538933589999942e+04	1.889673753255348032e+00
4.342558533590000297e+04	1.894962248768505830e+00
4.342578033590000268e+04	1.894438255638865698e+00
4.342597533590000239e+04	1.857094561114323028e+00
4.342617133589999867e+04	1.875729987750691663e+00
4.342636633589999838e+04	1.917444220790724074e+00
4.342656133589999808e+04	1.884273057011117913e+00
4.342675733590000164e+04	1.916001037185676381e+00
4.342695233590000134e+04	1.917191109186012099e+00
4.342714733590000105e+04	1.892901917097141506e+00
4.342734233590000076e+04	1.913854717123800953e+00
4.342753833589999704e+04	1.888030638117710325e+00
4.342773333589999675e+04	1.893095699526647024e+00
4.342792833589999645e+04	1.878653346249780753e+00
4.342812433590000001e+04	1.907570927938932570e+00
4.342831933589999971e+04	1.850940196177230490e+00
4.342851433589999942e+04	1.902283483671062925e+00
4.342871033590000297e+04	1.884297900351391775e+00
4.342890533590000268e+04	1.906871054450064662e+00
4.342910033590000239e+04	1.900537567263661742e+00
4.342929633589999867e+04	1.914384641053247904e+00
4.342949133589999838e+04	1.894875061944929939e+00
4.342968633589999808e+04	1.872745651372975217e+00
4.342988233590000164e+04	1.882465256340202231e+00
4.343007733590000134e+04	1.885982609654394793e+00
4.343027233590000105e+04	1.879420118175115562e+00
4.343046733590000076e+04	1.908483417657492964e+00
4.343066333589999704e+04	1.899688045234510625e+00
4.343085833589999675e+04	1.861062543410703540e+00
4.343105333589999645e+04	1.913615270613195918e+00
4.343124933590000001e+04	1.856464828110283349e+00
4.343144433589999971e+04	1.882669066040191908e+00
4.343163933589999942e+04	1.871395181784389905e+00
4.343183533590000297e+04	1.906520676247016155e+00
4.343203033590000268e+04	1.890800162173851717e+00
4.343222533590000239e+04	1.887871035600017677e+00
4.343242133589999867e+04	1.891918079115210816e+00
4.343261633589999838e+04	1.892290600723846694e+00
4.343281133589999808e+04	1.885492241403492031e+00
4.343300733590000164e+04	1.900242180898914057e+00
4.343320233590000134e+04	1.922652855788237858e+00
4.343339733590000105e+04	1.901668874026556821e+00
4.343359233590000076e+04	1.908503743810001652e+00
4.343378833589999704e+04	1.882009753969601462e+00
4.343398333589999675e+04	1.871537618531284863e+00
4.343417833589999645e+04	1.900486261103697672e+00
4.343437433590000001e+04	1.899186151029843117e+00
4.343456933589999971e+04	1.897646350939705684e+00
4.343476433589999942e+04	1.882484422732888518e+00
4.343496033590000297e+04	1.865047356000031797e+00
4.343515533590000268e+04	1.871079134729786375e+00
4.343535033590000239e+04	1.926105404834501655e+00
4.343554633589999867e+04	1.905223749110065867e+00
4.343574133589999838e+04	1.855069324944992104e+00
4.343593633589999808e+04	1.897470263528902024e+00
4.343613233590000164e+04	1.864106356612698079e+00
4.343632733590000134e+04	1.862664509811862601e+00
4.343652233590000105e+04	1.869751767956973509e+00
4.343671733590000076e+04	1.913139363153653960e+00
4.343691333589999704e+04	1.887271491006341506e+00
4.343710833589999675e+04	1.927419555909910542e+00
4.343730333589999645e+04	1.889004709564282791e+00
4.343749933590000001e+04	1.864560324024857607e+00
4.343769433589999971e+04	1.863233286484595297e+00
4.343788933589999942e+04	1.891882364023484087e+00
4.343808533590000297e+04	1.860768300454935797e+00
4.343828033590000268e+04	1.882737922386365170e+00
4.343847533590000239e+04	1.880115396977002362e+00
4.343867133589999867e+04	1.886291903698706918e+00
4.343886633589999838e+04	1.882811274277750968e+00
4.343906133589999808e+04	1.868198997548006446e+00
4.343925733590000164e+04	1.889976767961460524e+00
4.343945233590000134e+04	1.890492664243412335e+00
4.343964733590000105e+04	1.875174305856157631e+00
4.343984233590000076e+04	1.860531371708713522e+00
4.344003833589999704e+04	1.883816723386198433e+00
4.344023333589999675e+04	1.953354112731544134e+00
4.344042833589999645e+04	1.912752533284162837e+00
4.344062433590000001e+04	1.898398766330339882e+00
4.344081933589999971e+04	1.866594659091081354e+00
4.344101433589999942e+04	1.901990011419186999e+00
4.344121033590000297e+04	1.904933860768869280e+00
4.344140533590000268e+04	1.911297943405273259e+00
4.344160033590000239e+04	1.909728006325606131e+00
4.344179633589999867e+04	1.926659838850802942e+00
4.344199133589999838e+04	1.915352854383607806e+00
4.344218633589999808e+04	1.886360039300488012e+00
4.344238233590000164e+04	1.907852510022049586e+00
4.344257733590000134e+04	1.900210104292900937e+00
4.344277233590000105e+04	1.922992040465345553e+00
4.344296733590000076e+04	1.910762511695436316e+00
4.344316333589999704e+04	1.897158284353377411e+00
4.344335833589999675e+04	1.877415333539943276e+00
4.344355333589999645e+04	1.883217229326547226e+00
4.344374933590000001e+04	1.892675178513961498e+00
4.344394433589999971e+04	1.899537588481114980e+00
4.344413933589999942e+04	1.942126475897227422e+00
4.344433533590000297e+04	1.951712863506882556e+00
4.344453033590000268e+04	1.914608248216502773e+00
4.344472533590000239e+04	1.942955290772950150e+00
4.344492133589999867e+04	1.923884777312876437e+00
4.344511633589999838e+04	1.956594193764523482e+00
4.344531133589999808e+04	1.927042888689399547e+00
4.344550733590000164e+04	1.938005156351593428e+00
4.344570233590000134e+04	1.915724281939340301e+00
4.344589733590000105e+04	1.922773870032070676e+00
4.344609233590000076e+04	1.899669681525059772e+00
4.344628833589999704e+04	1.905651128687209095e+00
4.344648333589999675e+04	1.928142487500606350e+00
4.344667833589999645e+04	1.965733588860025804e+00
4.344687433590000001e+04	1.931755460900586030e+00
4.344706933589999971e+04	1.940961552575281246e+00
4.344726433589999942e+04	1.913744682314877821e+00
4.344746033590000297e+04	1.929669195226242806e+00
4.344765533590000268e+04	1.976814080223920911e+00
4.344785033590000239e+04	1.924825895906344897e+00
4.344804633589999867e+04	1.928464194074644311e+00
4.344824133589999838e+04	1.952210055176688996e+00
4.344843633589999808e+04	1.914526807892190874e+00
4.344863233590000164e+04	1.895862476466348312e+00
4.344882733590000134e+04	1.912955125520579003e+00
4.344902233590000105e+04	1.923633627285424197e+00
4.344921733590000076e+04	1.928289999230853979e+00
4.344941333589999704e+04	1.916381668568902796e+00
4.344960833589999675e+04	1.896130488312135043e+00
4.344980333589999645e+04	1.933347007272221418e+00
4.344999933590000001e+04	1.915710577977511875e+00
4.345019433589999971e+04	1.908888755508506563e+00
4.345038933589999942e+04	1.893538917390420906e+00
4.345058533590000297e+04	1.910757076175457314e+00
4.345078033590000268e+04	1.934149466806820428e+00
4.345097533590000239e+04	1.915189663759219840e+00
4.345117133589999867e+04	1.916643767318488401e+00
4.345136633589999838e+04	1.940492592623712653e+00
4.345156133589999808e+04	1.934274039465433859e+00
4.345175733590000164e+04	1.883087722015989840e+00
4.345195233590000134e+04	1.928353285718795718e+00
4.345214733590000105e+04	1.886454356300262702e+00
4.345234233590000076e+04	1.892941335951778825e+00
4.345253833589999704e+04	1.900956996674540989e+00
4.345273333589999675e+04	1.925726826362861743e+00
4.345292833589999645e+04	1.917414924881777338e+00
4.345312433590000001e+04	1.878712984995738466e+00
4.345331933589999971e+04	1.862861155794062640e+00
4.345351433589999942e+04	1.894226274233009377e+00
4.345371033590000297e+04	1.882135560300660870e+00
4.345390533590000268e+04	1.862821605695192062e+00
4.345410033590000239e+04	1.922160603799447642e+00
4.345429633589999867e+04	1.897453710926637171e+00
4.345449133589999838e+04	1.874693882128992684e+00
4.345468633589999808e+04	1.891890405837127531e+00
4.345488233590000164e+04	1.894575108330727176e+00
4.345507733590000134e+04	1.908189080318727804e+00
4.345527233590000105e+04	1.881504628608897889e+00
4.345546733590000076e+04	1.872837499955931406e+00
4.345566333589999704e+04	1.889039482975629625e+00
4.345585833589999675e+04	1.862096429395892372e+00
4.345605333589999645e+04	1.904132019274516807e+00
4.345624933590000001e+04	1.883790223259982355e+00
4.345644433589999971e+04	1.890311790435436734e+00
4.345663933589999942e+04	1.906582132676463814e+00
4.345683533590000297e+04	1.909622599454646519e+00
4.345703033590000268e+04	1.880830689936045630e+00
4.345722533590000239e+04	1.885816447139385232e+00
4.345742133589999867e+04	1.889796915068647110e+00
4.345761633589999838e+04	1.895933184605249622e+00
4.345781133589999808e+04	1.896952713109845590e+00
4.345800733590000164e+04	1.940613590100358721e+00
4.345820233590000134e+04	1.912386492091799894e+00
4.345839733590000105e+04	1.934367448835562442e+00
4.345859233590000076e+04	1.887798488629643501e+00
4.345878833589999704e+04	1.891065395499536450e+00
4.345898333589999675e+04	1.899031119589324135e+00
4.345917833589999645e+04	1.887388988170782156e+00
4.345937433590000001e+04	1.873891128112106230e+00
4.345956933589999971e+04	1.891628966591103023e+00
4.345976433589999942e+04	1.885837503396370352e+00
4.345996033590000297e+04	1.886443473589542563e+00
4.346015533590000268e+04	1.889126692248821016e+00
4.346035033590000239e+04	1.884740343852923772e+00
4.346054633589999867e+04	1.895511060837458572e+00
4.346074133589999838e+04	1.861741648230360369e+00
4.346093633589999808e+04	1.911832653505046054e+00
4.346113233590000164e+04	1.876362736874526149e+00
4.346132733590000134e+04	1.890756955024222918e+00
4.346152233590000105e+04	1.890832330947096906e+00
4.346171733590000076e+04	1.899262287078407496e+00
4.346191333589999704e+04	1.902819352301856171e+00
4.346210833589999675e+04	1.880039038831061049e+00
4.346230333589999645e+04	1.907440535497212153e+00
4.346249933590000001e+04	1.869135171005247287e+00
4.346269433589999971e+04	1.877253762887944433e+00
4.346288933589999942e+04	1.884946972263648490e+00
4.346308533590000297e+04	1.921159689888213506e+00
4.346328033590000268e+04	1.905284184727920049e+00
4.346347533590000239e+04	1.919558308766557531e+00
4.346367133589999867e+04	1.871250140012135077e+00
4.346386633589999838e+04	1.886292850027913914e+00
4.346406133589999808e+04	1.885346343366816058e+00
4.346425733590000164e+04	1.905535538435739085e+00
4.346445233590000134e+04	1.908507289067291168e+00
4.346464733590000105e+04	1.906908558069664750e+00
4.346484233590000076e+04	1.897249088235206216e+00
4.346503833589999704e+04	1.876961623187270334e+00
4.346523333589999675e+04	1.889952009690897938e+00
4.346542833589999645e+04	1.889930011077487038e+00
4.346562433590000001e+04	1.888624564098977388e+00
4.346581933589999971e+04	1.898568698717129521e+00
4.346601433589999942e+04	1.913296188448272872e+00
4.346621033590000297e+04	1.881055732780229306e+00
4.346640533590000268e+04	1.873391345344174397e+00
4.346660033590000239e+04	1.879181490801375531e+00
4.346679633589999867e+04	1.887614833359362976e+00
4.346699133589999838e+04	1.912232496234127055e+00
4.346718633589999808e+04	1.879963863669743773e+00
4.346738233590000164e+04	1.895933184605249622e+00
4.346757733590000134e+04	1.874952912970034191e+00
4.346777233590000105e+04	1.895132916398862832e+00
4.346796733590000076e+04	1.908826438732685205e+00
4.346816333589999704e+04	1.869534820549096921e+00
4.346835833589999675e+04	1.882496490453309690e+00
4.346855333589999645e+04	1.876764152606353875e+00
4.346874933590000001e+04	1.859870468763087814e+00
4.346894433589999971e+04	1.882394506182503591e+00
4.346913933589999942e+04	1.867020083837989120e+00
4.346933533590000297e+04	1.890222693390931852e+00
4.346953033590000268e+04	1.873787290350115597e+00
4.346972533590000239e+04	1.923915954363115688e+00
4.346992133589999867e+04	1.873084637080683734e+00
4.347011633589999838e+04	1.882814113701034131e+00
4.347031133589999808e+04	1.913277835770276880e+00
4.347050733590000164e+04	1.898704344202059247e+00
4.347070233590000134e+04	1.897963052606160161e+00
4.347089733590000105e+04	1.859281237555752142e+00
4.347109233590000076e+04	1.885822834994694830e+00
4.347128833589999704e+04	1.901195394935852434e+00
4.347148333589999675e+04	1.862454836426998384e+00
4.347167833589999645e+04	1.878659736122918034e+00
4.347187433590000001e+04	1.894988026363668254e+00
4.347206933589999971e+04	1.913279647408680617e+00
4.347226433589999942e+04	1.867691670425401185e+00
4.347246033590000297e+04	1.874140068531902514e+00
4.347265533590000268e+04	1.922520896772883958e+00
4.347285033590000239e+04	1.864802894092479235e+00
4.347304633589999867e+04	1.909799537764218513e+00
4.347324133589999838e+04	1.883416378893951304e+00
4.347343633589999808e+04	1.869281331172754079e+00
