# time(sec)	crack length FEA(mm)
1.708789035900000044e+03	1.139514013760578592e-01
1.708984335899999905e+03	1.422124900402508274e-01
1.709179735899999969e+03	1.387257969886377396e-01
1.709375035899999830e+03	1.299832297422476302e-01
1.709570335899999918e+03	1.140443372292878621e-01
1.709765635900000007e+03	1.244055151620919730e-01
1.709960935899999868e+03	1.211219616334897609e-01
1.710156235899999956e+03	1.438381345062147432e-01
1.710351535900000044e+03	1.081011276330112736e-01
1.710546835899999905e+03	1.581670675884474520e-01
1.710742235899999969e+03	1.141135590133419697e-01
1.710937535899999830e+03	1.556263098318488858e-01
1.711132835899999918e+03	1.330561741111235818e-01
1.711328135900000007e+03	1.118076405963375208e-01
1.711523435899999868e+03	1.551376694747208518e-01
1.711718735899999956e+03	1.053732987801048182e-01
1.711914035900000044e+03	1.082099206413662529e-01
1.712109335899999905e+03	9.529618519322546888e-02
1.712304735899999969e+03	7.171108324440211845e-02
1.712500035899999830e+03	1.280226745321009219e-01
1.712695335899999918e+03	1.143113114354967763e-01
1.712890635900000007e+03	1.633326726037509502e-01
1.713085935899999868e+03	1.299772965620054066e-01
1.713281235899999956e+03	1.068262621062565643e-01
1.713476535900000044e+03	9.130121939428015310e-02
1.713671835899999905e+03	9.482517203116991311e-02
1.713867235899999969e+03	1.254037558347746995e-01
1.714062535899999830e+03	1.289614713064537455e-01
1.714257835899999918e+03	1.226718690738231032e-01
1.714453135900000007e+03	1.147611938874355531e-01
1.714648435899999868e+03	1.515807022349449085e-01
1.714843735899999956e+03	1.246288940697670711e-01
1.715039035900000044e+03	1.096162356241503488e-01
1.715234335899999905e+03	1.332152465385618711e-01
1.715429735899999969e+03	1.176728731163407815e-01
1.715625035899999830e+03	1.295494248421285022e-01
1.715820335899999918e+03	1.673635615099211549e-01
1.716015635900000007e+03	9.917376558093948802e-02
1.716210935899999868e+03	1.380491402158021685e-01
1.716406235899999956e+03	1.358155724915892648e-01
1.716601535900000044e+03	1.325917919430317227e-01
1.716796835899999905e+03	1.429808878324649868e-01
1.716992235899999969e+03	1.507414878925299462e-01
1.717187535899999830e+03	1.526903984615479715e-01
1.717382835899999918e+03	1.711491538956178005e-01
1.717578135900000007e+03	1.558997445006511384e-01
1.717773435899999868e+03	1.492278661696957442e-01
1.717968735899999956e+03	1.501777101999799413e-01
1.718164035900000044e+03	1.267053373724742471e-01
1.718359335899999905e+03	1.132701274254817037e-01
1.718554735899999969e+03	1.277034696942287439e-01
1.718750035899999830e+03	1.456117925501452248e-01
1.718945335899999918e+03	1.821484548949054982e-01
1.719140635900000007e+03	1.536894740295373651e-01
1.719335935899999868e+03	1.509833756290852591e-01
1.719531235899999956e+03	9.683383126826683451e-02
1.719726535900000044e+03	1.349224767485690535e-01
1.719921835899999905e+03	1.504373884200660427e-01
1.720117235899999969e+03	1.734693450408268944e-01
1.720312535899999830e+03	1.425324946244792557e-01
1.720507835899999918e+03	1.330858024137064888e-01
1.720703135900000007e+03	1.083948574809916465e-01
1.720898435899999868e+03	1.673615952028768561e-01
1.721093735899999956e+03	1.331431153844970794e-01
1.721289035900000044e+03	1.419902601132534414e-01
1.721484335899999905e+03	1.622836606449400421e-01
1.721679735899999969e+03	1.790292504675257135e-01
1.721875035899999830e+03	1.024057860562077593e-01
1.722070335899999918e+03	1.269484500284256967e-01
1.722265635900000007e+03	1.706193848693775550e-01
1.722460935899999868e+03	1.786791456696654734e-01
1.722656235899999956e+03	1.302678085456427937e-01
1.722851535900000044e+03	1.195086874978343872e-01
1.723046835899999905e+03	1.261934161602003002e-01
1.723242235899999969e+03	1.243728966323764951e-01
1.723437535899999830e+03	1.027678412563517441e-01
1.723632835899999918e+03	1.505272379171351815e-01
1.723828135900000007e+03	1.287756840915292855e-01
1.724023435899999868e+03	1.324633545884772445e-01
1.724218735899999956e+03	1.515570068769083178e-01
1.724414035900000044e+03	1.465657263077329020e-01
1.724609335899999905e+03	1.703609070770681910e-01
1.724804735899999969e+03	1.750929561903031839e-01
1.725000035899999830e+03	1.131198216878850360e-01
1.725195335899999918e+03	1.395496059159206936e-01
1.725390635900000007e+03	1.508955038452786113e-01
1.725585935899999868e+03	1.462497260356325768e-01
1.725781235899999956e+03	1.538188034594369924e-01
1.725976535900000044e+03	1.382506584772649205e-01
1.726171835899999905e+03	1.495102591979762252e-01
1.726367235899999969e+03	1.596140125881184701e-01
1.726562535899999830e+03	1.290029712646258986e-01
1.726757835899999918e+03	1.528987106797892181e-01
1.726953135900000007e+03	1.525057789978241374e-01
1.727148435899999868e+03	1.402291833863564818e-01
1.727343735899999956e+03	1.533350633692833753e-01
1.727539035900000044e+03	1.263811750155774405e-01
1.727734335899999905e+03	1.250202756844487340e-01
1.727929735899999969e+03	1.421749654410753294e-01
1.728125035899999830e+03	1.299219625860992267e-01
1.728320335899999918e+03	1.582144457952274763e-01
1.728515635900000007e+03	1.813398431332942096e-01
1.728710935899999868e+03	1.380807482019914545e-01
1.728906235899999956e+03	1.197469277072027438e-01
1.729101535900000044e+03	1.284564973106139263e-01
1.729296835899999905e+03	1.437828225849102637e-01
1.729492235899999969e+03	1.212020240018247819e-01
1.729687535899999830e+03	1.455989580482821566e-01
1.729882835899999918e+03	1.799493757749370815e-01
1.730078135900000007e+03	1.221914851717649242e-01
1.730273435899999868e+03	1.363895335245892682e-01
1.730468735899999956e+03	2.105485336161887489e-01
1.730664035900000044e+03	1.305484372490539613e-01
1.730859335899999905e+03	1.264207097189355977e-01
1.731054735899999969e+03	1.460137135730388280e-01
1.731250035899999830e+03	1.581887811979054703e-01
1.731445335899999918e+03	1.460946975769221723e-01
1.731640635900000007e+03	1.504581249051444303e-01
1.731835935899999868e+03	1.530872705859174232e-01
1.732031235899999956e+03	1.853599514410682048e-01
1.732226535900000044e+03	1.415556869191760825e-01
1.732421835899999905e+03	1.277835280713617294e-01
1.732617235899999969e+03	1.253681672215201104e-01
1.732812535899999830e+03	1.709725513407871489e-01
1.733007835899999918e+03	2.117304785391986854e-01
1.733203135900000007e+03	1.790272766041649533e-01
1.733398435899999868e+03	1.914041705994389275e-01
1.733593735899999956e+03	1.606098706264340592e-01
1.733789035900000044e+03	1.892236532914477465e-01
1.733984335899999905e+03	1.455476030095290696e-01
1.734179735899999969e+03	1.863685744221150742e-01
1.734375035899999830e+03	2.004377155075314221e-01
1.734570335899999918e+03	1.519736484062867987e-01
1.734765635900000007e+03	1.558039956451455765e-01
1.734960935899999868e+03	1.832094593467523680e-01
1.735156235899999956e+03	1.780972562150928695e-01
1.735351535900000044e+03	1.585056230988755033e-01
1.735546835899999905e+03	1.989172400730421231e-01
1.735742235899999969e+03	1.497156378047570513e-01
1.735937535899999830e+03	1.485831041982130785e-01
1.736132835899999918e+03	1.550330310594496552e-01
1.736328135900000007e+03	1.897194961216168707e-01
1.736523435899999868e+03	1.289199543028054507e-01
1.736718735899999956e+03	1.917146741600426196e-01
1.736914035900000044e+03	1.212969199519591257e-01
1.737109335899999905e+03	1.759362868630969245e-01
1.737304735899999969e+03	1.693555716731154348e-01
1.737500035899999830e+03	1.734101582967522148e-01
1.737695335899999918e+03	1.688247816360544107e-01
1.737890635900000007e+03	1.549451734597155905e-01
1.738085935899999868e+03	1.959489364559292568e-01
1.738281235899999956e+03	1.687261328261531190e-01
1.738476535900000044e+03	1.550893018206505047e-01
1.738671835899999905e+03	1.640619401178788905e-01
1.738867235899999969e+03	1.566746252165813758e-01
1.739062535899999830e+03	1.830447915429971317e-01
1.739257835899999918e+03	1.584572534609396399e-01
1.739453135900000007e+03	1.770754901498747813e-01
1.739648435899999868e+03	1.159496333537433088e-01
1.739843735899999956e+03	1.393560060357010855e-01
1.740039035900000044e+03	1.658904152847853197e-01
1.740234335899999905e+03	1.514494021920462785e-01
1.740429735899999969e+03	1.698715707485281001e-01
1.740625035899999830e+03	1.431053180093382338e-01
1.740820335899999918e+03	1.730185478214991690e-01
1.741015635900000007e+03	1.606315736430943275e-01
1.741210935899999868e+03	1.258929668128843105e-01
1.741406235899999956e+03	1.551495154655402331e-01
1.741601535900000044e+03	2.016940278242440598e-01
1.741796835899999905e+03	1.583546043864849651e-01
1.741992235899999969e+03	1.575195592848199766e-01
1.742187535899999830e+03	1.290029712646258986e-01
1.742382835899999918e+03	1.397925942649731468e-01
1.742578135900000007e+03	1.921888004419098905e-01
1.742773435899999868e+03	1.721425539733516530e-01
1.742968735899999956e+03	1.385637896483835618e-01
1.743164035900000044e+03	1.415961734203090572e-01
1.743359335899999905e+03	1.285671800857013380e-01
1.743554735899999969e+03	1.724858525086840899e-01
1.743750035899999830e+03	1.714993639278326043e-01
1.743945335899999918e+03	1.428860737784489743e-01
1.744140635900000007e+03	1.728833943522740668e-01
1.744335935899999868e+03	1.549047000115688633e-01
1.744531235899999956e+03	1.043307505064703378e-01
1.744726535900000044e+03	1.406825557079791622e-01
1.744921835899999905e+03	1.219423998965840639e-01
1.745117235899999969e+03	1.449254555969243796e-01
1.745312535899999830e+03	1.556124968375840467e-01
1.745507835899999918e+03	1.316719052624719666e-01
1.745703135900000007e+03	1.600492650235647574e-01
1.745898435899999868e+03	1.346152237629070214e-01
1.746093735899999956e+03	1.612908446885512603e-01
1.746289035900000044e+03	1.070052790112647756e-01
1.746484335899999905e+03	1.390764600060290235e-01
1.746679735899999969e+03	1.404573511258746521e-01
1.746875035899999830e+03	1.407556494030259842e-01
1.747070335899999918e+03	1.757686142958725384e-01
1.747265635900000007e+03	1.541208861205554115e-01
1.747460935899999868e+03	1.341726133093814610e-01
1.747656235899999956e+03	1.577288234112685927e-01
1.747851535900000044e+03	1.432070453925113895e-01
1.748046835899999905e+03	1.259216187874621085e-01
1.748242235899999969e+03	1.473734925583851663e-01
1.748437535899999830e+03	1.458774389680410621e-01
1.748632835899999918e+03	1.730323512288336474e-01
1.748828135900000007e+03	1.760082865933121354e-01
1.749023435899999868e+03	1.302925171028217477e-01
1.749218735899999956e+03	1.655865079263350026e-01
1.749414035900000044e+03	1.537526590569235907e-01
1.749609335899999905e+03	1.378328047562185077e-01
1.749804735899999969e+03	1.302974571137394122e-01
1.750000035899999830e+03	1.682476127887326811e-01
1.750195335899999918e+03	1.223397498529479321e-01
1.750390635900000007e+03	1.461144451816842604e-01
1.750585935899999868e+03	1.221460257648878667e-01
1.750781235899999956e+03	1.133867972180784278e-01
1.750976535900000044e+03	1.444840194164171976e-01
1.751171835899999905e+03	1.093897669838472808e-01
1.751367235899999969e+03	1.530033495182596681e-01
1.751562535899999830e+03	1.472678293316320719e-01
1.751757835899999918e+03	1.391851189825299429e-01
1.751953135900000007e+03	1.452049280126370689e-01
1.752148435899999868e+03	1.427981651524934392e-01
1.752343735899999956e+03	1.618869255452164424e-01
1.752539035900000044e+03	1.629537302776675745e-01
1.752734335899999905e+03	1.282855360722763294e-01
1.752929735899999969e+03	1.624928680641062329e-01
1.753125035899999830e+03	1.143093324750985573e-01
1.753320335899999918e+03	1.341745822192699222e-01
1.753515635900000007e+03	1.291709566906042994e-01
1.753710935899999868e+03	1.711254770226471322e-01
1.753906235899999956e+03	1.501441413058124397e-01
1.754101535900000044e+03	1.259710359385337597e-01
1.754296835899999905e+03	1.548592913197861520e-01
1.754492235899999969e+03	1.446489406851618753e-01
1.754687535899999830e+03	1.755565522196356198e-01
1.754882835899999918e+03	1.802373273219544103e-01
1.755078135900000007e+03	1.615168372468858138e-01
1.755273435899999868e+03	1.875378497077058171e-01
1.755468735899999956e+03	1.806653348512003987e-01
1.755664035900000044e+03	1.383938899775003506e-01
1.755859335899999905e+03	1.345717472254719382e-01
1.756054735899999969e+03	1.382328817619153938e-01
1.756250035899999830e+03	1.684972304965537404e-01
1.756445335899999918e+03	1.579232651108224417e-01
1.756640635900000007e+03	1.362166660158692366e-01
1.756835935899999868e+03	1.167198200862529234e-01
1.757031235899999956e+03	1.208293654296443975e-01
1.757226535900000044e+03	1.324712562249032999e-01
1.757421835899999905e+03	1.243491840723507380e-01
1.757617235899999969e+03	1.732562805813468998e-01
1.757812535899999830e+03	1.369575668780917965e-01
1.758007835899999918e+03	1.115930582462443255e-01
1.758203135900000007e+03	1.371037757470254803e-01
1.758398435899999868e+03	1.151369065352287890e-01
1.758593735899999956e+03	1.516715398872729992e-01
1.758789035900000044e+03	1.217358090601088350e-01
1.758984335899999905e+03	1.090762635353961230e-01
1.759179735899999969e+03	1.214748573835926493e-01
1.759375035899999830e+03	1.834401923456336903e-01
1.759570335899999918e+03	1.223318450291781545e-01
1.759765635900000007e+03	1.171676722089660672e-01
1.759960935899999868e+03	1.680187060889775097e-01
1.760156235899999956e+03	1.241347087659825377e-01
1.760351535900000044e+03	1.471749993623703290e-01
1.760546835899999905e+03	1.410361524363974439e-01
1.760742235899999969e+03	1.495546937208693805e-01
1.760937535899999830e+03	1.681015768443039349e-01
1.761132835899999918e+03	1.157617710656921872e-01
1.761328135900000007e+03	1.654759883111616148e-01
1.761523435899999868e+03	1.682120848838195570e-01
1.761718735899999956e+03	1.891556207381270838e-01
1.761914035900000044e+03	1.811376797606776279e-01
1.762109335899999905e+03	1.653348862889778559e-01
1.762304735899999969e+03	1.588777228138038566e-01
1.762500035899999830e+03	1.926185511219422608e-01
1.762695335899999918e+03	1.821967703596971688e-01
1.762890635900000007e+03	1.935204311907696706e-01
1.763085935899999868e+03	1.349807614646785225e-01
1.763281235899999956e+03	1.587030262122208768e-01
1.763476535900000044e+03	1.299081269510438119e-01
1.763671835899999905e+03	1.299486322365801527e-01
1.763867235899999969e+03	1.516043975706047320e-01
1.764062535899999830e+03	1.489178281273417781e-01
1.764257835899999918e+03	1.790055810399948655e-01
1.764453135900000007e+03	1.352119386342227614e-01
1.764648435899999868e+03	1.373764194948918771e-01
1.764843735899999956e+03	1.722175304427011611e-01
1.765039035900000044e+03	1.559007281037168013e-01
1.765234335899999905e+03	1.378525588617911524e-01
1.765429735899999969e+03	1.469370192102825712e-01
1.765625035899999830e+03	1.681726329170434298e-01
1.765820335899999918e+03	1.552166398146539450e-01
1.766015635900000007e+03	1.749045532471669162e-01
1.766210935899999868e+03	1.622826603378371146e-01
1.766406235899999956e+03	1.611655043260462605e-01
1.766601535900000044e+03	1.516656118309285262e-01
1.766796835899999905e+03	1.337033209323230665e-01
1.766992235899999969e+03	1.545088487776897779e-01
1.767187535899999830e+03	1.500967478537535982e-01
1.767382835899999918e+03	1.708975880950553972e-01
1.767578135900000007e+03	1.410331913941575976e-01
1.767773435899999868e+03	1.355745144499582722e-01
1.767968735899999956e+03	1.699840370857295113e-01
1.768164035900000044e+03	1.527861676830699622e-01
1.768359335899999905e+03	1.437196209305255934e-01
1.768554735899999969e+03	1.473981758040530110e-01
1.768750035899999830e+03	1.085422180959163541e-01
1.768945335899999918e+03	1.252100298992875338e-01
1.769140635900000007e+03	1.116889758147276979e-01
1.769335935899999868e+03	1.291225389751282648e-01
1.769531235899999956e+03	1.384758743701617334e-01
1.769726535900000044e+03	1.282697216745081192e-01
1.769921835899999905e+03	1.528305794436128906e-01
1.770117235899999969e+03	1.306818328196097667e-01
1.770312535899999830e+03	1.345213625514212197e-01
1.770507835899999918e+03	1.082989273465138069e-01
1.770703135900000007e+03	1.709261887267956581e-01
1.770898435899999868e+03	1.326382339411242839e-01
1.771093735899999956e+03	1.043337243735305009e-01
1.771289035900000044e+03	1.558987608975481720e-01
1.771484335899999905e+03	1.222468361764335043e-01
1.771679735899999969e+03	1.512924128457981965e-01
1.771875035899999830e+03	1.659042310944371934e-01
1.772070335899999918e+03	1.435922160916476287e-01
1.772265635900000007e+03	1.597739171685645942e-01
1.772460935899999868e+03	1.024493182692403082e-01
1.772656235899999956e+03	1.348009508133714007e-01
1.772851535900000044e+03	1.276876549300265395e-01
1.773046835899999905e+03	1.442835267647897268e-01
1.773242235899999969e+03	1.822007091163069248e-01
1.773437535899999830e+03	1.285908971534439615e-01
1.773632835899999918e+03	1.443566184577260714e-01
1.773828135900000007e+03	1.438292438865946821e-01
1.774023435899999868e+03	1.297510198095679357e-01
1.774218735899999956e+03	1.491557894943511542e-01
1.774414035900000044e+03	1.824649855639250973e-01
1.774609335899999905e+03	1.534782088036124037e-01
1.774804735899999969e+03	1.219532681357264892e-01
1.775000035899999830e+03	1.683916562307263831e-01
1.775195335899999918e+03	1.081930996385054300e-01
1.775390635900000007e+03	8.791732283624043021e-02
1.775585935899999868e+03	1.259601694371035308e-01
1.775781235899999956e+03	1.411596165571999961e-01
1.775976535900000044e+03	1.358847258340993847e-01
1.776171835899999905e+03	1.088379221832838084e-01
1.776367235899999969e+03	8.219761932399904936e-02
1.776562535899999830e+03	1.242859249994765491e-01
1.776757835899999918e+03	1.093937256789718759e-01
1.776953135900000007e+03	1.424672961105279967e-01
1.777148435899999868e+03	1.571356028496655455e-01
1.777343735899999956e+03	1.047897159951531876e-01
1.777539035900000044e+03	1.065038313583155372e-01
1.777734335899999905e+03	1.047066275233845545e-01
1.777929735899999969e+03	1.754736976409976279e-01
1.778125035899999830e+03	1.101522375432395506e-01
1.778320335899999918e+03	1.437620805829968873e-01
1.778515635900000007e+03	1.401175677784944895e-01
1.778710935899999868e+03	1.156352180159281318e-01
1.778906235899999956e+03	1.431438338046131520e-01
1.779101535900000044e+03	1.647260542084438839e-01
1.779296835899999905e+03	1.311146251000607776e-01
1.779492235899999969e+03	1.181859700001552937e-01
1.779687535899999830e+03	1.441028156325501186e-01
1.779882835899999918e+03	1.343050051819822954e-01
1.780078135900000007e+03	9.554058769009898811e-02
1.780273435899999868e+03	1.110818144916194683e-01
1.780468735899999956e+03	1.444731439569757470e-01
1.780664035900000044e+03	1.206573588104742356e-01
1.780859335899999905e+03	9.986234756229173115e-02
1.781054735899999969e+03	1.402716574280216122e-01
1.781250035899999830e+03	1.223051588012395996e-01
1.781445335899999918e+03	1.398212473558047009e-01
1.781640635900000007e+03	1.407339122172857060e-01
1.781835935899999868e+03	1.060537926505311646e-01
1.782031235899999956e+03	9.223445226407100961e-02
1.782226535900000044e+03	9.705646083695995685e-02
1.782421835899999905e+03	1.037639675093515734e-01
1.782617235899999969e+03	1.264997704497297093e-01
1.782812535899999830e+03	1.410223314081733292e-01
1.783007835899999918e+03	1.405373518848662684e-01
1.783203135900000007e+03	1.009980736054298944e-01
1.783398435899999868e+03	1.099247798299352041e-01
1.783593735899999956e+03	7.341358636197270471e-02
1.783789035900000044e+03	7.444849886461391009e-02
1.783984335899999905e+03	1.110738976322434013e-01
1.784179735899999969e+03	1.260530693832393467e-01
1.784375035899999830e+03	8.035214724569783584e-02
1.784570335899999918e+03	1.774976128105976159e-01
1.784765635900000007e+03	1.127331981786650061e-01
1.784960935899999868e+03	1.336460092400031385e-01
1.785156235899999956e+03	9.358327816236666763e-02
1.785351535900000044e+03	1.258761576392597448e-01
1.785546835899999905e+03	1.258049986796656583e-01
1.785742235899999969e+03	9.327552718016107747e-02
1.785937535899999830e+03	9.784107115103424235e-02
1.786132835899999918e+03	1.159595190157283184e-01
1.786328135900000007e+03	1.148442406504290858e-01
1.786523435899999868e+03	9.544262808165449030e-02
1.786718735899999956e+03	1.263821682652750411e-01
1.786914035900000044e+03	9.487860281220150682e-02
1.787109335899999905e+03	1.037550626989514058e-01
1.787304735899999969e+03	8.516454362699832359e-02
1.787500035899999830e+03	1.285286334364155181e-01
1.787695335899999918e+03	1.179487000849928080e-01
1.787890635900000007e+03	7.991055734497010121e-02
1.788085935899999868e+03	9.394052166976507579e-02
1.788281235899999956e+03	7.457526089493349275e-02
1.788476535900000044e+03	8.026204657917901386e-02
1.788671835899999905e+03	1.030072258125258600e-01
1.788867235899999969e+03	1.154018902645592703e-01
1.789062535899999830e+03	8.439933593195902972e-02
1.789257835899999918e+03	1.448652089273299026e-01
1.789453135900000007e+03	1.256755333412549192e-01
1.789648435899999868e+03	8.468542419594271564e-02
1.789843735899999956e+03	9.237992857552512760e-02
1.790039035900000044e+03	1.453096074242630209e-01
1.790234335899999905e+03	1.218949531850341828e-01
1.790429735899999969e+03	1.073534284520771820e-01
1.790625035899999830e+03	9.220476643121244820e-02
1.790820335899999918e+03	1.262932255704551920e-01
1.791015635900000007e+03	1.221717187457080911e-01
1.791210935899999868e+03	9.886112911882349863e-02
1.791406235899999956e+03	1.265136079621260734e-01
1.791601535900000044e+03	1.100483969302601395e-01
1.791796835899999905e+03	9.463419388648652841e-02
1.791992235899999969e+03	1.176353033467378850e-01
1.792187535899999830e+03	1.253474100037283989e-01
1.792382835899999918e+03	1.496001035337393148e-01
1.792578135900000007e+03	1.052456993504833349e-01
1.792773435899999868e+03	1.516823952657926355e-01
1.792968735899999956e+03	1.163589508622191460e-01
1.793164035900000044e+03	1.143211977417628589e-01
1.793359335899999905e+03	1.264493780702373726e-01
1.793554735899999969e+03	1.715585467111679918e-01
1.793750035899999830e+03	1.345114841901349223e-01
1.793945335899999918e+03	1.176382756406813002e-01
1.794140635900000007e+03	7.729949425332094393e-02
1.794335935899999868e+03	9.254717956027214143e-02
1.794531235899999956e+03	1.212326682324871285e-01
1.794726535900000044e+03	1.377409326872900408e-01
1.794921835899999905e+03	1.177865586932860253e-01
1.795117235899999969e+03	1.208451760199640290e-01
1.795312535899999830e+03	8.606534000463561540e-02
1.795507835899999918e+03	1.369447364364191344e-01
1.795703135900000007e+03	1.225621537251075921e-01
1.795898435899999868e+03	1.511225908402913376e-01
1.796093735899999956e+03	1.165586644053675514e-01
1.796289035900000044e+03	1.288982238462281771e-01
1.796484335899999905e+03	1.216280595178922397e-01
1.796679735899999969e+03	1.064998722082659555e-01
1.796875035899999830e+03	1.659762596523428613e-01
1.797070335899999918e+03	1.400355887468371918e-01
1.797265635900000007e+03	1.396365247086102102e-01
1.797460935899999868e+03	1.051309629675856172e-01
1.797656235899999956e+03	1.008467087467188605e-01
1.797851535900000044e+03	1.089407738557834904e-01
1.798046835899999905e+03	1.231186387474920707e-01
1.798242235899999969e+03	1.211911554377813616e-01
1.798437535899999830e+03	1.240121542647099062e-01
1.798632835899999918e+03	1.083463997258924394e-01
1.798828135900000007e+03	1.265620391954929147e-01
1.799023435899999868e+03	8.508238011782509602e-02
1.799218735899999956e+03	1.154908715141367281e-01
1.799414035900000044e+03	1.589872795569142738e-01
1.799609335899999905e+03	1.029300710219072101e-01
1.799804735899999969e+03	1.023454458487282892e-01
1.800000035899999830e+03	1.127411060216729766e-01
1.800195335899999918e+03	1.532916277270253147e-01
1.800390635900000007e+03	1.373625879661499738e-01
1.800585935899999868e+03	9.865830894886684632e-02
1.800781235899999956e+03	1.008763920349551313e-01
1.800976535900000044e+03	9.237597060272051408e-02
1.801171835899999905e+03	1.155472309553147170e-01
1.801367235899999969e+03	1.043198746467925986e-01
1.801562535899999830e+03	1.498222745657518118e-01
1.801757835899999918e+03	8.713141341551633445e-02
1.801953135900000007e+03	9.485782041084966920e-02
1.802148435899999868e+03	1.214797906376308134e-01
1.802343735899999956e+03	1.450271671201104340e-01
1.802539035900000044e+03	1.089922037818809031e-01
1.802734335899999905e+03	1.133235190416126414e-01
1.802929735899999969e+03	1.342012558409919620e-01
1.803125035899999830e+03	1.325532599569090308e-01
1.803320335899999918e+03	1.429828560516952507e-01
1.803515635900000007e+03	1.070646225239642035e-01
1.803710935899999868e+03	1.308498070181265405e-01
1.803906235899999956e+03	1.099663197287199523e-01
1.804101535900000044e+03	1.278388667580365734e-01
1.804296835899999905e+03	1.193969797785001674e-01
1.804492235899999969e+03	1.588125837185287992e-01
1.804687535899999830e+03	7.784410450138423698e-02
1.804882835899999918e+03	1.486917050622906800e-01
1.805078135900000007e+03	1.274860603806757808e-01
1.805273435899999868e+03	1.652766720437170989e-01
1.805468735899999956e+03	1.284288244184867978e-01
1.805664035900000044e+03	1.418233445801355685e-01
1.805859335899999905e+03	1.438865238539666080e-01
1.806054735899999969e+03	9.280744292955134256e-02
1.806250035899999830e+03	1.481446840754863103e-01
1.806445335899999918e+03	1.582736769063757265e-01
1.806640635900000007e+03	1.354638625518589379e-01
1.806835935899999868e+03	2.150228674712089116e-01
1.807031235899999956e+03	1.320197046933770935e-01
1.807226535900000044e+03	1.118106135793794920e-01
1.807421835899999905e+03	1.685899646256991957e-01
1.807617235899999969e+03	1.342091739039616982e-01
1.807812535899999830e+03	1.783576281287935217e-01
1.808007835899999918e+03	1.363944808222576910e-01
1.808203135900000007e+03	1.614704486637101866e-01
1.808398435899999868e+03	1.382901745006286376e-01
1.808593735899999956e+03	1.426579281141648892e-01
