# time(sec)	crack length FEA(mm)
1.508613233589999982e+04	7.670340067247103377e-01
1.508632833589999973e+04	7.358305174555290762e-01
1.508652333589999944e+04	7.931516117551939971e-01
1.508671833589999915e+04	7.806530793751438324e-01
1.508691433589999906e+04	7.280810200201308646e-01
1.508710933590000059e+04	7.594861151070997352e-01
1.508730433590000030e+04	7.857860661735767138e-01
1.508750033590000021e+04	7.998389086832382588e-01
1.508769533589999992e+04	7.528127256990408966e-01
1.508789033589999963e+04	7.758184164914965208e-01
1.508808633589999954e+04	7.717548817567365660e-01
1.508828133589999925e+04	7.981925305103985124e-01
1.508847633589999896e+04	7.617785921704935959e-01
1.508867233589999887e+04	7.872062382513949075e-01
1.508886733590000040e+04	7.686160961196826236e-01
1.508906233590000011e+04	7.247523022778086244e-01
1.508925733589999982e+04	7.779937708677806540e-01
1.508945333589999973e+04	7.461269437461588439e-01
1.508964833589999944e+04	8.133126752427539685e-01
1.508984333589999915e+04	8.105772351408973009e-01
1.509003933589999906e+04	7.476303631277598782e-01
1.509023433590000059e+04	7.414761873472990317e-01
1.509042933590000030e+04	7.654363779688075908e-01
1.509062533590000021e+04	7.701460763406444698e-01
1.509082033589999992e+04	7.682848494561138608e-01
1.509101533589999963e+04	7.847824617071257336e-01
1.509121133589999954e+04	7.474125670980349412e-01
1.509140633589999925e+04	7.640313004347518699e-01
1.509160133589999896e+04	7.359992536838255717e-01
1.509179733589999887e+04	7.606420239816191753e-01
1.509199233590000040e+04	7.519446128875948432e-01
1.509218733590000011e+04	7.483358088329481461e-01
1.509238233589999982e+04	7.291593078117646343e-01
1.509257833589999973e+04	7.257554779594688199e-01
1.509277333589999944e+04	7.910170198269383945e-01
1.509296833589999915e+04	7.503758873472339275e-01
1.509316433589999906e+04	7.335298712585860414e-01
1.509335933590000059e+04	7.583821906161407611e-01
1.509355433590000030e+04	7.745149739357426455e-01
1.509375033590000021e+04	7.683859658587941510e-01
1.509394533589999992e+04	7.254767333608036495e-01
1.509414033589999963e+04	7.305191537144111180e-01
1.509433633589999954e+04	7.443062545751004677e-01
1.509453133589999925e+04	7.603222022821203296e-01
1.509472633589999896e+04	7.256281578396457377e-01
1.509492233589999887e+04	7.437722883325292855e-01
1.509511733590000040e+04	7.171845307728901275e-01
1.509531233590000011e+04	7.150828143514367241e-01
1.509550733589999982e+04	7.511101653413341239e-01
1.509570333589999973e+04	6.951102698326145912e-01
1.509589833589999944e+04	7.260843976083251050e-01
1.509609333589999915e+04	7.148994592556512373e-01
1.509628933589999906e+04	6.967269672008331582e-01
1.509648433590000059e+04	7.445047874666972376e-01
1.509667933590000030e+04	6.945810038992128455e-01
1.509687533590000021e+04	6.929419030746508668e-01
1.509707033589999992e+04	6.974560913724339173e-01
1.509726533589999963e+04	7.042055640393698468e-01
1.509746133589999954e+04	7.243056744617977216e-01
1.509765633589999925e+04	7.325722942908861057e-01
1.509785133589999896e+04	7.414260988657606077e-01
1.509804733589999887e+04	7.464690569803380527e-01
1.509824233590000040e+04	7.277665932461889753e-01
1.509843733590000011e+04	7.522876290075846129e-01
1.509863233589999982e+04	7.301449706866076639e-01
1.509882833589999973e+04	7.099840672122308405e-01
1.509902333589999944e+04	7.306522305247842297e-01
1.509921833589999915e+04	6.936209535630517564e-01
1.509941433589999906e+04	7.128361361979038691e-01
1.509960933590000059e+04	7.407204522135817371e-01
1.509980433590000030e+04	7.073585195515796897e-01
1.510000033590000021e+04	6.966361870446657889e-01
1.510019533589999992e+04	7.445636126351082851e-01
1.510039033589999963e+04	7.413055681167985966e-01
1.510058633589999954e+04	7.300726319458625824e-01
1.510078133589999925e+04	7.000112671098985828e-01
1.510097633589999896e+04	7.334990081868326683e-01
1.510117233589999887e+04	6.920909392078051781e-01
1.510136733590000040e+04	7.977414380266356631e-01
1.510156233590000011e+04	7.396812179357290518e-01
1.510175733589999982e+04	7.268020694566885709e-01
1.510195333589999973e+04	7.315954196796994324e-01
1.510214833589999944e+04	7.401805773081715500e-01
1.510234333589999915e+04	7.600708363766166542e-01
1.510253933589999906e+04	7.637876584576819283e-01
1.510273433590000059e+04	7.274762724173982065e-01
1.510292933590000030e+04	7.578148472238908084e-01
1.510312533590000021e+04	7.529543623831447263e-01
1.510332033589999992e+04	7.338847026501689186e-01
1.510351533589999963e+04	7.725173907102611537e-01
1.510371133589999954e+04	7.476515805238612700e-01
1.510390633589999925e+04	7.832148772333020759e-01
1.510410133589999896e+04	7.351121764899239963e-01
1.510429733589999887e+04	7.729101972551326583e-01
1.510449233590000040e+04	7.339541144126133787e-01
1.510468733590000011e+04	7.487502238869598870e-01
1.510488233589999982e+04	7.560094926120441983e-01
1.510507833589999973e+04	7.451158750722512991e-01
1.510527333589999944e+04	7.619654405971587607e-01
1.510546833589999915e+04	7.236747551744038276e-01
1.510566433589999906e+04	7.883184613970417587e-01
1.510585933590000059e+04	7.686873357275345597e-01
1.510605433590000030e+04	7.541886182759682811e-01
1.510625033590000021e+04	8.124544076052799824e-01
1.510644533589999992e+04	7.171411060473182886e-01
1.510664033589999963e+04	7.609011282589168701e-01
1.510683633589999954e+04	7.442118020581940385e-01
1.510703133589999925e+04	7.407213879333269801e-01
1.510722633589999896e+04	7.072677707789498669e-01
1.510742233589999887e+04	7.484485563886842385e-01
1.510761733590000040e+04	7.311990771014578172e-01
1.510781233590000011e+04	7.495240192119609901e-01
1.510800733589999982e+04	7.189985109077454695e-01
1.510820333589999973e+04	7.380885521210789335e-01
1.510839833589999944e+04	7.423485831029168480e-01
1.510859333589999915e+04	7.141852821560679132e-01
1.510878933589999906e+04	7.248680264312454824e-01
1.510898433590000059e+04	7.610041949937631500e-01
1.510917933590000030e+04	7.885455428212591045e-01
1.510937533590000021e+04	7.421548185326081182e-01
1.510957033589999992e+04	7.618642973994376177e-01
1.510976533589999963e+04	7.534322859407183159e-01
1.510996133589999954e+04	7.677041725892159718e-01
1.511015633589999925e+04	7.304111691007264540e-01
1.511035133589999896e+04	7.284938009902539591e-01
1.511054733589999887e+04	7.480765702478020529e-01
1.511074233590000040e+04	7.762303857013961306e-01
1.511093733590000011e+04	7.553197126027644259e-01
1.511113233589999982e+04	7.764440863354131750e-01
1.511132833589999973e+04	7.579496941587215986e-01
1.511152333589999944e+04	7.136371654106614670e-01
1.511171833589999915e+04	7.409325367255590322e-01
1.511191433589999906e+04	7.818406899412089217e-01
1.511210933590000059e+04	7.566925500419543482e-01
1.511230433590000030e+04	7.579978287720940955e-01
1.511250033590000021e+04	7.680653116794271540e-01
1.511269533589999992e+04	7.672872277088149673e-01
1.511289033589999963e+04	7.753698091682696969e-01
1.511308633589999954e+04	7.583032335092827481e-01
1.511328133589999925e+04	7.280877805943131165e-01
1.511347633589999896e+04	7.609338760094424003e-01
1.511367233589999887e+04	7.603925313149915155e-01
1.511386733590000040e+04	7.748008953600482585e-01
1.511406233590000011e+04	7.521739143587407028e-01
1.511425733589999982e+04	8.169973250185709190e-01
1.511445333589999973e+04	7.753024342505874245e-01
1.511464833589999944e+04	7.724731304185574743e-01
1.511484333589999915e+04	7.843715720275632464e-01
1.511503933589999906e+04	7.804047765109967116e-01
1.511523433590000059e+04	8.083960886642120869e-01
1.511542933590000030e+04	7.826750222241525279e-01
1.511562533590000021e+04	7.944857620795424680e-01
1.511582033589999992e+04	8.069512215680436640e-01
1.511601533589999963e+04	8.092247245639523356e-01
1.511621133589999954e+04	7.836623968982863175e-01
1.511640633589999925e+04	8.213366664047612176e-01
1.511660133589999896e+04	7.941308336683849944e-01
1.511679733589999887e+04	7.823853994497227404e-01
1.511699233590000040e+04	7.788629269615370276e-01
1.511718733590000011e+04	8.025929009310353024e-01
1.511738233589999982e+04	7.773700675520966996e-01
1.511757833589999973e+04	7.933642293592590988e-01
1.511777333589999944e+04	7.998485156690033904e-01
1.511796833589999915e+04	7.690676820454243057e-01
1.511816433589999906e+04	8.384404939315430738e-01
1.511835933590000059e+04	8.148244850036316933e-01
1.511855433590000030e+04	7.998177369547860849e-01
1.511875033590000021e+04	8.361072930344199960e-01
1.511894533589999992e+04	7.997235006479286312e-01
1.511914033589999963e+04	8.052927744428295398e-01
1.511933633589999954e+04	7.917145017578075539e-01
1.511953133589999925e+04	8.108280770729709985e-01
1.511972633589999896e+04	8.149695897912465625e-01
1.511992233589999887e+04	8.035602190243054110e-01
1.512011733590000040e+04	7.995581153721040835e-01
1.512031233590000011e+04	7.902012546342511712e-01
1.512050733589999982e+04	7.887937621901119911e-01
1.512070333589999973e+04	8.087094625313859808e-01
1.512089833589999944e+04	7.731354633399885046e-01
1.512109333589999915e+04	7.933065058310777573e-01
1.512128933589999906e+04	7.660748895386166879e-01
1.512148433590000059e+04	7.980646072731794050e-01
1.512167933590000030e+04	8.036765503001852551e-01
1.512187533590000021e+04	8.010697943377760311e-01
1.512207033589999992e+04	8.171395606619018537e-01
1.512226533589999963e+04	8.099283780494488383e-01
1.512246133589999954e+04	7.793374296168131821e-01
1.512265633589999925e+04	7.651253468902297072e-01
1.512285133589999896e+04	7.895008697193333091e-01
1.512304733589999887e+04	7.768406657263415838e-01
1.512324233590000040e+04	7.675328031314911925e-01
1.512343733590000011e+04	7.801035524113899555e-01
1.512363233589999982e+04	7.970259132785546541e-01
1.512382833589999973e+04	7.776280586904409375e-01
1.512402333589999944e+04	7.936643052068212967e-01
1.512421833589999915e+04	7.730574804941099387e-01
1.512441433589999906e+04	7.674701873838802868e-01
1.512460933590000059e+04	7.824806456822912537e-01
1.512480433590000030e+04	7.250388109406635806e-01
1.512500033590000021e+04	7.964161420319388895e-01
1.512519533589999992e+04	8.105070517774066730e-01
1.512539033589999963e+04	8.084162702288075764e-01
1.512558633589999954e+04	7.747806857372445677e-01
1.512578133589999925e+04	7.631500711116174784e-01
1.512597633589999896e+04	8.012380768117104424e-01
1.512617233589999887e+04	7.601344062164194781e-01
1.512636733590000040e+04	7.578023190648401908e-01
1.512656233590000011e+04	7.802248163128489011e-01
1.512675733589999982e+04	7.875391518606438268e-01
1.512695333589999973e+04	7.800534858184207110e-01
1.512714833589999944e+04	7.692092237749612593e-01
1.512734333589999915e+04	7.719436298094546345e-01
1.512753933589999906e+04	7.878518621760335350e-01
1.512773433590000059e+04	7.839443170617066414e-01
1.512792933590000030e+04	7.624180853637092525e-01
1.512812533590000021e+04	7.894441203983220134e-01
1.512832033589999992e+04	7.605851573541695387e-01
1.512851533589999963e+04	7.565201096688269899e-01
1.512871133589999954e+04	7.961535675248185839e-01
1.512890633589999925e+04	7.795434141014787599e-01
1.512910133589999896e+04	7.727157423133945713e-01
1.512929733589999887e+04	7.851865997429499089e-01
1.512949233590000040e+04	7.788792887066762205e-01
1.512968733590000011e+04	7.669338193883827870e-01
1.512988233589999982e+04	7.745236482941564304e-01
1.513007833589999973e+04	7.628987345325057845e-01
1.513027333589999944e+04	7.347718247008057091e-01
1.513046833589999915e+04	7.709114974955184607e-01
1.513066433589999906e+04	7.530430121418021372e-01
1.513085933590000059e+04	7.394257375935087140e-01
1.513105433590000030e+04	7.320081409099081782e-01
1.513125033590000021e+04	7.666478629967876657e-01
1.513144533589999992e+04	7.486124119241726049e-01
1.513164033589999963e+04	7.710395725853018689e-01
1.513183633589999954e+04	7.406866917522592075e-01
1.513203133589999925e+04	7.366327184243210979e-01
1.513222633589999896e+04	7.898914753131762723e-01
1.513242233589999887e+04	8.044649783072763682e-01
1.513261733590000040e+04	8.134568561956445620e-01
1.513281233590000011e+04	7.663579988677504673e-01
1.513300733589999982e+04	7.743734714749646031e-01
1.513320333589999973e+04	7.527240750985093598e-01
1.513339833589999944e+04	7.502534806878067286e-01
1.513359333589999915e+04	8.009159329270474359e-01
1.513378933589999906e+04	7.898904919066787045e-01
1.513398433590000059e+04	7.652977260534470361e-01
1.513417933590000030e+04	7.880173274976129960e-01
1.513437533590000021e+04	7.627561714275827853e-01
1.513457033589999992e+04	8.076741324796934407e-01
1.513476533589999963e+04	7.805722685843523578e-01
1.513496133589999954e+04	7.823959392135648727e-01
1.513515633589999925e+04	7.736293461102601299e-01
1.513535133589999896e+04	7.707179693413905852e-01
1.513554733589999887e+04	7.855705304126825439e-01
1.513574233590000040e+04	7.859457847284883059e-01
1.513593733590000011e+04	7.771737219110868011e-01
1.513613233589999982e+04	7.929524938233782905e-01
1.513632833589999973e+04	7.906466701187380153e-01
1.513652333589999944e+04	8.022871705776815077e-01
1.513671833589999915e+04	7.812074217278279775e-01
1.513691433589999906e+04	7.625221384398273017e-01
1.513710933590000059e+04	8.092756638948817027e-01
1.513730433590000030e+04	8.220582144954047266e-01
1.513750033590000021e+04	7.859255844064456653e-01
1.513769533589999992e+04	8.117633279275828784e-01
1.513789033589999963e+04	7.952840985618241376e-01
1.513808633589999954e+04	8.013140443224635590e-01
1.513828133589999925e+04	7.977472539381444960e-01
1.513847633589999896e+04	7.780245773521343722e-01
1.513867233589999887e+04	7.884243205973895385e-01
1.513886733590000040e+04	7.770235615245688621e-01
1.513906233590000011e+04	7.740375155878957969e-01
1.513925733589999982e+04	7.887889358414401642e-01
1.513945333589999973e+04	7.638733565821986815e-01
1.513964833589999944e+04	8.219765515981247717e-01
1.513984333589999915e+04	7.620511451653833035e-01
1.514003933589999906e+04	7.264943539987633869e-01
1.514023433590000059e+04	7.472728269301853743e-01
1.514042933590000030e+04	7.714535500466812579e-01
1.514062533590000021e+04	7.811737672136196409e-01
1.514082033589999992e+04	7.773392602350543967e-01
1.514101533589999963e+04	7.713322339467580946e-01
1.514121133589999954e+04	7.429317305190394904e-01
1.514140633589999925e+04	7.507102427732945671e-01
1.514160133589999896e+04	7.752129314927387327e-01
1.514179733589999887e+04	7.510330551946271527e-01
1.514199233590000040e+04	7.615743760474558144e-01
1.514218733590000011e+04	7.643183217869324864e-01
1.514238233589999982e+04	7.452093885228361358e-01
1.514257833589999973e+04	7.525757329756928016e-01
1.514277333589999944e+04	7.688799041148435265e-01
1.514296833589999915e+04	7.751397430623452323e-01
1.514316433589999906e+04	7.824026929264888963e-01
1.514335933590000059e+04	7.545672638798546217e-01
1.514355433590000030e+04	7.743080122495449302e-01
1.514375033590000021e+04	7.630624428017220851e-01
1.514394533589999992e+04	7.835449856793967882e-01
1.514414033589999963e+04	7.563466832998404499e-01
1.514433633589999954e+04	8.040188343856229380e-01
1.514453133589999925e+04	8.086931209484422567e-01
1.514472633589999896e+04	7.932420397411625856e-01
1.514492233589999887e+04	7.669531008506407233e-01
1.514511733590000040e+04	7.565682471206933712e-01
1.514531233590000011e+04	7.499701832196681295e-01
1.514550733589999982e+04	7.886734750796087212e-01
1.514570333589999973e+04	8.133002253125187764e-01
1.514589833589999944e+04	8.235185596225846894e-01
1.514609333589999915e+04	7.681394561498890994e-01
1.514628933589999906e+04	7.739826567665080148e-01
1.514648433590000059e+04	7.991080313895828624e-01
1.514667933590000030e+04	8.081403907453310609e-01
1.514687533590000021e+04	8.115057501124596229e-01
1.514707033589999992e+04	8.010216957155886774e-01
1.514726533589999963e+04	7.680229125864244111e-01
1.514746133589999954e+04	7.604445581199925641e-01
1.514765633589999925e+04	7.298161060324126481e-01
1.514785133589999896e+04	7.759242807535606801e-01
1.514804733589999887e+04	8.020919686248983993e-01
1.514824233590000040e+04	7.789408911153472559e-01
1.514843733590000011e+04	7.596065555371325217e-01
1.514863233589999982e+04	7.463726839286621839e-01
1.514882833589999973e+04	7.375843628346174796e-01
1.514902333589999944e+04	7.517923675641604575e-01
1.514921833589999915e+04	7.667287202591026585e-01
1.514941433589999906e+04	7.718453814338026575e-01
1.514960933590000059e+04	7.651272743538211074e-01
1.514980433590000030e+04	7.625712484905662336e-01
1.515000033590000021e+04	7.503103715524659378e-01
1.515019533589999992e+04	7.752542843878718060e-01
1.515039033589999963e+04	8.116210523779425756e-01
1.515058633589999954e+04	7.378967328519809854e-01
1.515078133589999925e+04	7.780370950589503565e-01
1.515097633589999896e+04	7.909823955881005730e-01
1.515117233589999887e+04	7.916865717965748672e-01
1.515136733590000040e+04	8.080644446806672931e-01
1.515156233590000011e+04	7.661778846403919374e-01
1.515175733589999982e+04	8.279940828219967131e-01
1.515195333589999973e+04	8.153059600916456873e-01
1.515214833589999944e+04	8.011361641668273137e-01
1.515234333589999915e+04	8.034313826187293728e-01
1.515253933589999906e+04	7.830041460795129638e-01
1.515273433590000059e+04	7.773700675520966996e-01
1.515292933590000030e+04	7.870590410568638617e-01
1.515312533590000021e+04	7.962834258542184074e-01
1.515332033589999992e+04	8.183388187542401937e-01
1.515351533589999963e+04	8.235079800015316920e-01
1.515371133589999954e+04	8.023939102673605106e-01
1.515390633589999925e+04	8.021717742258864803e-01
1.515410133589999896e+04	8.101667834281975900e-01
1.515429733589999887e+04	7.937018340497878910e-01
1.515449233590000040e+04	7.742252535415339310e-01
1.515468733590000011e+04	8.270037395849421102e-01
1.515488233589999982e+04	7.808205697307393223e-01
1.515507833589999973e+04	8.195399321961680528e-01
1.515527333589999944e+04	7.950965238724840844e-01
1.515546833589999915e+04	7.785857346651461341e-01
1.515566433589999906e+04	7.683165946756691511e-01
1.515585933590000059e+04	7.431573250227607730e-01
1.515605433590000030e+04	7.984896964290832955e-01
1.515625033590000021e+04	7.621695955114979881e-01
1.515644533589999992e+04	7.684995548489776951e-01
1.515664033589999963e+04	7.821717512475245826e-01
1.515683633589999954e+04	7.864846328405423748e-01
1.515703133589999925e+04	7.785905630485849827e-01
1.515722633589999896e+04	7.977558704067355677e-01
1.515742233589999887e+04	7.633725655119043552e-01
1.515761733590000040e+04	7.764190492683127331e-01
1.515781233590000011e+04	7.928822675505475814e-01
1.515800733589999982e+04	7.516295184721482059e-01
1.515820333589999973e+04	7.817107540852958891e-01
1.515839833589999944e+04	7.687855390139901601e-01
1.515859333589999915e+04	7.546269998315651151e-01
1.515878933589999906e+04	8.068099004091315862e-01
1.515898433590000059e+04	7.756980566230335938e-01
1.515917933590000030e+04	7.820601028820473033e-01
1.515937533590000021e+04	7.911411378129606931e-01
1.515957033589999992e+04	8.091622661423354401e-01
1.515976533589999963e+04	7.637944090883905801e-01
1.515996133589999954e+04	7.869541676751552473e-01
1.516015633589999925e+04	7.829579789066016815e-01
1.516035133589999896e+04	7.799524677193137023e-01
1.516054733589999887e+04	7.960208581682657325e-01
1.516074233590000040e+04	7.700622695753978064e-01
1.516093733590000011e+04	7.500173983145703716e-01
1.516113233589999982e+04	7.989032046767636785e-01
1.516132833589999973e+04	7.969047252761836120e-01
1.516152333589999944e+04	8.051245201863146406e-01
1.516171833589999915e+04	8.111203153743176131e-01
1.516191433589999906e+04	8.106925418362092017e-01
1.516210933590000059e+04	7.985733552627909404e-01
1.516230433590000030e+04	7.834429488830387811e-01
1.516250033590000021e+04	7.610706251070062933e-01
1.516269533589999992e+04	8.060869141021385076e-01
1.516289033589999963e+04	8.468918620724750213e-01
1.516308633589999954e+04	7.956842194393853873e-01
1.516328133589999925e+04	7.845053371804304732e-01
1.516347633589999896e+04	7.982646166293854151e-01
1.516367233589999887e+04	7.960631586834452378e-01
1.516386733590000040e+04	8.099360571288816146e-01
1.516406233590000011e+04	7.914624202950477638e-01
1.516425733589999982e+04	8.089267161795703487e-01
1.516445333589999973e+04	7.990464885587567068e-01
1.516464833589999944e+04	7.921637317489462760e-01
1.516484333589999915e+04	8.101360178470109474e-01
1.516503933589999906e+04	8.115643631982205619e-01
1.516523433590000059e+04	8.024111894485272956e-01
1.516542933590000030e+04	8.199713788211155929e-01
1.516562533590000021e+04	7.639176904963953518e-01
1.516582033589999992e+04	7.780448256078127400e-01
1.516601533589999963e+04	8.113644555801240443e-01
1.516621133589999954e+04	7.522712492973848697e-01
1.516640633589999925e+04	8.010784591832926793e-01
1.516660133589999896e+04	7.740567913969016445e-01
1.516679733589999887e+04	7.829685266874406580e-01
1.516699233590000040e+04	8.011120860233909013e-01
1.516718733590000011e+04	7.543909600320759523e-01
1.516738233589999982e+04	7.709750389023035666e-01
1.516757833589999973e+04	7.607026799157363683e-01
1.516777333589999944e+04	8.108386622480097117e-01
1.516796833589999915e+04	7.514030674394014397e-01
1.516816433589999906e+04	8.062272980367719555e-01
1.516835933590000059e+04	7.657012049757767613e-01
1.516855433590000030e+04	7.582300353580340158e-01
1.516875033590000021e+04	7.572724481383126260e-01
1.516894533589999992e+04	7.607132870352586451e-01
1.516914033589999963e+04	7.428671799330182068e-01
1.516933633589999954e+04	7.660055200104309847e-01
1.516953133589999925e+04	7.802344310889779422e-01
1.516972633589999896e+04	7.749096665018271324e-01
1.516992233589999887e+04	7.786001702059159868e-01
1.517011733590000040e+04	7.422618152530180424e-01
1.517031233590000011e+04	7.832562660613096028e-01
1.517050733589999982e+04	7.961689840037493582e-01
1.517070333589999973e+04	7.708883817139700056e-01
1.517089833589999944e+04	7.568582283525415733e-01
1.517109333589999915e+04	7.680662463445102617e-01
1.517128933589999906e+04	7.573880586823111827e-01
1.517148433590000059e+04	7.679545825615150534e-01
1.517167933590000030e+04	7.530025565737190618e-01
1.517187533590000021e+04	7.689261477600251027e-01
1.517207033589999992e+04	7.838355782332513400e-01
1.517226533589999963e+04	7.785481823761557507e-01
1.517246133589999954e+04	7.556867547089041182e-01
1.517265633589999925e+04	7.488311408657128965e-01
1.517285133589999896e+04	7.366365696008578823e-01
1.517304733589999887e+04	7.764412254301120697e-01
1.517324233590000040e+04	8.051639472692517785e-01
1.517343733590000011e+04	7.956476768442080072e-01
1.517363233589999982e+04	7.706457432456410572e-01
1.517382833589999973e+04	7.456498614185651519e-01
1.517402333589999944e+04	7.780698113862918319e-01
1.517421833589999915e+04	7.616311907126558367e-01
1.517441433589999906e+04	7.915865442596654589e-01
1.517460933590000059e+04	7.698562623322189324e-01
1.517480433590000030e+04	7.637125079270727923e-01
1.517500033590000021e+04	7.409083986669013910e-01
1.517519533589999992e+04	7.705947225290366021e-01
1.517539033589999963e+04	7.438166093357487796e-01
1.517558633589999954e+04	7.087939204076949551e-01
1.517578133589999925e+04	7.901762317919889256e-01
1.517597633589999896e+04	7.936364270722293668e-01
1.517617233589999887e+04	8.105685736991787849e-01
1.517636733590000040e+04	7.612854440699265979e-01
1.517656233590000011e+04	7.552763560490927119e-01
1.517675733589999982e+04	7.553418584284763426e-01
1.517695333589999973e+04	7.777608689399286845e-01
1.517714833589999944e+04	7.691860980980731455e-01
1.517734333589999915e+04	7.493987441537619532e-01
1.517753933589999906e+04	7.841983449321272559e-01
1.517773433590000059e+04	7.762660150075504362e-01
1.517792933590000030e+04	7.588860057051611818e-01
1.517812533590000021e+04	7.497292639525063862e-01
1.517832033589999992e+04	7.962314759967110689e-01
1.517851533589999963e+04	7.766096296471580729e-01
1.517871133589999954e+04	7.319271678159076089e-01
1.517890633589999925e+04	7.522779617519681494e-01
1.517910133589999896e+04	7.570239055309215814e-01
1.517929733589999887e+04	7.470897064868431414e-01
1.517949233590000040e+04	7.646370566900664301e-01
1.517968733590000011e+04	7.875333913478144154e-01
1.517988233589999982e+04	7.697128055550663817e-01
1.518007833589999973e+04	7.715661818543377848e-01
1.518027333589999944e+04	7.658129287767874160e-01
1.518046833589999915e+04	7.611380396129501236e-01
1.518066433589999906e+04	7.911170992993366013e-01
1.518085933590000059e+04	7.560326308653504412e-01
1.518105433590000030e+04	8.000120238338066514e-01
1.518125033590000021e+04	7.611294101033223569e-01
1.518144533589999992e+04	7.599975939179408613e-01
1.518164033589999963e+04	7.579005664686917498e-01
1.518183633589999954e+04	7.807445378506372435e-01
1.518203133589999925e+04	7.721765876859656430e-01
1.518222633589999896e+04	7.759175748455113819e-01
1.518242233589999887e+04	7.791054831195776131e-01
1.518261733590000040e+04	7.690243500784781361e-01
1.518281233590000011e+04	7.789977064041941901e-01
1.518300733589999982e+04	7.488417449019486583e-01
1.518320333589999973e+04	7.491395169290342437e-01
1.518339833589999944e+04	7.572859613024327530e-01
1.518359333589999915e+04	7.708893658925948245e-01
1.518378933589999906e+04	7.675607113399163239e-01
1.518398433590000059e+04	7.637693672172325421e-01
1.518417933590000030e+04	7.786838978262355937e-01
1.518437533590000021e+04	7.744148671494972547e-01
1.518457033589999992e+04	7.642990465006871403e-01
1.518476533589999963e+04	7.583542801108968945e-01
1.518496133589999954e+04	7.662674786901941815e-01
1.518515633589999925e+04	7.422849666249380363e-01
1.518535133589999896e+04	7.578013343545713099e-01
1.518554733589999887e+04	7.493910458503716399e-01
1.518574233590000040e+04	7.864557711520259176e-01
1.518593733590000011e+04	7.942260832594616460e-01
