# time(sec)	crack length FEA(mm)
7.700781235899999956e+03	4.365452685842878822e-01
7.700976535899999362e+03	4.032325299761865267e-01
7.701171835899999678e+03	4.368273718003514716e-01
7.701367235899999287e+03	4.431161780409187401e-01
7.701562535899999602e+03	4.060403742002840488e-01
7.701757835899999918e+03	4.004146102530512508e-01
7.701953135899999324e+03	4.290265883861898999e-01
7.702148435899999640e+03	4.620773792280203907e-01
7.702343735899999956e+03	4.654868911771909978e-01
7.702539035899999362e+03	4.372724321801655378e-01
7.702734335899999678e+03	4.484102959752114259e-01
7.702929735899999287e+03	4.341040738003734134e-01
7.703125035899999602e+03	4.466570917538597030e-01
7.703320335899999918e+03	4.573430904021602572e-01
7.703515635899999324e+03	4.232986275675987287e-01
7.703710935899999640e+03	4.807444029713821010e-01
7.703906235899999956e+03	4.621563524188374572e-01
7.704101535899999362e+03	4.281751791155041786e-01
7.704296835899999678e+03	4.493731644177643147e-01
7.704492235899999287e+03	4.576112761583850386e-01
7.704687535899999602e+03	4.370899369315868199e-01
7.704882835899999918e+03	4.291935271169950994e-01
7.705078135899999324e+03	4.265992363576636137e-01
7.705273435899999640e+03	4.446735077777912437e-01
7.705468735899999956e+03	4.372802293009048213e-01
7.705664035899999362e+03	4.928501024922216089e-01
7.705859335899999678e+03	4.577087853436481169e-01
7.706054735899999287e+03	4.047659815300583830e-01
7.706250035899999602e+03	4.475234684412860986e-01
7.706445335899999918e+03	4.299570194556530112e-01
7.706640635899999324e+03	4.227507608283183060e-01
7.706835935899999640e+03	4.567852473150235681e-01
7.707031235899999956e+03	4.160943368204765846e-01
7.707226535899999362e+03	3.790014252299833686e-01
7.707421835899999678e+03	4.455643349903208872e-01
7.707617235899999287e+03	4.020459656683534888e-01
7.707812535899999602e+03	4.574250275167646151e-01
7.708007835899999918e+03	4.440968378539889017e-01
7.708203135899999324e+03	3.895660936443903211e-01
7.708398435899999640e+03	4.028611160868784680e-01
7.708593735899999956e+03	3.774790756199877251e-01
7.708789035899999362e+03	4.086964273815212323e-01
7.708984335899999678e+03	4.132964374144272313e-01
7.709179735899999287e+03	4.221843335926713792e-01
7.709375035899999602e+03	3.759507995105941802e-01
7.709570335899999918e+03	4.276615902506719635e-01
7.709765635899999324e+03	4.553086824068586225e-01
7.709960935899999640e+03	4.415733943381265902e-01
7.710156235899999956e+03	4.251765113968080101e-01
7.710351535899999362e+03	4.264234814128364803e-01
7.710546835899999678e+03	4.235984311710350170e-01
7.710742235899999287e+03	4.304041744624935717e-01
7.710937535899999602e+03	4.197231101732832315e-01
7.711132835899999918e+03	4.013373364150005784e-01
7.711328135899999324e+03	4.000187366117007315e-01
7.711523435899999640e+03	4.255104900974142623e-01
7.711718735899999956e+03	4.320325540185550039e-01
7.711914035899999362e+03	3.974028154711035654e-01
7.712109335899999678e+03	4.527210562812005179e-01
7.712304735899999287e+03	4.766120228502490619e-01
7.712500035899999602e+03	4.339224942686481512e-01
7.712695335899999918e+03	4.268062421052682964e-01
7.712890635899999324e+03	3.840745116965713635e-01
7.713085935899999640e+03	4.544152578550342270e-01
7.713281235899999956e+03	4.571226856685086659e-01
7.713476535899999362e+03	4.349406053226445579e-01
7.713671835899999678e+03	3.982748087176997132e-01
7.713867235899999287e+03	4.367980859356741519e-01
7.714062535899999602e+03	3.779800086806428538e-01
7.714257835899999918e+03	4.002357470523243421e-01
7.714453135899999324e+03	4.114762825889108910e-01
7.714648435899999640e+03	4.516919476948526579e-01
7.714843735899999956e+03	4.268111404374472784e-01
7.715039035899999362e+03	4.081902398969852186e-01
7.715234335899999678e+03	4.288156761876305012e-01
7.715429735899999287e+03	3.788712839421428669e-01
7.715625035899999602e+03	4.135318862383030591e-01
7.715820335899999918e+03	4.236863356258986357e-01
7.716015635899999324e+03	4.187366072980758247e-01
7.716210935899999640e+03	4.142812105260347266e-01
7.716406235899999956e+03	4.236218858113964814e-01
7.716601535899999362e+03	4.090989945298062480e-01
7.716796835899999678e+03	4.129076012263954709e-01
7.716992235899999287e+03	4.362700624598208066e-01
7.717187535899999602e+03	3.934148566627442278e-01
7.717382835899999918e+03	4.107610664017329327e-01
7.717578135899999324e+03	3.990607779734958172e-01
7.717773435899999640e+03	4.040261493657233416e-01
7.717968735899999956e+03	4.416670774446842529e-01
7.718164035899999362e+03	3.953829910983408524e-01
7.718359335899999678e+03	4.032853211900757628e-01
7.718554735899999287e+03	4.208541432804508986e-01
7.718750035899999602e+03	4.326876258020444510e-01
7.718945335899999918e+03	3.740456823761917349e-01
7.719140635899999324e+03	4.076811377107105727e-01
7.719335935899999640e+03	4.026304771683939521e-01
7.719531235899999956e+03	3.348845587423987524e-01
7.719726535899999362e+03	3.918249629047991789e-01
7.719921835899999678e+03	4.314244012778729598e-01
7.720117235899999287e+03	3.852609296790721061e-01
7.720312535899999602e+03	3.847944064848878298e-01
7.720507835899999918e+03	4.030986456466063572e-01
7.720703135899999324e+03	3.865998991335892754e-01
7.720898435899999640e+03	4.053220709770304353e-01
7.721093735899999956e+03	3.804140856722035835e-01
7.721289035899999362e+03	4.094722620350061959e-01
7.721484335899999678e+03	3.719417732104872698e-01
7.721679735899999287e+03	3.732550099955140865e-01
7.721875035899999602e+03	3.548307727458457350e-01
7.722070335899999918e+03	3.519828430545821618e-01
7.722265635899999324e+03	3.668485533756804529e-01
7.722460935899999640e+03	3.913174473689231547e-01
7.722656235899999956e+03	3.806341923652531989e-01
7.722851535899999362e+03	3.673800448708970379e-01
7.723046835899999678e+03	3.813669092761067247e-01
7.723242235899999287e+03	3.953634400294028239e-01
7.723437535899999602e+03	3.797419973222915246e-01
7.723632835899999918e+03	3.949146766044346890e-01
7.723828135899999324e+03	3.739683772232993419e-01
7.724023435899999640e+03	3.788487952969692429e-01
7.724218735899999956e+03	3.593938012350257338e-01
7.724414035899999362e+03	3.784868143810822261e-01
7.724609335899999678e+03	3.557777332309441931e-01
7.724804735899999287e+03	3.824898746077778355e-01
7.725000035899999602e+03	3.868512534361947530e-01
7.725195335899999918e+03	3.724418095165340503e-01
7.725390635899999324e+03	3.829232179533867964e-01
7.725585935899999640e+03	3.961797847940857764e-01
7.725781235899999956e+03	3.693571345469202072e-01
7.725976535899999362e+03	4.215270620660849232e-01
7.726171835899999678e+03	3.820291559270003745e-01
7.726367235899999287e+03	3.770573864266744124e-01
7.726562535899999602e+03	3.652530435398944064e-01
7.726757835899999918e+03	3.996140484088037681e-01
7.726953135899999324e+03	4.026773926451667762e-01
7.727148435899999640e+03	4.098875491918700931e-01
7.727343735899999956e+03	4.202349176448940682e-01
7.727539035899999362e+03	4.096002868500150385e-01
7.727734335899999678e+03	3.908001692878002586e-01
7.727929735899999287e+03	3.944698271566604575e-01
7.728125035899999602e+03	3.722138123696243639e-01
7.728320335899999918e+03	3.811272215708427780e-01
7.728515635899999324e+03	3.854487228007101862e-01
7.728710935899999640e+03	3.375835282788131053e-01
7.728906235899999956e+03	3.700050239697354471e-01
7.729101535899999362e+03	3.705746055475245271e-01
7.729296835899999678e+03	3.761180967985993107e-01
7.729492235899999287e+03	4.152786490989424095e-01
7.729687535899999602e+03	4.030800577730744294e-01
7.729882835899999918e+03	3.914964086375078978e-01
7.730078135899999324e+03	4.501926540204426175e-01
7.730273435899999640e+03	4.369523037518696640e-01
7.730468735899999956e+03	4.223845224743811855e-01
7.730664035899999362e+03	3.993188324348118101e-01
7.730859335899999678e+03	4.108441150263324460e-01
7.731054735899999287e+03	4.333797685254214827e-01
7.731250035899999602e+03	4.304090469222465742e-01
7.731445335899999918e+03	4.096139429030731804e-01
7.731640635899999324e+03	4.302811550181004918e-01
7.731835935899999640e+03	3.897382046631587826e-01
7.732031235899999956e+03	4.168513786200112037e-01
7.732226535899999362e+03	3.972043556898086081e-01
7.732421835899999678e+03	4.139529543834292724e-01
7.732617235899999287e+03	3.996238306629091852e-01
7.732812535899999602e+03	4.369776908264011439e-01
7.733007835899999918e+03	4.103975711657152914e-01
7.733203135899999324e+03	3.983412979810339039e-01
7.733398435899999640e+03	4.072286943659637615e-01
7.733593735899999956e+03	3.983500814697489290e-01
7.733789035899999362e+03	4.430322990481911916e-01
7.733984335899999678e+03	4.080163013961204399e-01
7.734179735899999287e+03	4.081990450708712359e-01
7.734375035899999602e+03	4.075560576799279744e-01
7.734570335899999918e+03	4.101415878810410476e-01
7.734765635899999324e+03	4.003031798567509014e-01
7.734960935899999640e+03	3.956254633809983545e-01
7.735156235899999956e+03	4.033869573924402374e-01
7.735351535899999362e+03	4.290089928692086829e-01
7.735546835899999678e+03	4.434548092291752397e-01
7.735742235899999287e+03	4.062465700295341264e-01
7.735937535899999602e+03	4.250827740980884784e-01
7.736132835899999918e+03	4.555661499632321920e-01
7.736328135899999324e+03	4.481400659346146398e-01
7.736523435899999640e+03	4.034016159412736613e-01
7.736718735899999956e+03	4.086104253434612588e-01
7.736914035899999362e+03	4.115798322470087811e-01
7.737109335899999678e+03	3.926736855129355774e-01
7.737304735899999287e+03	4.108636454708598507e-01
7.737500035899999602e+03	3.923686268115567088e-01
7.737695335899999918e+03	3.850829315374415529e-01
7.737890635899999324e+03	4.054530218806888797e-01
7.738085935899999640e+03	3.968533753383489682e-01
7.738281235899999956e+03	4.223601186950798336e-01
7.738476535899999362e+03	4.103565539233642312e-01
7.738671835899999678e+03	3.572073879036175015e-01
7.738867235899999287e+03	4.133892543342945203e-01
7.739062535899999602e+03	3.797400477034162947e-01
7.739257835899999918e+03	4.196987121555828537e-01
7.739453135899999324e+03	3.904510804812595381e-01
7.739648435899999640e+03	4.061361396715810201e-01
7.739843735899999956e+03	3.802115736862070605e-01
7.740039035899999362e+03	4.175849788390451067e-01
7.740234335899999678e+03	3.934696005675597519e-01
7.740429735899999287e+03	4.299970565080357687e-01
7.740625035899999602e+03	4.227370868640516477e-01
7.740820335899999918e+03	3.819000388824722592e-01
7.741015635899999324e+03	4.288762209544394466e-01
7.741210935899999640e+03	3.964046641249332481e-01
7.741406235899999956e+03	3.761699709153649707e-01
7.741601535899999362e+03	4.418310555553972563e-01
7.741796835899999678e+03	3.935761820170959879e-01
7.741992235899999287e+03	3.988271394639770762e-01
7.742187535899999602e+03	3.797429721316767370e-01
7.742382835899999918e+03	3.780103391567823934e-01
7.742578135899999324e+03	3.586624193092724511e-01
7.742773435899999640e+03	3.723811601097448687e-01
7.742968735899999956e+03	3.677343690056460446e-01
7.743164035899999362e+03	3.698817038368051868e-01
7.743359335899999678e+03	3.496988084272505404e-01
7.743554735899999287e+03	3.938255085862039095e-01
7.743750035899999602e+03	3.760584313443047222e-01
7.743945335899999918e+03	3.736689467136677933e-01
7.744140635899999324e+03	3.478670993069084005e-01
7.744335935899999640e+03	3.876336539250502256e-01
7.744531235899999956e+03	3.767540851354596043e-01
7.744726535899999362e+03	4.151037870400475782e-01
7.744921835899999678e+03	3.745192751904582451e-01
7.745117235899999287e+03	3.974565764428295012e-01
7.745312535899999602e+03	4.190687013562204299e-01
7.745507835899999918e+03	3.798623103594156447e-01
7.745703135899999324e+03	4.043359671665935906e-01
7.745898435899999640e+03	4.006042364122581745e-01
7.746093735899999956e+03	3.814764670614145814e-01
7.746289035899999362e+03	4.211637251113664604e-01
7.746484335899999678e+03	4.255046184996125191e-01
7.746679735899999287e+03	4.252146101596583350e-01
7.746875035899999602e+03	4.238367094840675975e-01
7.747070335899999918e+03	4.277963480781501460e-01
7.747265635899999324e+03	4.299345772085487738e-01
7.747460935899999640e+03	4.081296528290412340e-01
7.747656235899999956e+03	4.128186849201487263e-01
7.747851535899999362e+03	4.001702284884256500e-01
7.748046835899999678e+03	3.847249485817769710e-01
7.748242235899999287e+03	3.572220738077191982e-01
7.748437535899999602e+03	4.067586481685214750e-01
7.748632835899999918e+03	3.930491578893509086e-01
7.748828135899999324e+03	3.995055365014810178e-01
7.749023435899999640e+03	3.812495025887230327e-01
7.749218735899999956e+03	3.334594941337432061e-01
7.749414035899999362e+03	4.115788586908859514e-01
7.749609335899999678e+03	4.104073575490669867e-01
7.749804735899999287e+03	3.890966946386971159e-01
7.750000035899999602e+03	4.183498032547952050e-01
7.750195335899999918e+03	3.697848228275155691e-01
7.750390635899999324e+03	3.969755871020872462e-01
7.750585935899999640e+03	3.839766779237958616e-01
7.750781235899999956e+03	3.727755257036147185e-01
7.750976535899999362e+03	3.644004462506327258e-01
7.751171835899999678e+03	4.088078199729583417e-01
7.751367235899999287e+03	3.998994703224205693e-01
7.751562535899999602e+03	3.792567559792043852e-01
7.751757835899999918e+03	3.917907436051049075e-01
7.751953135899999324e+03	3.745300423788950894e-01
7.752148435899999640e+03	3.461988412842202933e-01
7.752343735899999956e+03	3.378902383487911720e-01
7.752539035899999362e+03	3.754243835126018780e-01
7.752734335899999678e+03	4.074808045413647051e-01
7.752929735899999287e+03	3.705462163103483419e-01
7.753125035899999602e+03	3.511748422424929572e-01
7.753320335899999918e+03	3.863729900147720997e-01
7.753515635899999324e+03	3.886693144716897308e-01
7.753710935899999640e+03	3.862438872158175940e-01
7.753906235899999956e+03	4.062319047720741594e-01
7.754101535899999362e+03	4.167048640598736142e-01
7.754296835899999678e+03	3.871710735029196826e-01
7.754492235899999287e+03	4.197572908494517918e-01
7.754687535899999602e+03	3.886663910973915392e-01
7.754882835899999918e+03	3.864395112566505475e-01
7.755078135899999324e+03	3.939164416929834545e-01
7.755273435899999640e+03	4.149494327772131896e-01
7.755468735899999956e+03	4.344554731489829180e-01
7.755664035899999362e+03	3.558590065381732614e-01
7.755859335899999678e+03	3.996531354181591666e-01
7.756054735899999287e+03	4.246736139646181130e-01
7.756250035899999602e+03	4.030517309687535743e-01
7.756445335899999918e+03	3.986150037956441849e-01
7.756640635899999324e+03	3.775191977015968092e-01
7.756835935899999640e+03	3.791002282811444246e-01
7.757031235899999956e+03	3.707214186613825291e-01
7.757226535899999362e+03	3.924214244098127580e-01
7.757421835899999678e+03	4.150764222494522926e-01
7.757617235899999287e+03	3.911463468893430218e-01
7.757812535899999602e+03	4.133042421055570514e-01
7.758007835899999918e+03	3.615966982195040202e-01
7.758203135899999324e+03	3.938372416381490382e-01
7.758398435899999640e+03	3.792733868839466282e-01
7.758593735899999956e+03	4.039899992253541683e-01
7.758789035899999362e+03	4.106037642403226329e-01
7.758984335899999678e+03	3.955560358611656113e-01
7.759179735899999287e+03	4.064410286744859491e-01
7.759375035899999602e+03	3.818921990714851944e-01
7.759570335899999918e+03	4.197738945530922194e-01
7.759765635899999324e+03	3.967155515216163053e-01
7.759960935899999640e+03	4.706407150172040588e-01
7.760156235899999956e+03	4.218805866727777243e-01
7.760351535899999362e+03	3.907737855732165144e-01
7.760546835899999678e+03	4.218063586698601597e-01
7.760742235899999287e+03	4.147784705021013707e-01
7.760937535899999602e+03	3.898966223523743224e-01
7.761132835899999918e+03	4.178135568645444664e-01
7.761328135899999324e+03	4.086680818277503846e-01
7.761523435899999640e+03	3.885500270792903166e-01
7.761718735899999956e+03	4.336716012303671874e-01
7.761914035899999362e+03	3.995065189297655195e-01
7.762109335899999678e+03	4.185842306703477789e-01
7.762304735899999287e+03	3.997362381413296362e-01
7.762500035899999602e+03	4.139695619864802723e-01
7.762695335899999918e+03	3.820712284772813661e-01
7.762890635899999324e+03	3.870537027318281531e-01
7.763085935899999640e+03	3.919677191979928921e-01
7.763281235899999956e+03	4.193851770266494583e-01
7.763476535899999362e+03	4.263561198156651244e-01
7.763671835899999678e+03	4.329502265705365005e-01
7.763867235899999287e+03	4.350147687137138064e-01
7.764062535899999602e+03	4.306882682897779091e-01
7.764257835899999918e+03	4.779051103330278494e-01
7.764453135899999324e+03	4.651505554710091417e-01
7.764648435899999640e+03	4.109613729985035491e-01
7.764843735899999956e+03	4.501253237283222575e-01
7.765039035899999362e+03	4.461790286716862397e-01
7.765234335899999678e+03	4.358083407856021552e-01
7.765429735899999287e+03	4.286614075516439470e-01
7.765625035899999602e+03	4.177725183621827654e-01
7.765820335899999918e+03	3.981868390666853941e-01
7.766015635899999324e+03	4.125285276818519975e-01
7.766210935899999640e+03	4.638138683682839769e-01
7.766406235899999956e+03	4.478717855683065352e-01
7.766601535899999362e+03	4.514432294680315039e-01
7.766796835899999678e+03	4.250524928902432720e-01
7.766992235899999287e+03	4.320521012672635663e-01
7.767187535899999602e+03	4.234509835174637971e-01
7.767382835899999918e+03	4.229177671383794745e-01
7.767578135899999324e+03	4.119550177795634482e-01
7.767773435899999640e+03	4.159204539167475900e-01
7.767968735899999956e+03	4.377906922155538894e-01
7.768164035899999362e+03	4.113629297102772142e-01
7.768359335899999678e+03	4.267769695177374700e-01
7.768554735899999287e+03	4.063765338830442886e-01
7.768750035899999602e+03	4.542046211332184669e-01
7.768945335899999918e+03	4.216579271630198633e-01
7.769140635899999324e+03	4.381537846712806328e-01
7.769335935899999640e+03	4.290890699824849719e-01
7.769531235899999956e+03	4.199682719982682499e-01
7.769726535899999362e+03	4.322375855227136299e-01
7.769921835899999678e+03	4.505145548005948797e-01
7.770117235899999287e+03	4.360377312360714797e-01
7.770312535899999602e+03	4.373534382757409134e-01
7.770507835899999918e+03	4.541129293782724119e-01
7.770703135899999324e+03	4.351251204087969171e-01
7.770898435899999640e+03	4.188801900092471442e-01
7.771093735899999956e+03	4.674980514417299560e-01
7.771289035899999362e+03	4.519914067100394561e-01
7.771484335899999678e+03	4.736621251465162885e-01
7.771679735899999287e+03	4.836720048795921656e-01
7.771875035899999602e+03	4.514822345641142931e-01
7.772070335899999918e+03	4.322346337519888948e-01
7.772265635899999324e+03	4.750840073938977781e-01
7.772460935899999640e+03	4.636325576021693706e-01
7.772656235899999956e+03	4.381322972315793152e-01
7.772851535899999362e+03	4.488102973741820989e-01
7.773046835899999678e+03	4.394879143223917595e-01
7.773242235899999287e+03	3.916010414992499022e-01
7.773437535899999602e+03	4.742224829573338241e-01
7.773632835899999918e+03	4.614153479677192138e-01
7.773828135899999324e+03	4.757271550823460871e-01
7.774023435899999640e+03	4.259762543411476088e-01
7.774218735899999956e+03	4.263971105143440354e-01
7.774414035899999362e+03	4.720266874839822435e-01
7.774609335899999678e+03	4.417714981475526770e-01
7.774804735899999287e+03	4.213248947248278142e-01
7.775000035899999602e+03	4.428908097045809455e-01
7.775195335899999918e+03	4.621631952425335754e-01
7.775390635899999324e+03	4.596523293634309226e-01
7.775585935899999640e+03	4.460717267847158496e-01
7.775781235899999956e+03	4.251911654193278878e-01
7.775976535899999362e+03	4.553545177265334587e-01
7.776171835899999678e+03	4.211295463804063388e-01
7.776367235899999287e+03	4.521552659536371976e-01
7.776562535899999602e+03	4.200180826504897880e-01
7.776757835899999918e+03	4.487429633095292303e-01
7.776953135899999324e+03	4.316362388096877112e-01
7.777148435899999640e+03	3.929240038631025556e-01
7.777343735899999956e+03	4.498453249458513881e-01
7.777539035899999362e+03	4.061478752814995374e-01
7.777734335899999678e+03	4.216354689864623140e-01
7.777929735899999287e+03	4.277162835485519565e-01
7.778125035899999602e+03	4.267740170943739031e-01
7.778320335899999918e+03	4.088977243653033611e-01
7.778515635899999324e+03	4.241384778472401251e-01
7.778710935899999640e+03	4.178741202056244219e-01
7.778906235899999956e+03	4.353076301802794035e-01
7.779101535899999362e+03	4.104190827391143159e-01
7.779296835899999678e+03	4.134410252117231011e-01
7.779492235899999287e+03	4.162223021757309738e-01
7.779687535899999602e+03	4.002640686846383744e-01
7.779882835899999918e+03	4.187317325358641540e-01
7.780078135899999324e+03	4.368049357960597234e-01
7.780273435899999640e+03	4.132817847295893188e-01
7.780468735899999956e+03	3.935126279487271006e-01
7.780664035899999362e+03	4.325636701582737942e-01
7.780859335899999678e+03	4.023440792576149505e-01
7.781054735899999287e+03	4.228484162022247972e-01
7.781250035899999602e+03	4.572485201744758143e-01
7.781445335899999918e+03	4.464298030032782805e-01
7.781640635899999324e+03	4.588527386660938845e-01
7.781835935899999640e+03	4.465019875224953694e-01
7.782031235899999956e+03	4.104142063364850657e-01
7.782226535899999362e+03	4.586908170528047890e-01
7.782421835899999678e+03	4.207769842230177915e-01
7.782617235899999287e+03	4.216286233073702761e-01
7.782812535899999602e+03	4.143994088597136027e-01
7.783007835899999918e+03	3.862086856460660300e-01
7.783203135899999324e+03	4.346194488564734115e-01
7.783398435899999640e+03	4.111391850789214431e-01
7.783593735899999956e+03	3.923500308759653166e-01
7.783789035899999362e+03	4.253493561714485338e-01
7.783984335899999678e+03	4.239031300455664564e-01
7.784179735899999287e+03	4.142860861660242477e-01
7.784375035899999602e+03	4.103467759130463577e-01
7.784570335899999918e+03	3.757355344403805475e-01
7.784765635899999324e+03	4.112837854924116243e-01
7.784960935899999640e+03	4.217272562726002150e-01
7.785156235899999956e+03	4.222097106831146363e-01
7.785351535899999362e+03	4.082048955993560213e-01
7.785546835899999678e+03	3.805901678218255313e-01
7.785742235899999287e+03	3.974125818043923175e-01
7.785937535899999602e+03	3.923373396038662975e-01
7.786132835899999918e+03	3.693091554530898435e-01
7.786328135899999324e+03	3.988202874674904308e-01
7.786523435899999640e+03	3.962814753831906955e-01
7.786718735899999956e+03	4.154398235272758200e-01
7.786914035899999362e+03	4.210758452400256147e-01
7.787109335899999678e+03	4.327139648287197105e-01
7.787304735899999287e+03	3.761631126456261853e-01
7.787500035899999602e+03	4.010880855231313546e-01
7.787695335899999918e+03	3.733714711114934914e-01
7.787890635899999324e+03	3.919305687074157163e-01
7.788085935899999640e+03	3.696742297164554714e-01
7.788281235899999956e+03	3.996521613924670646e-01
7.788476535899999362e+03	4.199086954066828525e-01
7.788671835899999678e+03	3.736141338031551129e-01
7.788867235899999287e+03	3.859768833196337567e-01
7.789062535899999602e+03	4.097321803378513039e-01
7.789257835899999918e+03	4.162730937491492256e-01
7.789453135899999324e+03	4.195678115131755703e-01
7.789648435899999640e+03	4.056416356313441440e-01
7.789843735899999956e+03	3.873265588841849905e-01
7.790039035899999362e+03	3.963352387911189822e-01
7.790234335899999678e+03	3.719124104219773130e-01
7.790429735899999287e+03	4.557134059214398292e-01
7.790625035899999602e+03	4.158071465869301875e-01
7.790820335899999918e+03	4.219421215852747764e-01
7.791015635899999324e+03	4.275278381653890847e-01
7.791210935899999640e+03	3.998916614000123104e-01
7.791406235899999956e+03	4.274233572122039249e-01
7.791601535899999362e+03	4.525405688502246448e-01
7.791796835899999678e+03	4.129281119363099606e-01
7.791992235899999287e+03	4.241335789851330418e-01
7.792187535899999602e+03	4.063550439763510269e-01
7.792382835899999918e+03	4.207076272784995297e-01
7.792578135899999324e+03	3.920899466902820762e-01
7.792773435899999640e+03	4.256706331953736822e-01
7.792968735899999956e+03	4.179669199388236223e-01
7.793164035899999362e+03	4.066931804568501008e-01
7.793359335899999678e+03	4.406853738257598962e-01
7.793554735899999287e+03	3.952500384860275773e-01
7.793750035899999602e+03	4.184230683538139317e-01
7.793945335899999918e+03	4.464278083508492756e-01
7.794140635899999324e+03	4.538759233798899118e-01
7.794335935899999640e+03	4.393825366478480987e-01
7.794531235899999956e+03	4.284876214456758703e-01
7.794726535899999362e+03	4.291876731680321910e-01
7.794921835899999678e+03	3.829750526132418287e-01
7.795117235899999287e+03	4.001487331893684996e-01
7.795312535899999602e+03	4.225066081215089753e-01
7.795507835899999918e+03	3.974370270120779480e-01
7.795703135899999324e+03	4.303992768427669091e-01
7.795898435899999640e+03	4.204243918665184765e-01
7.796093735899999956e+03	4.099764676462527291e-01
7.796289035899999362e+03	4.177285850218162011e-01
7.796484335899999678e+03	3.862693264097760704e-01
7.796679735899999287e+03	4.461058458684910022e-01
7.796875035899999602e+03	4.375193984953575921e-01
7.797070335899999918e+03	4.070576786989992257e-01
7.797265635899999324e+03	4.505252889440143349e-01
7.797460935899999640e+03	4.272915497118479067e-01
7.797656235899999956e+03	4.410006002456903218e-01
7.797851535899999362e+03	4.442295782354115374e-01
7.798046835899999678e+03	4.295088751168130159e-01
7.798242235899999287e+03	4.366243822315460932e-01
7.798437535899999602e+03	4.431649948631850577e-01
7.798632835899999918e+03	4.481810288625798222e-01
7.798828135899999324e+03	4.288313009283317712e-01
7.799023435899999640e+03	4.363598669890205173e-01
7.799218735899999956e+03	4.267837886078424958e-01
7.799414035899999362e+03	4.154974724793110141e-01
7.799609335899999678e+03	4.241726524164750600e-01
7.799804735899999287e+03	4.413265188724189159e-01
7.800000035899999602e+03	4.475430034275085234e-01
7.800195335899999918e+03	4.408854379489230979e-01
7.800390635899999324e+03	4.056953954916320271e-01
7.800585935899999640e+03	4.186428371768045054e-01
