# time(sec)	crack length FEA(mm)
1.829121033589999934e+04	8.657135385889080936e-01
1.829140533589999905e+04	8.451449988879389252e-01
1.829160033589999875e+04	8.350270194289262093e-01
1.829179633589999867e+04	8.451440589531777903e-01
1.829199133589999838e+04	8.358739687855276657e-01
1.829218633589999808e+04	7.829829596152144688e-01
1.829238233589999800e+04	8.292350445526093239e-01
1.829257733590000134e+04	7.941712205983897377e-01
1.829277233590000105e+04	8.539365682628705656e-01
1.829296733590000076e+04	8.528388688814843022e-01
1.829316333590000067e+04	8.461038781711760492e-01
1.829335833590000038e+04	8.237155113785821214e-01
1.829355333590000009e+04	8.458927136350613551e-01
1.829374933590000001e+04	8.288143819506714749e-01
1.829394433589999971e+04	7.916692849523414566e-01
1.829413933589999942e+04	8.709003724897037557e-01
1.829433533589999934e+04	8.067002815930397475e-01
1.829453033589999905e+04	8.154376307913260291e-01
1.829472533589999875e+04	8.354111407637176967e-01
1.829492133589999867e+04	8.124649838118180867e-01
1.829511633589999838e+04	8.319338564873586250e-01
1.829531133589999808e+04	8.355311459803402840e-01
1.829550733589999800e+04	8.589599780421668385e-01
1.829570233590000134e+04	8.405276964887029578e-01
1.829589733590000105e+04	8.122746856924436543e-01
1.829609233590000076e+04	8.522919786725751123e-01
1.829628833590000067e+04	8.026621656848611508e-01
1.829648333590000038e+04	8.277280227261769596e-01
1.829667833590000009e+04	8.320740902994856469e-01
1.829687433590000001e+04	8.592007589566108550e-01
1.829706933589999971e+04	8.332927595117762820e-01
1.829726433589999942e+04	8.506058961960665243e-01
1.829746033589999934e+04	8.094813936227929219e-01
1.829765533589999905e+04	8.537005976092153503e-01
1.829785033589999875e+04	8.604515944035959762e-01
1.829804633589999867e+04	8.351787418590852496e-01
1.829824133589999838e+04	8.031880955896966157e-01
1.829843633589999808e+04	8.419436737884371524e-01
1.829863233589999800e+04	8.595451983827331333e-01
1.829882733590000134e+04	8.472719609474523850e-01
1.829902233590000105e+04	8.570691627150139880e-01
1.829921733590000076e+04	8.276752080539946377e-01
1.829941333590000067e+04	8.036130946938442321e-01
1.829960833590000038e+04	8.245119010239161383e-01
1.829980333590000009e+04	8.650814278117522349e-01
1.829999933590000001e+04	8.626137056564697758e-01
1.830019433589999971e+04	8.596909656430717916e-01
1.830038933589999942e+04	8.602051404599286855e-01
1.830058533589999934e+04	8.314143102955817710e-01
1.830078033589999905e+04	8.169858097638655892e-01
1.830097533589999875e+04	8.538329656441572268e-01
1.830117133589999867e+04	8.352920670206565035e-01
1.830136633589999838e+04	8.679997249438979878e-01
1.830156133589999808e+04	8.255561478427217992e-01
1.830175733589999800e+04	8.090882472539213666e-01
1.830195233590000134e+04	8.055850714133594437e-01
1.830214733590000105e+04	8.607864579098549740e-01
1.830234233590000076e+04	8.532812350512415378e-01
1.830253833590000067e+04	8.654401174951669162e-01
1.830273333590000038e+04	8.500387590929108228e-01
1.830292833590000009e+04	8.414617977789902170e-01
1.830312433590000001e+04	8.778325558111550464e-01
1.830331933589999971e+04	8.546350707189436235e-01
1.830351433589999942e+04	8.536180114558611365e-01
1.830371033589999934e+04	8.603163787606042945e-01
1.830390533589999905e+04	8.581609010759176925e-01
1.830410033589999875e+04	8.443982339070661425e-01
1.830429633589999867e+04	8.812092741906276672e-01
1.830449133589999838e+04	8.683967560599565871e-01
1.830468633589999808e+04	8.503593415740127170e-01
1.830488233589999800e+04	8.434930564757365801e-01
1.830507733590000134e+04	9.111621313643603060e-01
1.830527233590000105e+04	8.422806497783081880e-01
1.830546733590000076e+04	8.492998121931432109e-01
1.830566333590000067e+04	8.897530639907547112e-01
1.830585833590000038e+04	8.356953531275905789e-01
1.830605333590000009e+04	8.288816079336598364e-01
1.830624933590000001e+04	8.576926660868195995e-01
1.830644433589999971e+04	8.682825896914927455e-01
1.830663933589999942e+04	8.654056821991780168e-01
1.830683533589999934e+04	8.705331159232603255e-01
1.830703033589999905e+04	8.830561296088710321e-01
1.830722533589999875e+04	8.810847129584686854e-01
1.830742133589999867e+04	8.537082627767667020e-01
1.830761633589999838e+04	8.579153301814290700e-01
1.830781133589999808e+04	8.816625629626564375e-01
1.830800733589999800e+04	8.429977378200437244e-01
1.830820233590000134e+04	8.487729565948285426e-01
1.830839733590000105e+04	8.879344589764635032e-01
1.830859233590000076e+04	8.598857600855591699e-01
1.830878833590000067e+04	8.554237978358170125e-01
1.830898333590000038e+04	8.679200708177710055e-01
1.830917833590000009e+04	8.843067145325349543e-01
1.830937433590000001e+04	8.750325494202311205e-01
1.830956933589999971e+04	8.667760536509057090e-01
1.830976433589999942e+04	8.865020780536454481e-01
1.830996033589999934e+04	8.729847089188069731e-01
1.831015533589999905e+04	8.822807376143195768e-01
1.831035033589999875e+04	8.853540870245417693e-01
1.831054633589999867e+04	8.560080326646826165e-01
1.831074133589999838e+04	9.020496678381064726e-01
1.831093633589999808e+04	8.671471567626412025e-01
1.831113233589999800e+04	8.272285518721496089e-01
1.831132733590000134e+04	8.527736713179567829e-01
1.831152233590000105e+04	8.785791911460361092e-01
1.831171733590000076e+04	8.880198081790204867e-01
1.831191333590000067e+04	8.809313362795112567e-01
1.831210833590000038e+04	8.444558354824405200e-01
1.831230333590000009e+04	8.818140415065744975e-01
1.831249933590000001e+04	8.596631141939692355e-01
1.831269433589999971e+04	8.829267209818176809e-01
1.831288933589999942e+04	8.599336344515933206e-01
1.831308533589999934e+04	8.905970139613632597e-01
1.831328033589999905e+04	8.476165708352922934e-01
1.831347533589999875e+04	8.775861972985428139e-01
1.831367133589999867e+04	8.893363039099426715e-01
1.831386633589999838e+04	8.752270551531520226e-01
1.831406133589999808e+04	8.953025106719181281e-01
1.831425733589999800e+04	8.901965631856043615e-01
1.831445233590000134e+04	8.709242575624678295e-01
1.831464733590000105e+04	8.674012828987809343e-01
1.831484233590000076e+04	8.856262120271267690e-01
1.831503833590000067e+04	8.913548566284479335e-01
1.831523333590000038e+04	8.987485976653548647e-01
1.831542833590000009e+04	8.618070048466108801e-01
1.831562433590000001e+04	9.082501339444242205e-01
1.831581933589999971e+04	8.653126737015739423e-01
1.831601433589999942e+04	8.730202039980348161e-01
1.831621033589999934e+04	8.744458111354127539e-01
1.831640533589999905e+04	9.016091839177615697e-01
1.831660033589999875e+04	8.984775260161690369e-01
1.831679633589999867e+04	8.663551062425245419e-01
1.831699133589999838e+04	8.779888340688408732e-01
1.831718633589999808e+04	8.678702353722371754e-01
1.831738233589999800e+04	9.014108606981690031e-01
1.831757733590000134e+04	8.892461860000455687e-01
1.831777233590000105e+04	8.938167547299826765e-01
1.831796733590000076e+04	8.915014189500265473e-01
1.831816333590000067e+04	8.626251579605259678e-01
1.831835833590000038e+04	8.718735464824849402e-01
1.831855333590000009e+04	8.523149755114616255e-01
1.831874933590000001e+04	8.617073085604545213e-01
1.831894433589999971e+04	8.953426627404041938e-01
1.831913933589999942e+04	8.652349054704764342e-01
1.831933533589999934e+04	8.787115048955591590e-01
1.831953033589999905e+04	8.986451876880696688e-01
1.831972533589999875e+04	8.668143586761889452e-01
1.831992133589999867e+04	8.788006742369258717e-01
1.832011633589999838e+04	8.775372875880336210e-01
1.832031133589999808e+04	9.083123854552539456e-01
1.832050733589999800e+04	8.974614120417072627e-01
1.832070233590000134e+04	8.917236883469410458e-01
1.832089733590000105e+04	8.487298414744710584e-01
1.832109233590000076e+04	8.580505592956164662e-01
1.832128833590000067e+04	8.682355556261889262e-01
1.832148333590000038e+04	8.561221747886627043e-01
1.832167833590000009e+04	8.440622769453725027e-01
1.832187433590000001e+04	8.910587667437646076e-01
1.832206933589999971e+04	8.486664464443194333e-01
1.832226433589999942e+04	8.712109589493977069e-01
1.832246033589999934e+04	8.864656151382703797e-01
1.832265533589999905e+04	8.676487341032199652e-01
1.832285033589999875e+04	8.886913978975208295e-01
1.832304633589999867e+04	8.549316087687213184e-01
1.832324133589999838e+04	8.940246854493434370e-01
1.832343633589999808e+04	9.015316151386585375e-01
1.832363233589999800e+04	8.949911653084274832e-01
1.832382733590000134e+04	8.972008567523026557e-01
1.832402233590000105e+04	8.870893456143935651e-01
1.832421733590000076e+04	8.734956353638310134e-01
1.832441333590000067e+04	8.631786520379094441e-01
1.832460833590000038e+04	8.606732442430846675e-01
1.832480333590000009e+04	8.863209152589863749e-01
1.832499933590000001e+04	8.710230920945338795e-01
1.832519433589999971e+04	8.676199857415909378e-01
1.832538933589999942e+04	8.531757338882801633e-01
1.832558533589999934e+04	8.629992910298653896e-01
1.832578033589999905e+04	8.722483595240770882e-01
1.832597533589999875e+04	8.894014025736751705e-01
1.832617133589999867e+04	8.735608592361465696e-01
1.832636633589999838e+04	8.931845586017477245e-01
1.832656133589999808e+04	8.730948999683505463e-01
1.832675733589999800e+04	8.801857618615471779e-01
1.832695233590000134e+04	8.709319172532037356e-01
1.832714733590000105e+04	9.110511278510919908e-01
1.832734233590000076e+04	9.013045831275050546e-01
1.832753833590000067e+04	8.810530991657934408e-01
1.832773333590000038e+04	8.409904263857015394e-01
1.832792833590000009e+04	8.692548810403124548e-01
1.832812433590000001e+04	9.033106986530388127e-01
1.832831933589999971e+04	8.763668831618822708e-01
1.832851433589999942e+04	8.658371907973183568e-01
1.832871033589999934e+04	8.421135848201899421e-01
1.832890533589999905e+04	8.646508118985014590e-01
1.832910033589999875e+04	8.723307994917632868e-01
1.832929633589999867e+04	8.813769739193428876e-01
1.832949133589999838e+04	8.497834606101779542e-01
1.832968633589999808e+04	8.764829051082720923e-01
1.832988233589999800e+04	8.798665639873330946e-01
1.833007733590000134e+04	8.601716040715139400e-01
1.833027233590000105e+04	8.754983888493850230e-01
1.833046733590000076e+04	8.641013061472602175e-01
1.833066333590000067e+04	8.807770530088649963e-01
1.833085833590000038e+04	8.884030116678349742e-01
1.833105333590000009e+04	8.528724978971631288e-01
1.833124933590000001e+04	8.727037935809267566e-01
1.833144433589999971e+04	8.556338734651127709e-01
1.833163933589999942e+04	8.960333007371463765e-01
1.833183533589999934e+04	8.659916521914432508e-01
1.833203033589999905e+04	8.512584170930015404e-01
1.833222533589999875e+04	8.643966567482088692e-01
1.833242133589999867e+04	8.362974034499348619e-01
1.833261633589999838e+04	8.645636497535527099e-01
1.833281133589999808e+04	8.638701310171370551e-01
1.833300733589999800e+04	8.765768585955591163e-01
1.833320233590000134e+04	9.006380343692867996e-01
1.833339733590000105e+04	8.697209146059847740e-01
1.833359233590000076e+04	8.625848688955262134e-01
1.833378833590000067e+04	8.567208970047630601e-01
1.833398333590000038e+04	8.877389859398476801e-01
1.833417833590000009e+04	8.903920162568077501e-01
1.833437433590000001e+04	8.573924536164305721e-01
1.833456933589999971e+04	8.664432504378396516e-01
1.833476433589999942e+04	8.620142234936878367e-01
1.833496033589999934e+04	8.498602894982631994e-01
1.833515533589999905e+04	8.527189414951372726e-01
1.833535033589999875e+04	8.617274126381353483e-01
1.833554633589999867e+04	8.665056102017949513e-01
1.833574133589999838e+04	8.884298422676870643e-01
1.833593633589999808e+04	8.669821586820383175e-01
1.833613233589999800e+04	8.894042830414523593e-01
1.833632733590000134e+04	8.738024824964636394e-01
1.833652233590000105e+04	8.742703221425358606e-01
1.833671733590000076e+04	8.767426967222498035e-01
1.833691333590000067e+04	8.532659044421659900e-01
1.833710833590000038e+04	8.761895965954771270e-01
1.833730333590000009e+04	8.821160078465091203e-01
1.833749933590000001e+04	8.601725928600441051e-01
1.833769433589999971e+04	8.748052672336807944e-01
1.833788933589999942e+04	8.577742493950335501e-01
1.833808533589999934e+04	8.906995533059163250e-01
1.833828033589999905e+04	8.077000703602692511e-01
1.833847533589999875e+04	9.089518315337752341e-01
1.833867133589999867e+04	8.951003505710364294e-01
1.833886633589999838e+04	9.040537472178389322e-01
1.833906133589999808e+04	8.593714960529634794e-01
1.833925733589999800e+04	8.505128305717324366e-01
1.833945233590000134e+04	8.953121373010031192e-01
1.833964733590000105e+04	8.701207177643865975e-01
1.833984233590000076e+04	8.516192908242441462e-01
1.834003833590000067e+04	8.611855030050623583e-01
1.834023333590000038e+04	8.883139601986673739e-01
1.834042833590000009e+04	8.665871636785702492e-01
1.834062433590000001e+04	8.642921928490423511e-01
1.834081933589999971e+04	8.982965356568897164e-01
1.834101433589999942e+04	8.690478070293110591e-01
1.834121033589999934e+04	8.710613903666786229e-01
1.834140533589999905e+04	8.648292543988329584e-01
1.834160033589999875e+04	8.826056660400798393e-01
1.834179633589999867e+04	8.773542458200029870e-01
1.834199133589999838e+04	8.632534609200259723e-01
1.834218633589999808e+04	8.848232450947595140e-01
1.834238233589999800e+04	9.011667177151228003e-01
1.834257733590000134e+04	9.165880156500509912e-01
1.834277233590000105e+04	8.669400646323222048e-01
1.834296733590000076e+04	8.581234887589133109e-01
1.834316333590000067e+04	8.706558373993509292e-01
1.834335833590000038e+04	8.879987383943834800e-01
1.834355333590000009e+04	8.624976168858218273e-01
1.834374933590000001e+04	8.669276258677367508e-01
1.834394433589999971e+04	8.633857765018611019e-01
1.834413933589999942e+04	8.921816341840411724e-01
1.834433533589999934e+04	8.580869828517592168e-01
1.834453033589999905e+04	8.960304210630614108e-01
1.834472533589999875e+04	8.739434694547032478e-01
1.834492133589999867e+04	8.944872775389107744e-01
1.834511633589999838e+04	9.029468152643218559e-01
1.834531133589999808e+04	9.097683833871528236e-01
1.834550733589999800e+04	9.016043307353154290e-01
1.834570233590000134e+04	8.897597301182198493e-01
1.834589733590000105e+04	8.965026007295513466e-01
1.834609233590000076e+04	8.668987942695043358e-01
1.834628833590000067e+04	8.927994563701204811e-01
1.834648333590000038e+04	8.898401349916706948e-01
1.834667833590000009e+04	9.289474763791467637e-01
1.834687433590000001e+04	8.885285226520895918e-01
1.834706933589999971e+04	8.676103480310182192e-01
1.834726433589999942e+04	8.422998629989209007e-01
1.834746033589999934e+04	8.899820156072912880e-01
1.834765533589999905e+04	8.718457091133124948e-01
1.834785033589999875e+04	9.048455448902430476e-01
1.834804633589999867e+04	8.895278959336891944e-01
1.834824133589999838e+04	8.585234843994893339e-01
1.834843633589999808e+04	8.623269019360471077e-01
1.834863233589999800e+04	8.751120153307478944e-01
1.834882733590000134e+04	8.625311500374124307e-01
1.834902233590000105e+04	8.571948371085031937e-01
1.834921733590000076e+04	8.205065227115948545e-01
1.834941333590000067e+04	8.781325959959431771e-01
1.834960833590000038e+04	8.780002790647056798e-01
1.834980333590000009e+04	8.715935241431047587e-01
1.834999933590000001e+04	8.526296755687567952e-01
1.835019433589999971e+04	8.803985032063685878e-01
1.835038933589999942e+04	8.462833484350902324e-01
1.835058533589999934e+04	8.772565076978366960e-01
1.835078033589999905e+04	8.852735848459492018e-01
1.835097533589999875e+04	8.578625073902408360e-01
1.835117133589999867e+04	8.627700826905311260e-01
1.835136633589999838e+04	8.724305341803493263e-01
1.835156133589999808e+04	8.590099143227458711e-01
1.835175733589999800e+04	8.437877443994405979e-01
1.835195233590000134e+04	8.509821117640967714e-01
1.835214733590000105e+04	8.393727544736648838e-01
1.835234233590000076e+04	8.674685002550361901e-01
1.835253833590000067e+04	8.659091081456260497e-01
1.835273333590000038e+04	8.759279050747750262e-01
1.835292833590000009e+04	8.294117856731020311e-01
1.835312433590000001e+04	8.586712355396315388e-01
1.835331933589999971e+04	8.818361046062594966e-01
1.835351433589999942e+04	8.370377302250275875e-01
1.835371033589999934e+04	8.939442122776988242e-01
1.835390533589999905e+04	8.551512489694363950e-01
1.835410033589999875e+04	8.734419408313165434e-01
1.835429633589999867e+04	8.394322813517867132e-01
1.835449133589999838e+04	8.263227219916995381e-01
1.835468633589999808e+04	8.517084780634238683e-01
1.835488233589999800e+04	8.714170260370028842e-01
1.835507733590000134e+04	8.858198090666835611e-01
1.835527233590000105e+04	8.744841863149233063e-01
1.835546733590000076e+04	8.633071781678847145e-01
1.835566333590000067e+04	8.830897164670421517e-01
1.835585833590000038e+04	8.383867130114417421e-01
1.835605333590000009e+04	8.901400255169118481e-01
1.835624933590000001e+04	8.509149308431638303e-01
1.835644433589999971e+04	8.730230864267678470e-01
1.835663933589999942e+04	8.639094292980118439e-01
1.835683533589999934e+04	8.810827370976426209e-01
1.835703033589999905e+04	8.515194699647565812e-01
1.835722533589999875e+04	8.658055569816287544e-01
1.835742133589999867e+04	8.798426054514898453e-01
1.835761633589999838e+04	8.560223725713171916e-01
1.835781133589999808e+04	8.801847738942587540e-01
1.835800733589999800e+04	8.743968950454039657e-01
1.835820233590000134e+04	8.721169985529222402e-01
1.835839733590000105e+04	8.937411356332596313e-01
1.835859233590000076e+04	9.034121967894286342e-01
1.835878833590000067e+04	8.712435740015713748e-01
1.835898333590000038e+04	9.042059895559013682e-01
1.835917833590000009e+04	9.172235423479246919e-01
1.835937433590000001e+04	9.046799826223441698e-01
1.835956933589999971e+04	8.803937280729705606e-01
1.835976433589999942e+04	8.872973344866075252e-01
1.835996033589999934e+04	8.923778940169402318e-01
1.836015533589999905e+04	9.127816554146495065e-01
1.836035033589999875e+04	8.823104563579384774e-01
1.836054633589999867e+04	8.695482740254512066e-01
1.836074133589999838e+04	8.789194838433793677e-01
1.836093633589999808e+04	8.524790849328311992e-01
1.836113233589999800e+04	8.632591457264595647e-01
1.836132733590000134e+04	8.842184710711542550e-01
1.836152233590000105e+04	8.723960265189738550e-01
1.836171733590000076e+04	8.714899974126932847e-01
1.836191333590000067e+04	8.682615026262840985e-01
1.836210833590000038e+04	8.595326733989381296e-01
1.836230333590000009e+04	8.673284638845260019e-01
1.836249933590000001e+04	8.620564085427044887e-01
1.836269433589999971e+04	8.551445732554885382e-01
1.836288933589999942e+04	8.566642806885447214e-01
1.836308533589999934e+04	8.533704161429938040e-01
1.836328033589999905e+04	8.364289597395551112e-01
1.836347533589999875e+04	8.801042544240047505e-01
1.836367133589999867e+04	8.469965168241451181e-01
1.836386633589999838e+04	8.766065843815376013e-01
1.836406133589999808e+04	8.503478010083771466e-01
1.836425733589999800e+04	8.578970358737159074e-01
1.836445233590000134e+04	8.453792146487408843e-01
1.836464733590000105e+04	8.774952119831560537e-01
1.836484233590000076e+04	8.722004272652750245e-01
1.836503833590000067e+04	8.576198177277305490e-01
1.836523333590000038e+04	8.658093464513232362e-01
1.836542833590000009e+04	8.901774704215164036e-01
1.836562433590000001e+04	8.782773451101970608e-01
1.836581933589999971e+04	8.829622014061797586e-01
1.836601433589999942e+04	8.874649917979020586e-01
1.836621033589999934e+04	9.025935371300128907e-01
1.836640533589999905e+04	8.666187140909791253e-01
1.836660033589999875e+04	8.611222231169435304e-01
1.836679633589999867e+04	8.428009433366980829e-01
1.836699133589999838e+04	8.959116959142150449e-01
1.836718633589999808e+04	8.565319281990930733e-01
1.836738233589999800e+04	8.519992822227866469e-01
1.836757733590000134e+04	8.334329441842474040e-01
1.836777233590000105e+04	8.393525987615078066e-01
1.836796733590000076e+04	8.846765597737800135e-01
1.836816333590000067e+04	8.857872137557976089e-01
1.836835833590000038e+04	8.417853062288127575e-01
1.836855333590000009e+04	8.670100840482177773e-01
1.836874933590000001e+04	9.008650726745379700e-01
1.836894433589999971e+04	8.984095725228069540e-01
1.836913933589999942e+04	8.577493623949283830e-01
1.836933533589999934e+04	8.725063026189658899e-01
1.836953033589999905e+04	8.528705197210690869e-01
1.836972533589999875e+04	8.549613612733111268e-01
1.836992133589999867e+04	8.514935873622953011e-01
1.837011633589999838e+04	8.383329319714718508e-01
1.837031133589999808e+04	8.823440442566869990e-01
1.837050733589999800e+04	8.420329792748670883e-01
1.837070233590000134e+04	8.527458118754758232e-01
1.837089733590000105e+04	8.871066300766994317e-01
1.837109233590000076e+04	8.281861795899914114e-01
1.837128833590000067e+04	8.514648197237733029e-01
1.837148333590000038e+04	8.314642211380363079e-01
1.837167833590000009e+04	8.708677569727729662e-01
1.837187433590000001e+04	8.456201147332702561e-01
1.837206933589999971e+04	8.460376400489550974e-01
1.837226433589999942e+04	8.741562659640322863e-01
1.837246033589999934e+04	8.478151727182456909e-01
1.837265533589999905e+04	8.387649830767500703e-01
1.837285033589999875e+04	8.507574877061703233e-01
1.837304633589999867e+04	8.356598112996138639e-01
1.837324133589999838e+04	8.298305650536814682e-01
1.837343633589999808e+04	8.442628869787345280e-01
1.837363233589999800e+04	8.465578525788881592e-01
1.837382733590000134e+04	8.475445164477086735e-01
1.837402233590000105e+04	8.649846284635742677e-01
1.837421733590000076e+04	8.682931332171772709e-01
1.837441333590000067e+04	8.678337442285499748e-01
1.837460833590000038e+04	8.675902488615161445e-01
1.837480333590000009e+04	8.602473286758822724e-01
1.837499933590000001e+04	8.149013922181218561e-01
1.837519433589999971e+04	8.671825780704427444e-01
1.837538933589999942e+04	8.672890888054887171e-01
1.837558533589999934e+04	8.340705951646754102e-01
1.837578033589999905e+04	8.540200599458671604e-01
1.837597533589999875e+04	8.246857720034643791e-01
1.837617133589999867e+04	8.335453371564138791e-01
1.837636633589999838e+04	8.242304534904061342e-01
1.837656133589999808e+04	8.748762519730473031e-01
1.837675733589999800e+04	8.234099986262837234e-01
1.837695233590000134e+04	8.126975518549244271e-01
1.837714733590000105e+04	8.293858628430150759e-01
1.837734233590000076e+04	8.431839596976171691e-01
1.837753833590000067e+04	8.680802025267002620e-01
1.837773333590000038e+04	8.565711560363737931e-01
1.837792833590000009e+04	8.570825130751345000e-01
1.837812433590000001e+04	8.615115401074859847e-01
1.837831933589999971e+04	8.599883478963263883e-01
1.837851433589999942e+04	8.715916298632482295e-01
1.837871033589999934e+04	8.644159347368791657e-01
1.837890533589999905e+04	8.755597370154717396e-01
1.837910033589999875e+04	8.956386998976100244e-01
1.837929633589999867e+04	8.886760898112413543e-01
1.837949133589999838e+04	8.526105530004599586e-01
1.837968633589999808e+04	8.752127266726645871e-01
1.837988233589999800e+04	8.778612919841819462e-01
1.838007733590000134e+04	8.687736000804680003e-01
1.838027233590000105e+04	8.362263627553527812e-01
1.838046733590000076e+04	8.346429414723388618e-01
1.838066333590000067e+04	8.712866488639026130e-01
1.838085833590000038e+04	8.893783588190409262e-01
1.838105333590000009e+04	8.456969321507994408e-01
1.838124933590000001e+04	8.585561166310728964e-01
1.838144433589999971e+04	8.977343873685654785e-01
1.838163933589999942e+04	8.849037487798163681e-01
1.838183533589999934e+04	8.613984122418933964e-01
1.838203033589999905e+04	9.055675738595692081e-01
1.838222533589999875e+04	8.648388108389433171e-01
1.838242133589999867e+04	8.559283388901999245e-01
1.838261633589999838e+04	8.838965278635679823e-01
1.838281133589999808e+04	8.610751750715976982e-01
1.838300733589999800e+04	8.556732675927030130e-01
1.838320233590000134e+04	8.860804053434776506e-01
1.838339733590000105e+04	8.664231502945867192e-01
1.838359233590000076e+04	8.495791044685745419e-01
1.838378833590000067e+04	8.669640360082020436e-01
1.838398333590000038e+04	8.819654367726812438e-01
1.838417833590000009e+04	8.755760416024500614e-01
1.838437433590000001e+04	9.025752767454164882e-01
1.838456933589999971e+04	9.017297728483519847e-01
1.838476433589999942e+04	8.723691780417919261e-01
1.838496033589999934e+04	8.886042404374361325e-01
1.838515533589999905e+04	8.951013379260857050e-01
1.838535033589999875e+04	8.610588606666453870e-01
1.838554633589999867e+04	8.621044433816393848e-01
1.838574133589999838e+04	8.482316625140224886e-01
1.838593633589999808e+04	8.540018451018767109e-01
1.838613233589999800e+04	9.065230630785325872e-01
1.838632733590000134e+04	8.680361334639954407e-01
1.838652233590000105e+04	8.648369160278441825e-01
1.838671733590000076e+04	8.565404989925227142e-01
1.838691333590000067e+04	8.564350120921275789e-01
1.838710833590000038e+04	8.561203617049972792e-01
1.838730333590000009e+04	8.445182026786408613e-01
1.838749933590000001e+04	8.645856462792380626e-01
1.838769433589999971e+04	8.311511340790023183e-01
1.838788933589999942e+04	8.323823394875020654e-01
1.838808533589999934e+04	8.249999166375676651e-01
1.838828033589999905e+04	8.233081794391914343e-01
1.838847533589999875e+04	8.308755223690234004e-01
1.838867133589999867e+04	8.524531209350207916e-01
1.838886633589999838e+04	8.696126025543371441e-01
1.838906133589999808e+04	8.236521083718972847e-01
1.838925733589999800e+04	8.365576202723481458e-01
1.838945233590000134e+04	8.319290387455886560e-01
1.838964733590000105e+04	8.366507809902934412e-01
1.838984233590000076e+04	8.352507671999056527e-01
1.839003833590000067e+04	8.403558528118182380e-01
1.839023333590000038e+04	8.545697955944753232e-01
1.839042833590000009e+04	8.476864815227465044e-01
1.839062433590000001e+04	8.731879607759225337e-01
1.839081933589999971e+04	8.760601510508525536e-01
1.839101433589999942e+04	8.268673626755358441e-01
