# time(sec)	crack length FEA(mm)
1.076640596089999963e+04	1.013742493448290816e-01
1.076660196089999954e+04	1.374423773654225300e-01
1.076679696089999925e+04	1.266777405462384820e-01
1.076699196089999896e+04	1.291663586124727203e-01
1.076718796089999887e+04	1.142446815650792757e-01
1.076738296090000040e+04	9.564066086542766243e-02
1.076757796090000011e+04	1.251836041734364358e-01
1.076777296089999982e+04	1.226048289688126403e-01
1.076796896089999973e+04	1.038928534480767496e-01
1.076816396089999944e+04	1.101095351743186512e-01
1.076835896089999915e+04	1.246788477611282531e-01
1.076855496089999906e+04	1.176080810346782357e-01
1.076874996090000059e+04	1.275646764529376753e-01
1.076894496090000030e+04	1.575088346686133178e-01
1.076914096090000021e+04	1.401462707201233115e-01
1.076933596089999992e+04	1.481296125964135513e-01
1.076953096089999963e+04	1.116246337965485225e-01
1.076972696089999954e+04	1.151658668999573365e-01
1.076992196089999925e+04	1.240241378183526422e-01
1.077011696089999896e+04	1.449581026535824435e-01
1.077031296089999887e+04	1.466715626146157803e-01
1.077050796090000040e+04	1.021045867868579649e-01
1.077070296090000011e+04	8.807950586413149097e-02
1.077089796089999982e+04	1.165982718509734894e-01
1.077109396089999973e+04	1.120609794979046114e-01
1.077128896089999944e+04	1.759490763098696675e-01
1.077148396089999915e+04	1.245975462626205399e-01
1.077167996089999906e+04	1.038769936895285184e-01
1.077187496090000059e+04	7.454813635557933083e-02
1.077206996090000030e+04	7.531524324165062012e-02
1.077226596090000021e+04	9.962703512911730286e-02
1.077246096089999992e+04	1.174306423919304621e-01
1.077265596089999963e+04	1.215561388046086932e-01
1.077285196089999954e+04	1.237421728822276634e-01
1.077304696089999925e+04	1.031445833224573505e-01
1.077324196089999896e+04	1.387215357335058741e-01
1.077343796089999887e+04	9.080881392433681754e-02
1.077363296090000040e+04	1.627032435523503295e-01
1.077382796090000011e+04	5.794769337533800524e-02
1.077402296089999982e+04	1.245278551670168099e-01
1.077421896089999973e+04	1.202908848585142465e-01
1.077441396089999944e+04	9.402310077495812379e-02
1.077460896089999915e+04	8.751584734431716583e-02
1.077480496089999906e+04	6.902540181538441288e-02
1.077499996090000059e+04	1.017568615770958473e-01
1.077519496090000030e+04	7.490470826792261505e-02
1.077539096090000021e+04	7.934080360942630250e-02
1.077558596089999992e+04	1.070906736907790702e-01
1.077578096089999963e+04	1.020876818238427575e-01
1.077597696089999954e+04	8.174525465262050261e-02
1.077617196089999925e+04	7.393233081513805871e-02
1.077636696089999896e+04	8.981800255191529914e-02
1.077656296089999887e+04	1.255331189394208735e-01
1.077675796090000040e+04	1.178975094811569591e-01
1.077695296090000011e+04	1.359562796813307273e-01
1.077714796089999982e+04	8.081333131071488651e-02
1.077734396089999973e+04	7.955449584483353931e-02
1.077753896089999944e+04	7.949631132537327005e-02
1.077773396089999915e+04	1.186664534734660492e-01
1.077792996089999906e+04	1.293996797067524795e-01
1.077812496090000059e+04	1.196909769482790153e-01
1.077831996090000030e+04	1.047879921509409229e-01
1.077851596090000021e+04	1.252659741021666662e-01
1.077871096089999992e+04	9.354098663886034615e-02
1.077890596089999963e+04	1.094935280326367888e-01
1.077910196089999954e+04	1.293300019313310401e-01
1.077929696089999925e+04	1.028613400736162475e-01
1.077949196089999896e+04	1.179735611317056510e-01
1.077968796089999887e+04	1.471315607167671402e-01
1.077988296090000040e+04	9.817991559168248727e-02
1.078007796090000011e+04	8.421399153210096244e-02
1.078027296089999982e+04	1.021183322747276634e-01
1.078046896089999973e+04	1.123029266586215158e-01
1.078066396089999944e+04	1.113319838909703208e-01
1.078085896089999915e+04	9.695789905816276644e-02
1.078105496089999906e+04	1.051673843056839530e-01
1.078124996090000059e+04	1.129875264958855041e-01
1.078144496090000030e+04	8.957901826521741384e-02
1.078164096090000021e+04	7.265303629121078188e-02
1.078183596089999992e+04	1.104001027678656044e-01
1.078203096089999963e+04	8.943837890337924534e-02
1.078222696089999954e+04	6.746644941680202123e-02
1.078242196089999925e+04	7.505813479554213075e-02
1.078261696089999896e+04	9.262324139767486031e-02
1.078281296089999887e+04	5.243190400600994394e-02
1.078300796090000040e+04	9.186407298317611492e-02
1.078320296090000011e+04	1.050194244970512614e-01
1.078339796089999982e+04	9.059309173527374526e-02
1.078359396089999973e+04	8.031615270381031735e-02
1.078378896089999944e+04	1.001291259260650435e-01
1.078398396089999915e+04	1.203838219452446623e-01
1.078417996089999906e+04	7.409316173659696858e-02
1.078437496090000059e+04	1.086133516143839017e-01
1.078456996090000030e+04	1.005202101068505272e-01
1.078476596090000021e+04	8.392630132862777259e-02
1.078496096089999992e+04	7.741961846193134988e-02
1.078515596089999963e+04	1.025886703812552980e-01
1.078535196089999954e+04	1.600903583677997233e-01
1.078554696089999925e+04	9.603816251190444575e-02
1.078574196089999896e+04	8.624676327328550940e-02
1.078593796089999887e+04	1.093392674834987588e-01
1.078613296090000040e+04	8.769668564083588080e-02
1.078632796090000011e+04	7.131337360173084505e-02
1.078652296089999982e+04	8.157388700325718389e-02
1.078671896089999973e+04	1.063964092832474506e-01
1.078691396089999944e+04	8.846866987503965163e-02
1.078710896089999915e+04	3.551051446791220201e-02
1.078730496089999906e+04	8.309389370994857416e-02
1.078749996090000059e+04	8.775061802445982551e-02
1.078769496090000030e+04	5.081686051856948438e-02
1.078789096090000021e+04	9.189685213688392196e-02
1.078808596089999992e+04	9.521883293786004288e-02
1.078828096089999963e+04	1.118000170003448090e-01
1.078847696089999954e+04	7.781317300891643640e-02
1.078867196089999925e+04	7.456506890936509535e-02
1.078886696089999896e+04	9.862495731851694813e-02
1.078906296089999887e+04	4.295620052177895332e-02
1.078925796090000040e+04	7.137792185045022109e-02
1.078945296090000011e+04	5.922878844062573478e-02
1.078964796089999982e+04	5.097148262961326282e-02
1.078984396089999973e+04	3.963897580015540711e-02
1.079003896089999944e+04	4.700600023299728036e-02
1.079023396089999915e+04	6.475896957884330618e-02
1.079042996089999906e+04	3.558269596466345774e-02
1.079062496090000059e+04	6.293193872157587521e-02
1.079081996090000030e+04	1.109009076253126835e-01
1.079101596090000021e+04	7.808930093490040747e-02
1.079121096089999992e+04	3.978731181369532521e-02
1.079140596089999963e+04	4.640010839344732574e-02
1.079160196089999954e+04	8.978416702015223905e-02
1.079179696089999925e+04	8.675652489140617263e-02
1.079199196089999896e+04	7.638701973447936666e-02
1.079218796089999887e+04	6.873965085197752956e-02
1.079238296090000040e+04	7.690226109074771443e-02
1.079257796090000011e+04	6.552742189842852838e-02
1.079277296089999982e+04	3.225919817366929010e-02
1.079296896089999973e+04	3.773277304368249929e-02
1.079316396089999944e+04	9.549371661528205379e-02
1.079335896089999915e+04	6.954079099458887470e-02
1.079355496089999906e+04	8.497445361798305896e-02
1.079374996090000059e+04	7.734661580752444365e-02
1.079394496090000030e+04	3.722838453866472719e-02
1.079414096090000021e+04	4.762458915041634100e-02
1.079433596089999992e+04	7.559667896051003311e-02
1.079453096089999963e+04	9.095049925227804977e-02
1.079472696089999954e+04	6.690550519012816721e-02
1.079492196089999925e+04	4.551772653597119245e-02
1.079511696089999896e+04	8.764275314168656905e-02
1.079531296089999887e+04	6.493679625602410965e-02
1.079550796090000040e+04	7.575432739555409967e-02
1.079570296090000011e+04	7.587282209356516205e-02
1.079589796089999982e+04	6.428370272023897769e-02
1.079609396089999973e+04	6.102326743611818927e-02
1.079628896089999944e+04	4.131300762825240724e-02
1.079648396089999915e+04	8.637896270451683733e-02
1.079667996089999906e+04	6.549778429425856530e-02
1.079687496090000059e+04	5.673218404808366699e-02
1.079706996090000030e+04	5.496811209991570024e-02
1.079726596090000021e+04	1.169405201561968255e-01
1.079746096089999992e+04	5.310331218964492450e-02
1.079765596089999963e+04	5.791699003671624268e-02
1.079785196089999954e+04	8.611139258942657193e-02
1.079804696089999925e+04	1.127751706791624287e-01
1.079824196089999896e+04	7.513325264989845209e-02
1.079843796089999887e+04	4.382172875364176434e-02
1.079863296090000040e+04	8.609976417649178870e-02
1.079882796090000011e+04	6.024725891146331946e-02
1.079902296089999982e+04	3.454414989230514266e-02
1.079921896089999973e+04	3.774972760127504046e-02
1.079941396089999944e+04	1.006047763926449790e-01
1.079960896089999915e+04	1.084506353209810925e-01
1.079980496089999906e+04	6.548084928412833960e-02
1.079999996090000059e+04	9.269408359615738391e-02
1.080019496090000030e+04	1.072407362728782232e-01
1.080039096090000021e+04	9.886279335400871560e-02
1.080058596089999992e+04	7.284033487790608774e-02
1.080078096089999963e+04	9.691243154278161853e-02
1.080097696089999954e+04	1.001999379182407779e-01
1.080117196089999925e+04	5.687194920990989999e-02
1.080136696089999896e+04	4.928856034693218646e-02
1.080156296089999887e+04	4.119116511400378045e-02
1.080175796090000040e+04	7.288160109779440177e-02
1.080195296090000011e+04	7.438096426774265524e-02
1.080214796089999982e+04	6.753418587150861185e-02
1.080234396089999973e+04	4.342116151440222893e-02
1.080253896089999944e+04	5.670889281090829570e-02
1.080273396089999915e+04	1.060128055454754303e-01
1.080292996089999906e+04	3.369420205188333739e-02
1.080312496090000059e+04	9.400512780560710269e-02
1.080331996090000030e+04	8.340803273907226867e-02
1.080351596090000021e+04	7.301916073561542930e-02
1.080371096089999992e+04	5.361584863731749806e-02
1.080390596089999963e+04	6.303568210590704268e-02
1.080410196089999954e+04	4.595733442469729368e-02
1.080429696089999925e+04	7.028899685136735798e-02
1.080449196089999896e+04	7.672769783793675913e-02
1.080468796089999887e+04	5.144806480254793257e-02
1.080488296090000040e+04	4.825481516313168129e-02
1.080507796090000011e+04	6.237288975633070720e-02
1.080527296089999982e+04	5.976238082440410437e-02
1.080546896089999973e+04	3.374189485569267788e-02
1.080566396089999944e+04	7.045620517860662346e-02
1.080585896089999915e+04	5.570827156435242955e-02
1.080605496089999906e+04	3.790549382368446629e-02
1.080624996090000059e+04	8.601514914128749467e-02
1.080644496090000030e+04	7.169644290269872045e-02
1.080664096090000021e+04	7.948678806153530729e-02
1.080683596089999992e+04	6.227879324664620242e-02
1.080703096089999963e+04	6.908783685052100054e-02
1.080722696089999954e+04	6.807501274010263614e-02
1.080742196089999925e+04	5.347277271212824701e-02
1.080761696089999896e+04	9.816195467120358842e-02
1.080781296089999887e+04	6.833642708224019202e-02
1.080800796090000040e+04	1.051800569379466310e-01
1.080820296090000011e+04	8.552654035457685211e-02
1.080839796089999982e+04	1.147168981883694983e-01
1.080859396089999973e+04	7.526762807147591161e-02
1.080878896089999944e+04	6.894496212773049137e-02
1.080898396089999915e+04	1.063879491678321187e-01
1.080917996089999906e+04	1.036254603949018360e-01
1.080937496090000059e+04	8.454081778872968300e-02
1.080956996090000030e+04	1.121317579048604074e-01
1.080976596090000021e+04	7.047735839831936744e-02
1.080996096089999992e+04	9.885117083054950626e-02
1.081015596089999963e+04	9.452001787029651325e-02
1.081035196089999954e+04	7.236627751242608042e-02
1.081054696089999925e+04	9.882156969186794981e-02
1.081074196089999896e+04	5.147135998820928648e-02
1.081093796089999887e+04	8.420553304182831766e-02
1.081113296090000040e+04	6.790885229183629690e-02
1.081132796090000011e+04	6.736061141010907249e-02
1.081152296089999982e+04	8.040077780271559504e-02
1.081171896089999973e+04	8.520502346017622131e-02
1.081191396089999944e+04	1.125923980400234115e-01
1.081210896089999915e+04	5.879152534070009040e-02
1.081230496089999906e+04	5.770417564645669017e-02
1.081249996090000059e+04	1.057581164463545775e-01
1.081269496090000030e+04	8.526001504145241938e-02
1.081289096090000021e+04	7.545384386422782086e-02
1.081308596089999992e+04	1.013002538536085240e-01
1.081328096089999963e+04	8.967841820058808366e-02
1.081347696089999954e+04	3.948427786880870372e-02
1.081367196089999925e+04	6.915027900364378866e-02
1.081386696089999896e+04	8.162466137850721282e-02
1.081406296089999887e+04	1.118296028691130317e-01
1.081425796090000040e+04	8.095296481283753565e-02
1.081445296090000011e+04	1.142911704048650279e-01
1.081464796089999982e+04	1.296984675698258371e-01
1.081484396089999973e+04	9.565757924171869320e-02
1.081503896089999944e+04	9.697270072808805708e-02
1.081523396089999915e+04	1.209837133172353418e-01
1.081542996089999906e+04	5.217986195365575952e-02
1.081562496090000059e+04	6.275092713059216010e-02
1.081581996090000030e+04	1.259882255381850058e-01
1.081601596090000021e+04	9.649591912598864951e-02
1.081621096089999992e+04	8.278714668172426627e-02
1.081640596089999963e+04	6.651177570371658021e-02
1.081660196089999954e+04	1.222172450769889451e-01
1.081679696089999925e+04	8.673219668842691021e-02
1.081699196089999896e+04	7.026465273904136666e-02
1.081718796089999887e+04	1.292149148270738124e-01
1.081738296090000040e+04	6.986039704462498889e-02
1.081757796090000011e+04	8.082814247570979660e-02
1.081777296089999982e+04	5.481774411710560457e-02
1.081796896089999973e+04	1.228424382980009000e-01
1.081816396089999944e+04	1.372914524154786875e-01
1.081835896089999915e+04	7.426245346412230219e-02
1.081855496089999906e+04	4.244450497389351540e-02
1.081874996090000059e+04	9.568930003145581509e-02
1.081894496090000030e+04	7.912922688219481415e-02
1.081914096090000021e+04	1.301154913459274809e-01
1.081933596089999992e+04	7.651291830687512174e-02
1.081953096089999963e+04	9.454115088770009834e-02
1.081972696089999954e+04	8.240847099473569415e-02
1.081992196089999925e+04	1.038759406084679426e-01
1.082011696089999896e+04	8.381947398266831328e-02
1.082031296089999887e+04	7.099908371655416772e-02
1.082050796090000040e+04	1.069490701428126300e-01
1.082070296090000011e+04	1.106040199473490304e-01
1.082089796089999982e+04	1.186907508128989264e-01
1.082109396089999973e+04	7.669490802076950331e-02
1.082128896089999944e+04	1.152598846169468061e-01
1.082148396089999915e+04	6.426782345176107469e-02
1.082167996089999906e+04	4.829930423597872391e-02
1.082187496090000059e+04	9.766510948505313650e-02
1.082206996090000030e+04	1.006861645916696801e-01
1.082226596090000021e+04	1.015275055718873887e-01
1.082246096089999992e+04	9.403789508926330143e-02
1.082265596089999963e+04	5.266064947423210185e-02
1.082285196089999954e+04	9.177736106208556066e-02
1.082304696089999925e+04	7.344029725208400805e-02
1.082324196089999896e+04	1.249903634965736643e-01
1.082343796089999887e+04	6.922013090530576562e-02
1.082363296090000040e+04	1.024174354993725444e-01
1.082382796090000011e+04	6.110795916434597075e-02
1.082402296089999982e+04	7.828712789797620530e-02
1.082421896089999973e+04	9.259469556826616099e-02
1.082441396089999944e+04	6.902328091782194974e-02
1.082460896089999915e+04	6.546709105749393132e-02
1.082480496089999906e+04	1.236555889466561808e-01
1.082499996090000059e+04	8.508550062021491556e-02
1.082519496090000030e+04	1.042754273757235950e-01
1.082539096090000021e+04	6.418314233737909547e-02
1.082558596089999992e+04	8.461379050867812168e-02
1.082578096089999963e+04	6.524269506678770369e-02
1.082597696089999954e+04	1.034299477386007027e-01
1.082617196089999925e+04	1.261392274966244287e-01
1.082636696089999896e+04	1.068539683893821035e-01
1.082656296089999887e+04	7.054932648214062851e-02
1.082675796090000040e+04	3.368772686283705298e-02
1.082695296090000011e+04	1.034183273248565627e-01
1.082714796089999982e+04	1.040154371517942877e-01
1.082734396089999973e+04	8.272368162615784115e-02
1.082753896089999944e+04	9.113448280492697506e-02
1.082773396089999915e+04	1.156644625881071420e-01
1.082792996089999906e+04	5.863377350502929630e-02
1.082812496090000059e+04	3.289722120618066015e-02
1.082831996090000030e+04	1.109241596853784984e-01
1.082851596090000021e+04	5.545943939397446343e-02
1.082871096089999992e+04	5.042923167608748258e-02
1.082890596089999963e+04	6.487434366409239317e-02
1.082910196089999954e+04	7.780047750376795079e-02
1.082929696089999925e+04	5.607146420213027227e-02
1.082949196089999896e+04	4.547429718307505198e-02
1.082968796089999887e+04	9.043553616327315581e-02
1.082988296090000040e+04	8.372851865352970435e-02
1.083007796090000011e+04	6.929315165344185345e-02
1.083027296089999982e+04	1.088077801841720316e-01
1.083046896089999973e+04	6.383911579293588545e-02
1.083066396089999944e+04	3.525206121875790188e-02
1.083085896089999915e+04	5.667712472202879326e-02
1.083105496089999906e+04	7.149538269508859401e-02
1.083124996090000059e+04	9.468704723405885204e-02
1.083144496090000030e+04	9.869049797372042576e-02
1.083164096090000021e+04	8.377717175478238687e-02
1.083183596089999992e+04	9.561105594986685219e-02
1.083203096089999963e+04	8.645722640299347006e-02
1.083222696089999954e+04	5.027566338529787515e-02
1.083242196089999925e+04	7.471637072461412288e-02
1.083261696089999896e+04	6.724736884199344900e-02
1.083281296089999887e+04	6.506275749967826982e-02
1.083300796090000040e+04	1.242469481116810215e-01
1.083320296090000011e+04	9.579079176000426799e-02
1.083339796089999982e+04	5.742147505452699363e-02
1.083359396089999973e+04	7.531417987654975832e-02
1.083378896089999944e+04	8.042298582409657115e-02
1.083398396089999915e+04	6.776702820529045823e-02
1.083417996089999906e+04	5.764276197240114641e-02
1.083437496090000059e+04	1.365378567042458968e-01
1.083456996090000030e+04	5.396742815679367311e-02
1.083476596090000021e+04	5.590734572019684379e-02
1.083496096089999992e+04	5.253356921785723443e-02
1.083515596089999963e+04	1.069670520221670529e-01
1.083535196089999954e+04	7.273981408281926520e-02
1.083554696089999925e+04	8.187536062743738796e-02
1.083574196089999896e+04	1.180411654300694835e-01
1.083593796089999887e+04	7.942754928129502900e-02
1.083613296090000040e+04	8.006543793445608515e-02
1.083632796090000011e+04	9.535415465429153414e-02
1.083652296089999982e+04	1.120250593120974969e-01
1.083671896089999973e+04	1.187150481288430370e-01
1.083691396089999944e+04	1.065866158908352901e-01
1.083710896089999915e+04	9.094944563011608807e-02
1.083730496089999906e+04	1.158472128943195401e-01
1.083749996090000059e+04	1.061512372526465242e-01
1.083769496090000030e+04	8.982857557855439268e-02
1.083789096090000021e+04	9.487101255745145068e-02
1.083808596089999992e+04	1.140450226815481471e-01
1.083828096089999963e+04	6.407411266511608972e-02
1.083847696089999954e+04	6.878092742364927403e-02
1.083867196089999925e+04	1.116415323504771351e-01
1.083886696089999896e+04	8.196950281640091873e-02
1.083906296089999887e+04	7.609606829856474519e-02
1.083925796090000040e+04	1.035705089274898683e-01
1.083945296090000011e+04	1.101856013117004096e-01
1.083964796089999982e+04	1.025527185065442382e-01
1.083984396089999973e+04	9.027587230448652633e-02
1.084003896089999944e+04	9.298167362727483010e-02
1.084023396089999915e+04	9.972004861852568069e-02
1.084042996089999906e+04	6.225550076671382271e-02
1.084062496090000059e+04	1.250421025091874583e-01
1.084081996090000030e+04	1.117968496767485220e-01
1.084101596090000021e+04	8.738470765361583403e-02
1.084121096089999992e+04	7.869760775598244606e-02
1.084140596089999963e+04	6.655305592396842940e-02
1.084160196089999954e+04	9.231238710672151626e-02
1.084179696089999925e+04	1.161451003048128428e-01
1.084199196089999896e+04	1.445181134302764292e-01
1.084218796089999887e+04	1.398243909024916576e-01
1.084238296090000040e+04	7.168903463652043229e-02
1.084257796090000011e+04	9.924333723072464863e-02
1.084277296089999982e+04	8.150619373459910832e-02
1.084296896089999973e+04	8.854164029608568853e-02
1.084316396089999944e+04	9.079082957668305198e-02
1.084335896089999915e+04	1.158662228424347518e-01
1.084355496089999906e+04	1.312472265517516945e-01
1.084374996090000059e+04	1.445613740165629935e-01
1.084394496090000030e+04	1.464922084682243053e-01
1.084414096090000021e+04	1.346030738446870600e-01
1.084433596089999992e+04	1.347360801477588410e-01
1.084453096089999963e+04	1.119775135400367105e-01
1.084472696089999954e+04	1.273038748885984006e-01
1.084492196089999925e+04	1.717270999640660989e-01
1.084511696089999896e+04	1.395204564907874811e-01
1.084531296089999887e+04	1.269564889859697843e-01
1.084550796090000040e+04	1.093751915062153302e-01
1.084570296090000011e+04	9.850232918632784163e-02
1.084589796089999982e+04	1.126420571526836056e-01
1.084609396089999973e+04	1.189220643001576150e-01
1.084628896089999944e+04	1.388661242615221170e-01
1.084648396089999915e+04	7.560408607786506252e-02
1.084667996089999906e+04	1.098358821428764287e-01
1.084687496090000059e+04	1.352015739932923566e-01
1.084706996090000030e+04	1.109093662226392496e-01
1.084726596090000021e+04	7.447936080408723569e-02
1.084746096089999992e+04	1.255869793193546968e-01
1.084765596089999963e+04	1.064143643256301175e-01
1.084785196089999954e+04	1.294017837313248265e-01
1.084804696089999925e+04	1.033644103505348966e-01
1.084824196089999896e+04	9.639867106085553417e-02
1.084843796089999887e+04	8.848136000329276385e-02
1.084863296090000040e+04	8.818632422188699138e-02
1.084882796090000011e+04	1.265774255427523087e-01
1.084902296089999982e+04	5.828862170304205392e-02
1.084921896089999973e+04	9.279453385886426986e-02
1.084941396089999944e+04	8.465081281748609854e-02
1.084960896089999915e+04	9.642720349505573552e-02
1.084980496089999906e+04	1.211875446616694774e-01
1.084999996090000059e+04	9.433394302028119682e-02
1.085019496090000030e+04	1.411255914493896313e-01
1.085039096090000021e+04	8.808796305312327490e-02
1.085058596089999992e+04	1.044688273482581309e-01
1.085078096089999963e+04	6.704203737343483738e-02
1.085097696089999954e+04	1.066352248222059984e-01
1.085117196089999925e+04	1.272236339878407563e-01
1.085136696089999896e+04	7.909748522185822139e-02
1.085156296089999887e+04	1.212942225133488705e-01
1.085175796090000040e+04	7.800043323861238775e-02
1.085195296090000011e+04	1.076929972588480666e-01
1.085214796089999982e+04	5.516824266926612097e-02
1.085234396089999973e+04	8.677344923980712110e-02
1.085253896089999944e+04	1.032735347037583296e-01
1.085273396089999915e+04	8.012890968876718034e-02
1.085292996089999906e+04	1.181235497003143564e-01
1.085312496090000059e+04	8.332764259503022686e-02
1.085331996090000030e+04	7.573951324700622934e-02
1.085351596090000021e+04	5.744688659594210378e-02
1.085371096089999992e+04	9.519980737815103566e-02
1.085390596089999963e+04	9.170229283846431656e-02
1.085410196089999954e+04	7.415875718981901343e-02
1.085429696089999925e+04	8.936646476993281851e-02
1.085449196089999896e+04	1.634033433231092403e-01
1.085468796089999887e+04	8.984655153032505837e-02
1.085488296090000040e+04	9.243503632190730457e-02
1.085507796090000011e+04	1.040344742030452352e-01
1.085527296089999982e+04	9.638702923722597404e-02
1.085546896089999973e+04	6.964661984655862170e-02
1.085566396089999944e+04	1.277600014920636795e-01
1.085585896089999915e+04	9.015638261805491993e-02
1.085605496089999906e+04	6.811311393925656432e-02
1.085624996090000059e+04	7.612781374098886999e-02
1.085644496090000030e+04	1.312028910817470972e-01
1.085664096090000021e+04	9.901501159534475960e-02
1.085683596089999992e+04	1.074436170639430088e-01
1.085703096089999963e+04	7.341384747190993210e-02
1.085722696089999954e+04	1.036381519607605384e-01
1.085742196089999925e+04	7.703451866822241811e-02
1.085761696089999896e+04	8.947433135132953907e-02
1.085781296089999887e+04	9.030230438200170795e-02
1.085800796090000040e+04	8.960017359824057337e-02
1.085820296090000011e+04	8.663066843001132611e-02
1.085839796089999982e+04	6.840945129983211359e-02
1.085859396089999973e+04	8.558470185894684334e-02
1.085878896089999944e+04	8.779291357748064684e-02
1.085898396089999915e+04	4.489273356638534551e-02
1.085917996089999906e+04	1.091437901623812934e-01
1.085937496090000059e+04	1.481802527250444257e-01
1.085956996090000030e+04	6.599208409649293117e-02
1.085976596090000021e+04	1.203891111111623502e-01
1.085996096089999992e+04	6.776808461585837051e-02
1.086015596089999963e+04	8.039548931028761558e-02
1.086035196089999954e+04	4.077266417943370413e-02
1.086054696089999925e+04	9.640817884885954925e-02
1.086074196089999896e+04	8.105133568233924279e-02
1.086093796089999887e+04	8.053089072291363948e-02
1.086113296090000040e+04	8.813661681558926375e-02
1.086132796090000011e+04	7.355458543322512810e-02
1.086152296089999982e+04	7.291016928047788781e-02
1.086171896089999973e+04	7.928473590434492735e-02
1.086191396089999944e+04	8.040077780271559504e-02
1.086210896089999915e+04	8.075620374795988710e-02
1.086230496089999906e+04	3.507720308431494516e-02
1.086249996090000059e+04	4.875262465561469583e-02
1.086269496090000030e+04	1.275023854403496415e-01
1.086289096090000021e+04	3.369302697942622160e-02
1.086308596089999992e+04	5.190768656716215901e-02
1.086328096089999963e+04	6.263448033639384960e-02
1.086347696089999954e+04	8.241164201951889368e-02
1.086367196089999925e+04	5.238519096227634009e-02
1.086386696089999896e+04	5.194793271806474877e-02
1.086406296089999887e+04	5.201571087178535890e-02
1.086425796090000040e+04	4.601241715135806487e-02
1.086445296090000011e+04	6.172620234493919611e-02
1.086464796089999982e+04	6.895131574875890124e-02
1.086484396089999973e+04	9.089340376699084345e-02
1.086503896089999944e+04	3.460879411638728698e-02
1.086523396089999915e+04	3.382773967277863392e-02
1.086542996089999906e+04	7.766083561257808299e-02
1.086562496090000059e+04	4.257163696113153151e-02
1.086581996090000030e+04	6.664513246451342354e-02
1.086601596090000021e+04	8.592630940762724379e-02
1.086621096089999992e+04	5.842308604374935044e-02
