# time(sec)	crack length FEA(mm)
2.010273296090000076e+04	1.618375834596381679e-01
2.010292896090000067e+04	1.683656660611116962e-01
2.010312396090000038e+04	1.509779157235122682e-01
2.010331896090000009e+04	2.000594377711628624e-01
2.010351496090000001e+04	1.722477777076569794e-01
2.010370996089999971e+04	1.785149888243289240e-01
2.010390496089999942e+04	1.556590072771264488e-01
2.010410096089999934e+04	1.797088220291840344e-01
2.010429596089999905e+04	1.562053217261727411e-01
2.010449096089999875e+04	2.007753327357022499e-01
2.010468696089999867e+04	1.933258197038583148e-01
2.010488196089999838e+04	2.182632219989333322e-01
2.010507696089999808e+04	1.725839988650701429e-01
2.010527296089999800e+04	1.716997031968663379e-01
2.010546796090000134e+04	1.530158506897461024e-01
2.010566296090000105e+04	1.732606283458473229e-01
2.010585796090000076e+04	1.744926431509057352e-01
2.010605396090000067e+04	1.849207477534555721e-01
2.010624896090000038e+04	2.420606109451739485e-01
2.010644396090000009e+04	1.790587054944641210e-01
2.010663996090000001e+04	1.822775169590151734e-01
2.010683496089999971e+04	2.260954802973671462e-01
2.010702996089999942e+04	2.396231327006503875e-01
2.010722596089999934e+04	1.775645175629136929e-01
2.010742096089999905e+04	2.127425446804327436e-01
2.010761596089999875e+04	2.267464895515463041e-01
2.010781196089999867e+04	1.902390234246542633e-01
2.010800696089999838e+04	1.988823654123876850e-01
2.010820196089999808e+04	2.200442631184778008e-01
2.010839796089999800e+04	2.071196151985095213e-01
2.010859296090000134e+04	1.895797076563496830e-01
2.010878796090000105e+04	1.940924728554076495e-01
2.010898296090000076e+04	2.054365955862369475e-01
2.010917896090000067e+04	1.939566150751907969e-01
2.010937396090000038e+04	1.898409118676802620e-01
2.010956896090000009e+04	2.219503482537472649e-01
2.010976496090000001e+04	2.181853593824296667e-01
2.010995996089999971e+04	1.795107332323517824e-01
2.011015496089999942e+04	1.399932498214688792e-01
2.011035096089999934e+04	2.056913233587067680e-01
2.011054596089999905e+04	2.179265656539151053e-01
2.011074096089999875e+04	1.921284289735183393e-01
2.011093696089999867e+04	1.980558593669421441e-01
2.011113196089999838e+04	2.101390797708457825e-01
2.011132696089999808e+04	1.042669665468807239e-01
2.011152296089999800e+04	2.080668493454815859e-01
2.011171796090000134e+04	2.445104716077537432e-01
2.011191296090000105e+04	2.279401190396477261e-01
2.011210796090000076e+04	2.505127038614993751e-01
2.011230396090000067e+04	2.102580174874102426e-01
2.011249896090000038e+04	1.870275508984633461e-01
2.011269396090000009e+04	1.985686190239999149e-01
2.011288996090000001e+04	2.071322545052041164e-01
2.011308496089999971e+04	2.200684443033988913e-01
2.011327996089999942e+04	1.780966599155213714e-01
2.011347596089999934e+04	1.951191662103859414e-01
2.011367096089999905e+04	1.629278210237750102e-01
2.011386596089999875e+04	2.270062398762640044e-01
2.011406196089999867e+04	2.199117180016845197e-01
2.011425696089999838e+04	1.820425876192555137e-01
2.011445196089999808e+04	2.036408236462250443e-01
2.011464796089999800e+04	2.484974077620307753e-01
2.011484296090000134e+04	2.196413573994036028e-01
2.011503796090000105e+04	2.119848964888220166e-01
2.011523296090000076e+04	2.193268050303984751e-01
2.011542896090000067e+04	2.330862890465930093e-01
2.011562396090000038e+04	2.194751400675087893e-01
2.011581896090000009e+04	2.286573388898656134e-01
2.011601496090000001e+04	1.697887183624580132e-01
2.011620996089999971e+04	1.930309642505552148e-01
2.011640496089999942e+04	2.147912498272930293e-01
2.011660096089999934e+04	2.248786251408638748e-01
2.011679596089999905e+04	2.446166073918565331e-01
2.011699096089999875e+04	1.770977092549195220e-01
2.011718696089999867e+04	2.220103176742114215e-01
2.011738196089999838e+04	2.008479864017331806e-01
2.011757696089999808e+04	2.294418064206347196e-01
2.011777296089999800e+04	1.975652119314439403e-01
2.011796796090000134e+04	2.010048322324777814e-01
2.011816296090000105e+04	1.893279733752173399e-01
2.011835796090000076e+04	1.518618914213742954e-01
2.011855396090000067e+04	2.074627456974802442e-01
2.011874896090000038e+04	2.265918919732605730e-01
2.011894396090000009e+04	2.073343288480486990e-01
2.011913996090000001e+04	1.950496708295936799e-01
2.011933496089999971e+04	1.473351799358475489e-01
2.011952996089999942e+04	1.762810204562725858e-01
2.011972596089999934e+04	1.923116814847531941e-01
2.011992096089999905e+04	2.025797290735749101e-01
2.012011596089999875e+04	2.208405853096238047e-01
2.012031196089999867e+04	2.334111718504505717e-01
2.012050696089999838e+04	2.058449923991645392e-01
2.012070196089999808e+04	1.367584435457445124e-01
2.012089796089999800e+04	2.012038181133206649e-01
2.012109296090000134e+04	2.219208920746762459e-01
2.012128796090000105e+04	1.777573537162613349e-01
2.012148296090000076e+04	2.127120291278483677e-01
2.012167896090000067e+04	2.088572429591657453e-01
2.012187396090000038e+04	2.068954337016677414e-01
2.012206896090000009e+04	2.104095341163514377e-01
2.012226496090000001e+04	2.121343236424806378e-01
2.012245996089999971e+04	2.412639267232563611e-01
2.012265496089999942e+04	2.315669551694039541e-01
2.012285096089999934e+04	1.938818427776585196e-01
2.012304596089999905e+04	2.076521873733199186e-01
2.012324096089999875e+04	1.664691968197651306e-01
2.012343696089999867e+04	2.298498292780166707e-01
2.012363196089999838e+04	2.079647620972142619e-01
2.012382696089999808e+04	2.054881688341954060e-01
2.012402296089999800e+04	1.869338017415458353e-01
2.012421796090000134e+04	2.227066463500868565e-01
2.012441296090000105e+04	2.556794434017604090e-01
2.012460796090000076e+04	1.994888015841063122e-01
2.012480396090000067e+04	1.998036126275852808e-01
2.012499896090000038e+04	2.138368858750023804e-01
2.012519396090000009e+04	1.983654156954202108e-01
2.012538996090000001e+04	2.122437517326360990e-01
2.012558496089999971e+04	1.979073972277980431e-01
2.012577996089999942e+04	2.510412019394401284e-01
2.012597596089999934e+04	2.210457024324963271e-01
2.012617096089999905e+04	2.020565348120673121e-01
2.012636596089999875e+04	1.917187588221391792e-01
2.012656196089999867e+04	2.179170857475654088e-01
2.012675696089999838e+04	2.219629800646885087e-01
2.012695196089999808e+04	2.171354013277024819e-01
2.012714796089999800e+04	2.146534165798179572e-01
2.012734296090000134e+04	2.485646516075519230e-01
2.012753796090000105e+04	1.673115061835304118e-01
2.012773296090000076e+04	1.671407301932514855e-01
2.012792896090000067e+04	2.031892404777568828e-01
2.012812396090000038e+04	2.041534688537538500e-01
2.012831896090000009e+04	2.122090323648571086e-01
2.012851496090000001e+04	1.753599755112063008e-01
2.012870996089999971e+04	2.398607180022978014e-01
2.012890496089999942e+04	1.642678897493752288e-01
2.012910096089999934e+04	1.641339984009739794e-01
2.012929596089999905e+04	1.795181097737028608e-01
2.012949096089999875e+04	2.279043735868100384e-01
2.012968696089999867e+04	2.253697939422476537e-01
2.012988196089999838e+04	2.164736399442581671e-01
2.013007696089999808e+04	2.177634818449458720e-01
2.013027296089999800e+04	2.120091125886940375e-01
2.013046796090000134e+04	2.048418861481806630e-01
2.013066296090000105e+04	2.064070662137655887e-01
2.013085796090000076e+04	2.807446124766777018e-01
2.013105396090000067e+04	2.467457184659593850e-01
2.013124896090000038e+04	2.309623444245083590e-01
2.013144396090000009e+04	1.822153616702841816e-01
2.013163996090000001e+04	2.112619551092382864e-01
2.013183496089999971e+04	1.974757079164959350e-01
2.013202996089999942e+04	2.194867158564015597e-01
2.013222596089999934e+04	2.185167527817544197e-01
2.013242096089999905e+04	2.009290410206414634e-01
2.013261596089999875e+04	2.280463252804860730e-01
2.013281196089999867e+04	2.184052284722692860e-01
2.013300696089999838e+04	2.429203758827220838e-01
2.013320196089999808e+04	1.499715498083560306e-01
2.013339796089999800e+04	2.123858285598689832e-01
2.013359296090000134e+04	2.083352286942066200e-01
2.013378796090000105e+04	1.967713048483012983e-01
2.013398296090000076e+04	2.265803194753672756e-01
2.013417896090000067e+04	2.254655041502839907e-01
2.013437396090000038e+04	2.756082662246601700e-01
2.013456896090000009e+04	1.966175710206048421e-01
2.013476496090000001e+04	2.005247691151517131e-01
2.013495996089999971e+04	2.202041512815391400e-01
2.013515496089999942e+04	2.446187378665278800e-01
2.013535096089999934e+04	2.134801853676684402e-01
2.013554596089999905e+04	2.465870562653034170e-01
2.013574096089999875e+04	2.322482955244140612e-01
2.013593696089999867e+04	2.050292409481002665e-01
2.013613196089999838e+04	2.532212126291710774e-01
2.013632696089999808e+04	2.214938277911375764e-01
2.013652296089999800e+04	2.368185469394603615e-01
2.013671796090000134e+04	2.479163411801863504e-01
2.013691296090000105e+04	2.717862667104711250e-01
2.013710796090000076e+04	2.488410173967814387e-01
2.013730396090000067e+04	2.188281705528325460e-01
2.013749896090000038e+04	2.027007915814529326e-01
2.013769396090000009e+04	2.554493808771631791e-01
2.013788996090000001e+04	2.310990399939587547e-01
2.013808496089999971e+04	2.515287066254945358e-01
2.013827996089999942e+04	2.101180348685751653e-01
2.013847596089999934e+04	2.594093436635773742e-01
2.013867096089999905e+04	2.779761113665628613e-01
2.013886596089999875e+04	2.570691578377033437e-01
2.013906196089999867e+04	3.109220265554348828e-01
2.013925696089999838e+04	2.474150999081601299e-01
2.013945196089999808e+04	2.118470477691936082e-01
2.013964796089999800e+04	2.308267049004264493e-01
2.013984296090000134e+04	2.723867508742472410e-01
2.014003796090000105e+04	2.523177261804967486e-01
2.014023296090000076e+04	2.526780688177705514e-01
2.014042896090000067e+04	2.393214819774929225e-01
2.014062396090000038e+04	2.236659210340370407e-01
2.014081896090000009e+04	2.358702798274521228e-01
2.014101496090000001e+04	1.907751123769418911e-01
2.014120996089999971e+04	2.724371399911937885e-01
2.014140496089999942e+04	2.988780993961270838e-01
2.014160096089999934e+04	2.355033909949444393e-01
2.014179596089999905e+04	2.262995063376962435e-01
2.014199096089999875e+04	2.460479655358014384e-01
2.014218696089999867e+04	2.612368261676678571e-01
2.014238196089999838e+04	2.359417840063233740e-01
2.014257696089999808e+04	2.388873470250025832e-01
2.014277296089999800e+04	3.098885362235712648e-01
2.014296796090000134e+04	2.411104663201300013e-01
2.014316296090000105e+04	2.676907107075532366e-01
2.014335796090000076e+04	2.753028307857174894e-01
2.014355396090000067e+04	2.889150094457590967e-01
2.014374896090000038e+04	2.351753655808899168e-01
2.014394396090000009e+04	2.589430238583076971e-01
2.014413996090000001e+04	2.924637639410416767e-01
2.014433496089999971e+04	2.701307145302216384e-01
2.014452996089999942e+04	2.802073055109328692e-01
2.014472596089999934e+04	2.802114972802982606e-01
2.014492096089999905e+04	3.124040386345150466e-01
2.014511596089999875e+04	2.507963855631860639e-01
2.014531196089999867e+04	2.666102817303368511e-01
2.014550696089999838e+04	2.838957717032961625e-01
2.014570196089999808e+04	2.376605950680819035e-01
2.014589796089999800e+04	2.476231490689926318e-01
2.014609296090000134e+04	2.962825555056003424e-01
2.014628796090000105e+04	2.896210161334629163e-01
2.014648296090000076e+04	2.251931076346931349e-01
2.014667896090000067e+04	2.705716467464487351e-01
2.014687396090000038e+04	2.630757213178078757e-01
2.014706896090000009e+04	2.870549405181641589e-01
2.014726496090000001e+04	2.627816699438856318e-01
2.014745996089999971e+04	2.606234881566482642e-01
2.014765496089999942e+04	2.846774853304445685e-01
2.014785096089999934e+04	2.181022460131281093e-01
2.014804596089999905e+04	2.463400929367498549e-01
2.014824096089999875e+04	2.676707604770705018e-01
2.014843696089999867e+04	2.831444721303899570e-01
2.014863196089999838e+04	2.478890097047994345e-01
2.014882696089999808e+04	2.087951717287950260e-01
2.014902296089999800e+04	2.487811123774399391e-01
2.014921796090000134e+04	2.389062638363341762e-01
2.014941296090000105e+04	2.253098596872131765e-01
2.014960796090000076e+04	2.237416343208344927e-01
2.014980396090000067e+04	2.491299711232635161e-01
2.014999896090000038e+04	2.113829665592703577e-01
2.015019396090000009e+04	2.215106614761950254e-01
2.015038996090000001e+04	2.492445082989220850e-01
2.015058496089999971e+04	2.208868768673113436e-01
2.015077996089999942e+04	2.581626048129219697e-01
2.015097596089999934e+04	2.624582247626818798e-01
2.015117096089999905e+04	3.095153883548924512e-01
2.015136596089999875e+04	2.463432432939569594e-01
2.015156196089999867e+04	2.767880110582581210e-01
2.015175696089999838e+04	2.645091326398674170e-01
2.015195196089999808e+04	2.693065361633362187e-01
2.015214796089999800e+04	2.354623733788727691e-01
2.015234296090000134e+04	2.722460882313804120e-01
2.015253796090000105e+04	2.411651170031028357e-01
2.015273296090000076e+04	2.303829470614005004e-01
2.015292896090000067e+04	2.709170264770222047e-01
2.015312396090000038e+04	2.397408917908485648e-01
2.015331896090000009e+04	2.402506751575490540e-01
2.015351496090000001e+04	2.950240207189978037e-01
2.015370996089999971e+04	2.381483521537681725e-01
2.015390496089999942e+04	2.587298000431523803e-01
2.015410096089999934e+04	2.516673833939027105e-01
2.015429596089999905e+04	2.646666435575983911e-01
2.015449096089999875e+04	2.533441506772415863e-01
2.015468696089999867e+04	2.613660126111660986e-01
2.015488196089999838e+04	2.227708153870864294e-01
2.015507696089999808e+04	2.150627022776632202e-01
2.015527296089999800e+04	2.358608338193270981e-01
2.015546796090000134e+04	2.329422345216407564e-01
2.015566296090000105e+04	2.465302871416241715e-01
2.015585796090000076e+04	2.410621175656117998e-01
2.015605396090000067e+04	2.238110771170198632e-01
2.015624896090000038e+04	1.924549028323259137e-01
2.015644396090000009e+04	2.177203655830659557e-01
2.015663996090000001e+04	2.110220276356891134e-01
2.015683496089999971e+04	2.416002686842873004e-01
2.015702996089999942e+04	2.118544057462834473e-01
2.015722596089999934e+04	2.107284021612549907e-01
2.015742096089999905e+04	2.491247271312388989e-01
2.015761596089999875e+04	2.277697653460091232e-01
2.015781196089999867e+04	2.033608197128078388e-01
2.015800696089999838e+04	1.752872568976009404e-01
2.015820196089999808e+04	2.559147463703919101e-01
2.015839796089999800e+04	2.210341544735605623e-01
2.015859296090000134e+04	1.656353083875128362e-01
2.015878796090000105e+04	2.046766192609350554e-01
2.015898296090000076e+04	2.269410608933775109e-01
2.015917896090000067e+04	2.450075735309340530e-01
2.015937396090000038e+04	2.378529503499429154e-01
2.015956896090000009e+04	2.075016846949431226e-01
2.015976496090000001e+04	1.956372593632220713e-01
2.015995996089999971e+04	1.911805912310331479e-01
2.016015496089999942e+04	2.434605814026369330e-01
2.016035096089999934e+04	2.123268845816177475e-01
2.016054596089999905e+04	1.836281436953974833e-01
2.016074096089999875e+04	2.074648522201378853e-01
2.016093696089999867e+04	2.008700790791095869e-01
2.016113196089999838e+04	2.091887690656726306e-01
2.016132696089999808e+04	2.542108363467239229e-01
2.016152296089999800e+04	2.219366683025096876e-01
2.016171796090000134e+04	2.045239919065409140e-01
2.016191296090000105e+04	2.031892404777568828e-01
2.016210796090000076e+04	1.885253815542657918e-01
2.016230396090000067e+04	2.091329997246216266e-01
2.016249896090000038e+04	1.909615230941739128e-01
2.016269396090000009e+04	2.026186847159294757e-01
2.016288996090000001e+04	2.426229269812907319e-01
2.016308496089999971e+04	2.126762528490431237e-01
2.016327996089999942e+04	1.917113858740400190e-01
2.016347596089999934e+04	1.825345891604595039e-01
2.016367096089999905e+04	2.077300556769490214e-01
2.016386596089999875e+04	1.879228869755813491e-01
2.016406196089999867e+04	1.511962734933529617e-01
2.016425696089999838e+04	2.163473751400992739e-01
2.016445196089999808e+04	2.057144696148860419e-01
2.016464796089999800e+04	1.712675528051725848e-01
2.016484296090000134e+04	1.856644664024251767e-01
2.016503796090000105e+04	1.992687661187009240e-01
2.016523296090000076e+04	2.114745360504208804e-01
2.016542896090000067e+04	2.083257722721363336e-01
2.016562396090000038e+04	1.679440074301936647e-01
2.016581896090000009e+04	1.750216913990083611e-01
2.016601496090000001e+04	1.726630355773579595e-01
2.016620996089999971e+04	2.010343221050234774e-01
2.016640496089999942e+04	1.980811290457022977e-01
2.016660096089999934e+04	2.141272933091435959e-01
2.016679596089999905e+04	2.371591478064249969e-01
2.016699096089999875e+04	1.872814074845976506e-01
2.016718696089999867e+04	2.204050717994263664e-01
2.016738196089999838e+04	2.261880438588406150e-01
2.016757696089999808e+04	2.142251525333627171e-01
2.016777296089999800e+04	2.471755194337710293e-01
2.016796796090000134e+04	2.068912296013287744e-01
2.016816296090000105e+04	1.877427691345783245e-01
2.016835796090000076e+04	1.620874837589170170e-01
2.016855396090000067e+04	2.017375561917322813e-01
2.016874896090000038e+04	2.307257583398296674e-01
2.016894396090000009e+04	1.647486483465421259e-01
2.016913996090000001e+04	1.877733242039418826e-01
2.016933496089999971e+04	1.727842337720950638e-01
2.016952996089999942e+04	1.702293238340537584e-01
2.016972596089999934e+04	1.516287608851847324e-01
2.016992096089999905e+04	2.171291022777044333e-01
2.017011596089999875e+04	2.387916792083100148e-01
2.017031196089999867e+04	1.573717365850395566e-01
2.017050696089999838e+04	1.268878656210148392e-01
2.017070196089999808e+04	1.901768878954790409e-01
2.017089796089999800e+04	1.617121025179439897e-01
2.017109296090000134e+04	1.882978666838361903e-01
2.017128796090000105e+04	2.364936904023764441e-01
2.017148296090000076e+04	1.795539244350017327e-01
2.017167896090000067e+04	1.725186417436681552e-01
2.017187396090000038e+04	1.782873920446252924e-01
2.017206896090000009e+04	1.680747272541811554e-01
2.017226496090000001e+04	1.611532545495482083e-01
2.017245996089999971e+04	1.894227630650657801e-01
2.017265496089999942e+04	1.763368720933762290e-01
2.017285096089999934e+04	1.829201834653417791e-01
2.017304596089999905e+04	1.390824751560550965e-01
2.017324096089999875e+04	1.629710589299886436e-01
2.017343696089999867e+04	1.950433571696592594e-01
2.017363196089999838e+04	2.368069791790432532e-01
2.017382696089999808e+04	1.629742198045782686e-01
2.017402296089999800e+04	2.012006439735802843e-01
2.017421796090000134e+04	2.140536478215757654e-01
2.017441296090000105e+04	1.870981181483166722e-01
2.017460796090000076e+04	2.048313524285116927e-01
2.017480396090000067e+04	2.098254835809001406e-01
2.017499896090000038e+04	2.182947790627292051e-01
2.017519396090000009e+04	1.947369256597539788e-01
2.017538996090000001e+04	1.643733250603780505e-01
2.017558496089999971e+04	2.058786808376389388e-01
2.017577996089999942e+04	1.844919925882848588e-01
2.017597596089999934e+04	1.968629007088562588e-01
2.017617096089999905e+04	2.262269446637503734e-01
2.017636596089999875e+04	2.389251806333305694e-01
2.017656196089999867e+04	1.618302017123713910e-01
2.017675696089999838e+04	1.633253279982795902e-01
2.017695196089999808e+04	1.998036126275852808e-01
2.017714796089999800e+04	2.109525764193946884e-01
2.017734296090000134e+04	2.206281111103525205e-01
2.017753796090000105e+04	2.199274954979042462e-01
2.017773296090000076e+04	2.209426199936910251e-01
2.017792896090000067e+04	2.001752491561425984e-01
2.017812396090000038e+04	1.536824713371860440e-01
2.017831896090000009e+04	2.784683274565953326e-01
2.017851496090000001e+04	2.033144956959134220e-01
2.017870996089999971e+04	2.311242582305705895e-01
2.017890496089999942e+04	1.920989466971718684e-01
2.017910096089999934e+04	2.106652779289301947e-01
2.017929596089999905e+04	1.942451638541946579e-01
2.017949096089999875e+04	1.971461429806566912e-01
2.017968696089999867e+04	1.773780070942994058e-01
2.017988196089999838e+04	2.349419711999356508e-01
2.018007696089999808e+04	2.070585884132221111e-01
2.018027296089999800e+04	2.069459551790622243e-01
2.018046796090000134e+04	2.471996743624416126e-01
2.018066296090000105e+04	1.949612251732624202e-01
2.018085796090000076e+04	2.166009343932469022e-01
2.018105396090000067e+04	1.985233442931484404e-01
2.018124896090000038e+04	2.073764142793237397e-01
2.018144396090000009e+04	1.688653249814375812e-01
2.018163996090000001e+04	2.289444215991469633e-01
2.018183496089999971e+04	2.112230219664681385e-01
2.018202996089999942e+04	1.821847998184278339e-01
2.018222596089999934e+04	2.216210966747400590e-01
2.018242096089999905e+04	2.226877172658792148e-01
2.018261596089999875e+04	2.585848378444985940e-01
2.018281196089999867e+04	1.811807448693336653e-01
2.018300696089999838e+04	1.553784664735839982e-01
2.018320196089999808e+04	1.924506963049346098e-01
2.018339796089999800e+04	1.937344232831428315e-01
2.018359296090000134e+04	1.806623705771990274e-01
2.018378796090000105e+04	1.868021306796308068e-01
2.018398296090000076e+04	2.096223716757386057e-01
2.018417896090000067e+04	1.848175163498755325e-01
2.018437396090000038e+04	1.718293350913224771e-01
2.018456896090000009e+04	2.346286861163768833e-01
2.018476496090000001e+04	2.128456609403865940e-01
2.018495996089999971e+04	1.931025729689910264e-01
2.018515496089999942e+04	2.424810220133259975e-01
2.018535096089999934e+04	2.039629337049149171e-01
2.018554596089999905e+04	1.668856189959697645e-01
2.018574096089999875e+04	2.193751958748642039e-01
2.018593696089999867e+04	2.138831904049798283e-01
2.018613196089999838e+04	2.054250223322551250e-01
2.018632696089999808e+04	1.967154987730541649e-01
2.018652296089999800e+04	2.086330770377582411e-01
2.018671796090000134e+04	2.042618920369871915e-01
2.018691296090000105e+04	2.246030781607935012e-01
2.018710796090000076e+04	1.774275381825987097e-01
2.018730396090000067e+04	2.111893497660144448e-01
2.018749896090000038e+04	1.975462638062435161e-01
2.018769396090000009e+04	1.681274369598568796e-01
2.018788996090000001e+04	1.531645700136703425e-01
2.018808496089999971e+04	1.548553363762579238e-01
2.018827996089999942e+04	1.711157719170746105e-01
2.018847596089999934e+04	1.725966375130134622e-01
2.018867096089999905e+04	1.839420864445280301e-01
2.018886596089999875e+04	2.072259099414157646e-01
2.018906196089999867e+04	1.652515490135328946e-01
2.018925696089999838e+04	1.303382476211396579e-01
2.018945196089999808e+04	2.106610563828592575e-01
2.018964796089999800e+04	1.912174476847727789e-01
2.018984296090000134e+04	2.321789032737893166e-01
2.019003796090000105e+04	2.086920026024827735e-01
2.019023296090000076e+04	1.505422456091451977e-01
2.019042896090000067e+04	1.773337530840652931e-01
2.019062396090000038e+04	1.900610302345349112e-01
2.019081896090000009e+04	1.954877245865951352e-01
2.019101496090000001e+04	2.232252073267098069e-01
2.019120996089999971e+04	1.934701026682557057e-01
2.019140496089999942e+04	1.761935585338854082e-01
2.019160096089999934e+04	1.861406160792533626e-01
2.019179596089999905e+04	1.993898356049648157e-01
2.019199096089999875e+04	2.075153725473057875e-01
2.019218696089999867e+04	2.259408786905972022e-01
2.019238196089999838e+04	2.480413723694763206e-01
2.019257696089999808e+04	1.934837891532925624e-01
2.019277296089999800e+04	2.062218193201470484e-01
2.019296796090000134e+04	2.001373387571057094e-01
2.019316296090000105e+04	1.951275964582155353e-01
2.019335796090000076e+04	1.823902522135796289e-01
2.019355396090000067e+04	1.650733781964710545e-01
2.019374896090000038e+04	2.004247491541644166e-01
2.019394396090000009e+04	1.544323904635795941e-01
2.019413996090000001e+04	1.829286178219220460e-01
2.019433496089999971e+04	1.919967942762301760e-01
2.019452996089999942e+04	2.231610394565599620e-01
2.019472596089999934e+04	2.212939641871969343e-01
2.019492096089999905e+04	2.362350862620559155e-01
2.019511596089999875e+04	2.340441176114325117e-01
2.019531196089999867e+04	2.135380419861920842e-01
2.019550696089999838e+04	1.930351706804334100e-01
2.019570196089999808e+04	2.347390633388428682e-01
2.019589796089999800e+04	1.856697418223482998e-01
2.019609296090000134e+04	1.784654689374338687e-01
2.019628796090000105e+04	1.832025247227555553e-01
2.019648296090000076e+04	2.092455869485565501e-01
2.019667896090000067e+04	1.867347114257320584e-01
2.019687396090000038e+04	1.808435892082105312e-01
2.019706896090000009e+04	2.247776545421231731e-01
2.019726496090000001e+04	2.114008556303463848e-01
2.019745996089999971e+04	1.684805737352341737e-01
2.019765496089999942e+04	1.918430220722182611e-01
2.019785096089999934e+04	2.320716668941216199e-01
2.019804596089999905e+04	1.901547676822445965e-01
2.019824096089999875e+04	1.798226187456890557e-01
2.019843696089999867e+04	2.318929054540141976e-01
2.019863196089999838e+04	2.711836849596558352e-01
2.019882696089999808e+04	1.798763445907809455e-01
2.019902296089999800e+04	1.839062690082009510e-01
2.019921796090000134e+04	1.952981907772972647e-01
2.019941296090000105e+04	1.846647678401591719e-01
2.019960796090000076e+04	2.293429499096504287e-01
2.019980396090000067e+04	2.183631616012071675e-01
2.019999896090000038e+04	1.927013317334491660e-01
2.020019396090000009e+04	2.286552070528671265e-01
2.020038996090000001e+04	1.498818846882628009e-01
2.020058496089999971e+04	2.238857419118254199e-01
2.020077996089999942e+04	2.401392478402559760e-01
2.020097596089999934e+04	1.949033074811588051e-01
2.020117096089999905e+04	1.832604694898716247e-01
2.020136596089999875e+04	2.065670325698558685e-01
2.020156196089999867e+04	1.790007510058799767e-01
2.020175696089999838e+04	1.807740541915805466e-01
2.020195196089999808e+04	2.170659670920649376e-01
2.020214796089999800e+04	2.092213952929622423e-01
2.020234296090000134e+04	1.821985015238709593e-01
2.020253796090000105e+04	1.838167161438430952e-01
