# time(sec)	crack length FEA(mm)
3.250468696089999867e+04	4.948307872787367501e-01
3.250488196089999838e+04	5.549470169765964300e-01
3.250507696089999808e+04	4.888582749138805639e-01
3.250527296089999800e+04	5.131252085849897782e-01
3.250546796090000134e+04	5.241383495287728067e-01
3.250566296090000105e+04	5.132676433820488882e-01
3.250585796090000076e+04	4.868955762174991264e-01
3.250605396090000067e+04	5.339863512513396415e-01
3.250624896090000038e+04	5.356160236757361304e-01
3.250644396090000009e+04	4.920454999229022519e-01
3.250663996090000001e+04	4.997741285860719529e-01
3.250683496089999971e+04	5.195688382990262255e-01
3.250702996089999942e+04	4.930631057918297699e-01
3.250722596089999934e+04	5.219706204071687949e-01
3.250742096089999905e+04	5.236416334727209687e-01
3.250761596089999875e+04	4.881027546933225381e-01
3.250781196089999867e+04	4.990064787556214299e-01
3.250800696089999838e+04	4.817456301475253611e-01
3.250820196089999808e+04	5.058073971095247146e-01
3.250839796089999800e+04	4.973670854521969886e-01
3.250859296090000134e+04	4.976031868378409939e-01
3.250878796090000105e+04	5.033603676561959617e-01
3.250898296090000076e+04	4.998427757612411426e-01
3.250917896090000067e+04	4.884846788329753053e-01
3.250937396090000038e+04	4.726024803950821251e-01
3.250956896090000009e+04	4.992530095979308413e-01
3.250976496090000001e+04	5.035527531436052584e-01
3.250995996089999971e+04	5.063024013151977698e-01
3.251015496089999942e+04	5.404639657890264459e-01
3.251035096089999934e+04	5.225162171731039251e-01
3.251054596089999905e+04	5.067536803254526490e-01
3.251074096089999875e+04	4.904576997651268755e-01
3.251093696089999867e+04	4.887333889378950857e-01
3.251113196089999838e+04	5.222064945904403288e-01
3.251132696089999808e+04	4.717683973593977953e-01
3.251152296089999800e+04	5.092991726002171760e-01
3.251171796090000134e+04	4.963652601438646172e-01
3.251191296090000105e+04	5.154132456063891254e-01
3.251210796090000076e+04	4.908832683200596847e-01
3.251230396090000067e+04	5.249800133748028230e-01
3.251249896090000038e+04	5.185970317131882723e-01
3.251269396090000009e+04	5.293189437565040123e-01
3.251288996090000001e+04	5.135295694430865865e-01
3.251308496089999971e+04	5.290384002496111293e-01
3.251327996089999942e+04	4.926427408275841913e-01
3.251347596089999934e+04	5.295308574646533373e-01
3.251367096089999905e+04	5.511503443295815430e-01
3.251386596089999875e+04	4.813459148899017492e-01
3.251406196089999867e+04	5.366100231886008487e-01
3.251425696089999838e+04	5.455684505543310081e-01
3.251445196089999808e+04	5.141200649060060357e-01
3.251464796089999800e+04	5.377680251826078006e-01
3.251484296090000134e+04	4.940629832106839814e-01
3.251503796090000105e+04	5.075917862266194902e-01
3.251523296090000076e+04	5.172551612267781707e-01
3.251542896090000067e+04	5.366733573650215305e-01
3.251562396090000038e+04	5.069138291901928994e-01
3.251581896090000009e+04	5.269791595940098716e-01
3.251601496090000001e+04	5.285875302424098976e-01
3.251620996089999971e+04	5.205478465872666050e-01
3.251640496089999942e+04	5.221545672927021542e-01
3.251660096089999934e+04	5.608723449092689606e-01
3.251679596089999905e+04	5.269043584339883068e-01
3.251699096089999875e+04	5.169028001577231635e-01
3.251718696089999867e+04	5.246766056919440757e-01
3.251738196089999838e+04	5.046863363170022154e-01
3.251757696089999808e+04	4.734396747236662151e-01
3.251777296089999800e+04	5.041122839565321812e-01
3.251796796090000134e+04	5.370119279132108403e-01
3.251816296090000105e+04	5.304523386697734821e-01
3.251835796090000076e+04	5.266498043011615948e-01
3.251855396090000067e+04	4.898062738804078720e-01
3.251874896090000038e+04	5.255608708245134153e-01
3.251894396090000009e+04	5.317571616658369749e-01
3.251913996090000001e+04	5.304388280144678447e-01
3.251933496089999971e+04	5.567258157977938993e-01
3.251952996089999942e+04	5.256305081744763186e-01
3.251972596089999934e+04	5.066528420116949150e-01
3.251992096089999905e+04	4.963704788809053525e-01
3.252011596089999875e+04	5.306362220544631469e-01
3.252031196089999867e+04	5.225920404085471205e-01
3.252050696089999838e+04	5.070344693942772096e-01
3.252070196089999808e+04	5.139776350478619804e-01
3.252089796089999800e+04	4.987859293539109728e-01
3.252109296090000134e+04	4.799967888767415758e-01
3.252128796090000105e+04	5.121645871167110897e-01
3.252148296090000076e+04	5.283329935520626464e-01
3.252167896090000067e+04	5.287953093333577215e-01
3.252187396090000038e+04	5.303390952325575114e-01
3.252206896090000009e+04	4.663642246284815940e-01
3.252226496090000001e+04	5.163529267955979662e-01
3.252245996089999971e+04	5.260575480780875779e-01
3.252265496089999942e+04	5.194794354837952710e-01
3.252285096089999934e+04	5.359068502949284607e-01
3.252304596089999905e+04	4.902610018739501641e-01
3.252324096089999875e+04	4.974669431574945122e-01
3.252343696089999867e+04	5.140837118839680642e-01
3.252363196089999838e+04	5.382000639377828577e-01
3.252382696089999808e+04	5.328987513044474156e-01
3.252402296089999800e+04	5.101153728360063866e-01
3.252421796090000134e+04	5.046915532891560474e-01
3.252441296090000105e+04	5.408585821974583041e-01
3.252460796090000076e+04	4.877676666919317228e-01
3.252480396090000067e+04	5.118932247788841039e-01
3.252499896090000038e+04	5.625780534066660010e-01
3.252519396090000009e+04	5.324115727104210549e-01
3.252538996090000001e+04	5.409499766614196403e-01
3.252558496089999971e+04	4.653944755287859891e-01
3.252577996089999942e+04	5.112995947100458238e-01
3.252597596089999934e+04	5.382841798723845272e-01
3.252617096089999905e+04	5.271963056873758546e-01
3.252636596089999875e+04	5.563013862110022245e-01
3.252656196089999867e+04	5.106477112791409922e-01
3.252675696089999838e+04	5.301645797375051927e-01
3.252695196089999808e+04	5.290498412327551137e-01
3.252714796089999800e+04	5.210259404899382218e-01
3.252734296090000134e+04	5.701299786885236642e-01
3.252753796090000105e+04	5.161014063478379654e-01
3.252773296090000076e+04	5.595524995410645630e-01
3.252792896090000067e+04	5.423548806497286989e-01
3.252812396090000038e+04	5.293147939920110900e-01
3.252831896090000009e+04	5.462567745930719809e-01
3.252851496090000001e+04	5.295173463024269722e-01
3.252870996089999971e+04	5.265812319416554033e-01
3.252890496089999942e+04	5.282051664284495018e-01
3.252910096089999934e+04	5.039094685727523171e-01
3.252929596089999905e+04	5.518717329255196091e-01
3.252949096089999875e+04	5.598036286779830561e-01
3.252968696089999867e+04	5.118298266892509218e-01
3.252988196089999838e+04	5.213418555230582285e-01
3.253007696089999808e+04	5.482261707823088415e-01
3.253027296089999800e+04	5.134193913459590419e-01
3.253046796090000134e+04	5.298092624997412514e-01
3.253066296090000105e+04	5.396435636698946325e-01
3.253085796090000076e+04	5.687701630629238281e-01
3.253105396090000067e+04	5.121708205743011888e-01
3.253124896090000038e+04	5.334991406986215878e-01
3.253144396090000009e+04	5.520970042530297661e-01
3.253163996090000001e+04	5.322006921770956467e-01
3.253183496089999971e+04	5.374242461142291205e-01
3.253202996089999942e+04	5.152271766481426596e-01
3.253222596089999934e+04	5.389114585186263184e-01
3.253242096089999905e+04	5.014424875104221968e-01
3.253261596089999875e+04	5.063054830569910791e-01
3.253281196089999867e+04	5.451053981472746557e-01
3.253300696089999838e+04	5.512998433109590479e-01
3.253320196089999808e+04	5.232301460615662592e-01
3.253339796089999800e+04	5.379892241942911824e-01
3.253359296090000134e+04	4.976822859249363518e-01
3.253378796090000105e+04	5.369402441301254214e-01
3.253398296090000076e+04	5.216640332530779745e-01
3.253417896090000067e+04	5.088801567809859705e-01
3.253437396090000038e+04	5.297355408466550841e-01
3.253456896090000009e+04	5.236800968121002597e-01
3.253476496090000001e+04	4.971371475825936415e-01
3.253495996089999971e+04	5.339987981747533752e-01
3.253515496089999942e+04	5.226346562848789290e-01
3.253535096089999934e+04	5.039906110071150636e-01
3.253554596089999905e+04	5.465214882007387587e-01
3.253574096089999875e+04	5.243035444218904217e-01
3.253593696089999867e+04	5.182790100412670853e-01
3.253613196089999838e+04	5.045781910936053549e-01
3.253632696089999808e+04	5.491386665448310112e-01
3.253652296089999800e+04	5.286103501520393877e-01
3.253671796090000134e+04	4.719881154922429545e-01
3.253691296090000105e+04	5.124182822057203879e-01
3.253710796090000076e+04	5.523035145263115453e-01
3.253730396090000067e+04	5.091775342420508110e-01
3.253749896090000038e+04	4.889758661330532163e-01
3.253769396090000009e+04	5.224871161282109711e-01
3.253788996090000001e+04	5.786438006076899399e-01
3.253808496089999971e+04	4.974700349421681267e-01
3.253827996089999942e+04	5.209168047749273001e-01
3.253847596089999934e+04	5.217336905759655252e-01
3.253867096089999905e+04	5.428200631594393144e-01
3.253886596089999875e+04	5.060777725624117096e-01
3.253906196089999867e+04	5.260087081916804408e-01
3.253925696089999838e+04	5.338980180652068697e-01
3.253945196089999808e+04	5.227531483853891103e-01
3.253964796089999800e+04	5.092783622034602331e-01
3.253984296090000134e+04	5.274519162203894496e-01
3.254003796090000105e+04	5.045802635986351703e-01
3.254023296090000076e+04	4.829062277867492980e-01
3.254042896090000067e+04	4.968698282574806058e-01
3.254062396090000038e+04	5.281179280284220567e-01
3.254081896090000009e+04	5.235990104166461379e-01
3.254101496090000001e+04	4.747662363398585939e-01
3.254120996089999971e+04	5.033416248428768114e-01
3.254140496089999942e+04	5.083446360601087122e-01
3.254160096089999934e+04	5.196031566090582032e-01
3.254179596089999905e+04	5.306590936030985972e-01
3.254199096089999875e+04	5.503220069896173072e-01
3.254218696089999867e+04	5.309614190287703650e-01
3.254238196089999838e+04	5.212794905678492796e-01
3.254257696089999808e+04	4.962029693801888186e-01
3.254277296089999800e+04	5.037971658585007617e-01
3.254296796090000134e+04	5.157469482451322307e-01
3.254316296090000105e+04	5.299235703365283712e-01
3.254335796090000076e+04	4.939245929029905113e-01
3.254355396090000067e+04	4.696876644286778202e-01
3.254374896090000038e+04	4.867332140632960602e-01
3.254394396090000009e+04	4.869424109114781629e-01
3.254413996090000001e+04	4.994984657631622582e-01
3.254433496089999971e+04	5.330307031383476613e-01
3.254452996089999942e+04	5.161689454080509165e-01
3.254472596089999934e+04	4.789890876664948394e-01
3.254492096089999905e+04	5.112559410658477077e-01
3.254511596089999875e+04	5.002120537123371236e-01
3.254531196089999867e+04	5.099864416875199424e-01
3.254550696089999838e+04	5.325082096958251299e-01
3.254570196089999808e+04	5.147718562702596756e-01
3.254589796089999800e+04	4.977748508351140799e-01
3.254609296090000134e+04	4.537954282405678441e-01
3.254628796090000105e+04	5.126542480808353730e-01
3.254648296090000076e+04	5.103347489352838551e-01
3.254667896090000067e+04	4.965826857318980103e-01
3.254687396090000038e+04	5.617937194137301304e-01
3.254706896090000009e+04	5.374554081210156653e-01
3.254726496090000001e+04	4.968625275351890025e-01
3.254745996089999971e+04	4.770703718955715544e-01
3.254765496089999942e+04	4.978892541134865013e-01
3.254785096089999934e+04	5.538946694963016171e-01
3.254804596089999905e+04	5.072320425772929298e-01
3.254824096089999875e+04	5.036785823547518248e-01
3.254843696089999867e+04	5.062971846847261759e-01
3.254863196089999838e+04	4.966524052066532136e-01
3.254882696089999808e+04	5.063678860121267888e-01
3.254902296089999800e+04	5.156731308114785861e-01
3.254921796090000134e+04	5.174443487505406836e-01
3.254941296090000105e+04	5.017254188982143148e-01
3.254960796090000076e+04	4.498997032452738409e-01
3.254980396090000067e+04	5.157656280298983376e-01
3.254999896090000038e+04	5.333631047606868236e-01
3.255019396090000009e+04	4.703479420852634263e-01
3.255038996090000001e+04	5.336653433630189625e-01
3.255058496089999971e+04	5.033884282475327154e-01
3.255077996089999942e+04	4.908666432898822762e-01
3.255097596089999934e+04	5.035745868136221048e-01
3.255117096089999905e+04	4.951418110847214393e-01
3.255136596089999875e+04	5.098585726869337975e-01
3.255156196089999867e+04	5.063356751735774708e-01
3.255175696089999838e+04	4.919841331642018645e-01
3.255195196089999808e+04	5.177094266912529719e-01
3.255214796089999800e+04	4.965473165611342665e-01
3.255234296090000134e+04	5.021923807981423238e-01
3.255253796090000105e+04	5.299557502748655224e-01
3.255273296090000076e+04	5.243929296863125700e-01
3.255292896090000067e+04	5.087501473519076001e-01
3.255312396090000038e+04	5.267017310236852268e-01
3.255331896090000009e+04	5.624048276060538143e-01
3.255351496090000001e+04	5.472015009399875396e-01
3.255370996089999971e+04	5.341265416111511399e-01
3.255390496089999942e+04	5.568088609359733709e-01
3.255410096089999934e+04	5.504247972379516796e-01
3.255429596089999905e+04	4.896439309217708313e-01
3.255449096089999875e+04	5.282228282622103421e-01
3.255468696089999867e+04	5.334939833745622195e-01
3.255488196089999838e+04	5.460044989666066328e-01
3.255507696089999808e+04	4.882297266902835275e-01
3.255527296089999800e+04	5.131282894717781318e-01
3.255546796090000134e+04	5.258466040569444999e-01
3.255566296090000105e+04	5.077904267775323888e-01
3.255585796090000076e+04	5.237663423080167746e-01
3.255605396090000067e+04	5.205572114393248739e-01
3.255624896090000038e+04	5.201706248794568666e-01
3.255644396090000009e+04	5.334711144660815307e-01
3.255663996090000001e+04	5.529429257122977504e-01
3.255683496089999971e+04	5.546471086520714522e-01
3.255702996089999942e+04	5.463273699239739045e-01
3.255722596089999934e+04	5.300845856178870719e-01
3.255742096089999905e+04	5.082365158545307793e-01
3.255761596089999875e+04	5.251203087058708974e-01
3.255781196089999867e+04	5.188049488790795749e-01
3.255800696089999838e+04	5.389124665620315113e-01
3.255820196089999808e+04	5.452029929590764823e-01
3.255839796089999800e+04	5.572042218248967060e-01
3.255859296090000134e+04	5.330628790054667832e-01
3.255878796090000105e+04	4.972422337090875999e-01
3.255898296090000076e+04	5.353345439093004643e-01
3.255917896090000067e+04	4.997387640027497469e-01
3.255937396090000038e+04	5.497791054087954876e-01
3.255956896090000009e+04	5.384648644572500586e-01
3.255976496090000001e+04	5.463647364961978781e-01
3.255995996089999971e+04	5.242619936415149340e-01
3.256015496089999942e+04	5.379321203369986648e-01
3.256035096089999934e+04	5.062212575748770149e-01
3.256054596089999905e+04	5.136647150908384418e-01
3.256074096089999875e+04	5.303692578381653533e-01
3.256093696089999867e+04	5.137135795164216034e-01
3.256113196089999838e+04	5.176927751414908130e-01
3.256132696089999808e+04	5.005500637135611441e-01
3.256152296089999800e+04	4.843488201271561877e-01
3.256171796090000134e+04	5.444024685892596693e-01
3.256191296090000105e+04	5.459484215095038451e-01
3.256210796090000076e+04	4.708446616829000675e-01
3.256230396090000067e+04	5.073651505739480427e-01
3.256249896090000038e+04	5.376921952582733866e-01
3.256269396090000009e+04	5.007216982161306618e-01
3.256288996090000001e+04	5.298425045478882822e-01
3.256308496089999971e+04	5.489870767137912111e-01
3.256327996089999942e+04	5.082989049778845470e-01
3.256347596089999934e+04	4.883504585379050411e-01
3.256367096089999905e+04	5.155016006339447898e-01
3.256386596089999875e+04	4.917167489210214626e-01
3.256406196089999867e+04	5.050493063015295547e-01
3.256425696089999838e+04	4.725681411975717339e-01
3.256445196089999808e+04	4.721984483950478761e-01
3.256464796089999800e+04	5.313384750765788311e-01
3.256484296090000134e+04	4.809420352104467611e-01
3.256503796090000105e+04	5.202381527579458265e-01
3.256523296090000076e+04	4.937716521633603861e-01
3.256542896090000067e+04	5.471278225819649066e-01
3.256562396090000038e+04	5.129027139575015326e-01
3.256581896090000009e+04	5.069096756408626447e-01
3.256601496090000001e+04	5.259547093007448382e-01
3.256620996089999971e+04	4.757470825205007969e-01
3.256640496089999942e+04	5.325674052384883339e-01
3.256660096089999934e+04	5.644029948735980184e-01
3.256679596089999905e+04	4.948078823733190745e-01
3.256699096089999875e+04	5.275381484754575467e-01
3.256718696089999867e+04	5.643977905730466205e-01
3.256738196089999838e+04	5.755600691435507343e-01
3.256757696089999808e+04	5.367959213348036940e-01
3.256777296089999800e+04	5.354674908390517629e-01
3.256796796090000134e+04	5.215154249480296045e-01
3.256816296090000105e+04	5.561955451002127404e-01
3.256835796090000076e+04	5.411514250570057527e-01
3.256855396090000067e+04	5.353553411712965726e-01
3.256874896090000038e+04	5.807764803292378986e-01
3.256894396090000009e+04	5.339312545790964037e-01
3.256913996090000001e+04	5.349460663752392264e-01
3.256933496089999971e+04	5.024295079600733516e-01
3.256952996089999942e+04	5.403279059968681963e-01
3.256972596089999934e+04	5.380660612792986797e-01
3.256992096089999905e+04	5.251494066319750686e-01
3.257011596089999875e+04	5.635201282952841950e-01
3.257031196089999867e+04	5.645793344591929497e-01
3.257050696089999838e+04	5.302196313179585729e-01
3.257070196089999808e+04	5.536414025556872787e-01
3.257089796089999800e+04	5.372892400321500617e-01
3.257109296090000134e+04	5.388979525171784246e-01
3.257128796090000105e+04	5.157261433056206101e-01
3.257148296090000076e+04	5.137385385559731787e-01
3.257167896090000067e+04	5.197943526432329264e-01
3.257187396090000038e+04	5.060122245641522909e-01
3.257206896090000009e+04	5.361623791019116680e-01
3.257226496090000001e+04	5.409156792472877839e-01
3.257245996089999971e+04	5.584681536708320237e-01
3.257265496089999942e+04	5.656966124805133944e-01
3.257285096089999934e+04	5.233964093000835760e-01
3.257304596089999905e+04	5.379663594725023756e-01
3.257324096089999875e+04	5.482718275871576452e-01
3.257343696089999867e+04	5.360938243769943767e-01
3.257363196089999838e+04	5.307515344209221553e-01
3.257382696089999808e+04	5.832210034746552196e-01
3.257402296089999800e+04	5.005521365580083426e-01
3.257421796090000134e+04	5.303214438443948353e-01
3.257441296090000105e+04	5.549688495817246547e-01
3.257460796090000076e+04	5.578870672369244943e-01
3.257480396090000067e+04	5.327969494625257596e-01
3.257499896090000038e+04	5.280960715254945370e-01
3.257519396090000009e+04	4.981399511816988479e-01
3.257538996090000001e+04	4.985966518395468228e-01
3.257558496089999971e+04	5.231428275072769196e-01
3.257577996089999942e+04	5.340289027505242814e-01
3.257597596089999934e+04	5.313551173800910021e-01
3.257617096089999905e+04	4.956120972083297715e-01
3.257636596089999875e+04	4.897084588452838005e-01
3.257656196089999867e+04	5.103784042150785183e-01
3.257675696089999838e+04	5.049245024744681842e-01
3.257695196089999808e+04	5.400111824973912178e-01
3.257714796089999800e+04	5.403351938183966752e-01
3.257734296090000134e+04	5.115574425593205632e-01
3.257753796090000105e+04	4.840678257280384145e-01
3.257773296090000076e+04	5.041788464878909082e-01
3.257792896090000067e+04	4.970820218661931023e-01
3.257812396090000038e+04	5.458913272492829094e-01
3.257831896090000009e+04	5.410735361550074174e-01
3.257851496090000001e+04	5.570215536205083140e-01
3.257870996089999971e+04	5.218240850081521387e-01
3.257890496089999942e+04	5.022891456093265816e-01
3.257910096089999934e+04	5.005209813301689792e-01
3.257929596089999905e+04	5.286737585107808002e-01
3.257949096089999875e+04	5.563439436045882758e-01
3.257968696089999867e+04	5.177218818645314968e-01
3.257988196089999838e+04	5.211267287892695776e-01
3.258007696089999808e+04	5.525755005789196872e-01
3.258027296089999800e+04	5.313156577016364679e-01
3.258046796090000134e+04	4.981066662354027841e-01
3.258066296090000105e+04	5.162884776606198045e-01
3.258085796090000076e+04	5.290269681854695705e-01
3.258105396090000067e+04	5.263620008166292052e-01
3.258124896090000038e+04	5.091546426914099754e-01
3.258144396090000009e+04	5.145671017754533949e-01
3.258163996090000001e+04	5.048132227711317199e-01
3.258183496089999971e+04	5.004450453227953233e-01
3.258202996089999942e+04	5.304180890548764182e-01
3.258222596089999934e+04	5.013031291150085167e-01
3.258242096089999905e+04	5.041507778649023663e-01
3.258261596089999875e+04	4.978091995750570931e-01
3.258281196089999867e+04	5.190928408964534668e-01
3.258300696089999838e+04	4.794533959787692368e-01
3.258320196089999808e+04	5.104116725585470249e-01
3.258339796089999800e+04	4.894805857587147813e-01
3.258359296090000134e+04	4.953166289921835386e-01
3.258378796090000105e+04	4.517861667415239424e-01
3.258398296090000076e+04	4.617370906514466355e-01
3.258417896090000067e+04	5.190710210030839988e-01
3.258437396090000038e+04	5.069730864175525653e-01
3.258456896090000009e+04	5.199097248386781445e-01
3.258476496090000001e+04	5.216058291102001476e-01
3.258495996089999971e+04	4.940556816556114228e-01
3.258515496089999942e+04	5.100821040916265758e-01
3.258535096089999934e+04	5.464997015840804551e-01
3.258554596089999905e+04	5.216172646282952741e-01
3.258574096089999875e+04	5.199866720693098188e-01
3.258593696089999867e+04	4.856040335288529519e-01
3.258613196089999838e+04	5.190720298610997929e-01
3.258632696089999808e+04	5.260980783267559246e-01
3.258652296089999800e+04	5.181137210714794605e-01
3.258671796090000134e+04	4.867176053557820126e-01
3.258691296090000105e+04	5.410278659555149972e-01
3.258710796090000076e+04	5.393684101623712479e-01
3.258730396090000067e+04	5.698820914645352786e-01
3.258749896090000038e+04	5.152334093292054717e-01
3.258769396090000009e+04	5.304855887713237905e-01
3.258788996090000001e+04	5.099209130385045086e-01
3.258808496089999971e+04	5.600049223107177454e-01
3.258827996089999942e+04	5.649829110047033254e-01
3.258847596089999934e+04	5.498787592353124865e-01
3.258867096089999905e+04	5.045844175413893851e-01
3.258886596089999875e+04	4.901184784946170936e-01
3.258906196089999867e+04	5.405086290599498966e-01
3.258925696089999838e+04	5.230638727714307379e-01
3.258945196089999808e+04	5.320282601020220881e-01
3.258964796089999800e+04	5.371220002519532244e-01
3.258984296090000134e+04	5.481451743313705549e-01
3.259003796090000105e+04	4.896886866279324124e-01
3.259023296090000076e+04	5.328021693936868530e-01
3.259042896090000067e+04	5.494490036755461659e-01
3.259062396090000038e+04	5.382686038604234113e-01
3.259081896090000009e+04	5.069304880422809134e-01
3.259101496090000001e+04	5.850516201537541150e-01
3.259120996089999971e+04	5.549377098086800686e-01
3.259140496089999942e+04	5.408419374146067327e-01
3.259160096089999934e+04	5.196696772134856701e-01
3.259179596089999905e+04	5.386050738509204905e-01
3.259199096089999875e+04	5.655358307386961769e-01
3.259218696089999867e+04	5.256710480532653662e-01
3.259238196089999838e+04	5.886968989208352099e-01
3.259257696089999808e+04	5.401939773956527802e-01
3.259277296089999800e+04	5.083768978583602660e-01
3.259296796090000134e+04	5.151617155428507289e-01
3.259316296090000105e+04	5.924069526648239048e-01
3.259335796090000076e+04	5.767888609025302316e-01
3.259355396090000067e+04	5.305707930665413130e-01
3.259374896090000038e+04	5.235626803398005791e-01
3.259394396090000009e+04	5.469305700282678373e-01
3.259413996090000001e+04	4.766403522321027708e-01
3.259433496089999971e+04	5.553009541836022578e-01
3.259452996089999942e+04	5.463730302622700208e-01
3.259472596089999934e+04	5.521935102633150905e-01
3.259492096089999905e+04	5.697679696622088841e-01
3.259511596089999875e+04	5.402490064930809410e-01
3.259531196089999867e+04	5.454635708993720300e-01
3.259550696089999838e+04	5.569074254156660686e-01
3.259570196089999808e+04	5.265334105733501247e-01
3.259589796089999800e+04	5.550300681385049728e-01
3.259609296090000134e+04	5.612967042952412555e-01
3.259628796090000105e+04	5.583591843002615462e-01
3.259648296090000076e+04	5.127966856065828694e-01
3.259667896090000067e+04	5.667619976710689400e-01
3.259687396090000038e+04	5.178705220402779474e-01
3.259706896090000009e+04	5.713808162702154192e-01
3.259726496090000001e+04	5.407380990476511329e-01
3.259745996089999971e+04	5.517855861122988870e-01
3.259765496089999942e+04	5.620084899989841176e-01
3.259785096089999934e+04	5.258102683781693543e-01
3.259804596089999905e+04	5.465225583574238044e-01
3.259824096089999875e+04	5.398886791814980768e-01
3.259843696089999867e+04	5.545536879887826842e-01
3.259863196089999838e+04	5.264867047686045964e-01
3.259882696089999808e+04	5.427203806611391457e-01
3.259902296089999800e+04	5.204190147854745874e-01
3.259921796090000134e+04	5.571232995860064818e-01
3.259941296090000105e+04	5.548868590894340258e-01
3.259960796090000076e+04	5.246610121210064648e-01
3.259980396090000067e+04	5.311618874949015634e-01
3.259999896090000038e+04	5.869318782605486007e-01
3.260019396090000009e+04	5.174401969799333756e-01
3.260038996090000001e+04	5.539984432829605510e-01
3.260058496089999971e+04	5.023431875767023769e-01
3.260077996089999942e+04	5.420828347924100399e-01
3.260097596089999934e+04	5.604469264545723917e-01
3.260117096089999905e+04	5.517367973875479947e-01
3.260136596089999875e+04	5.469056446978441954e-01
3.260156196089999867e+04	5.578050865007710968e-01
3.260175696089999838e+04	5.223811201904702273e-01
3.260195196089999808e+04	5.553227418997828124e-01
3.260214796089999800e+04	5.454417744250239508e-01
3.260234296090000134e+04	5.497739515044681724e-01
3.260253796090000105e+04	5.125534250324381702e-01
3.260273296090000076e+04	5.062961663697436165e-01
3.260292896090000067e+04	4.995588130616539502e-01
3.260312396090000038e+04	5.225608595372488452e-01
3.260331896090000009e+04	5.188277778767318438e-01
3.260351496090000001e+04	5.672049403381649313e-01
3.260370996089999971e+04	5.198005841661945681e-01
3.260390496089999942e+04	4.940525447567480910e-01
3.260410096089999934e+04	5.388459980539632710e-01
3.260429596089999905e+04	5.232747782021398564e-01
3.260449096089999875e+04	5.238796160504328725e-01
