# time(sec)	crack length FEA(mm)
5.577577996089999942e+04	9.343462505839781329e-01
5.577597596090000297e+04	9.239121455008518780e-01
5.577617096090000268e+04	9.573781754431323066e-01
5.577636596090000239e+04	9.681446226056156235e-01
5.577656196089999867e+04	9.240031101810295411e-01
5.577675696089999838e+04	9.217399540871049624e-01
5.577695196089999808e+04	9.632039028986980611e-01
5.577714796090000164e+04	9.604331549001230428e-01
5.577734296090000134e+04	9.470521563297911172e-01
5.577753796090000105e+04	1.000422206973112793e+00
5.577773296090000076e+04	9.512876584167617722e-01
5.577792896089999704e+04	9.714614712858367085e-01
5.577812396089999675e+04	9.603014737137467449e-01
5.577831896089999645e+04	9.724600815633817064e-01
5.577851496090000001e+04	9.667601879049492197e-01
5.577870996089999971e+04	9.329965508758988335e-01
5.577890496089999942e+04	9.418343092413508089e-01
5.577910096090000297e+04	9.916182144076870486e-01
5.577929596090000268e+04	9.784973865649959635e-01
5.577949096090000239e+04	9.561869926575710110e-01
5.577968696089999867e+04	9.459012517867542158e-01
5.577988196089999838e+04	9.598227863401298521e-01
5.578007696089999808e+04	9.477149540324560917e-01
5.578027296090000164e+04	9.830239939601259636e-01
5.578046796090000134e+04	9.778159912701696044e-01
5.578066296090000105e+04	9.767462018237793586e-01
5.578085796090000076e+04	1.003055920293318692e+00
5.578105396089999704e+04	9.474156622616565215e-01
5.578124896089999675e+04	9.624109157475011500e-01
5.578144396089999645e+04	9.686058785616413758e-01
5.578163996090000001e+04	9.656754419536710543e-01
5.578183496089999971e+04	9.468968927054497442e-01
5.578202996089999942e+04	9.646723412993818414e-01
5.578222596090000297e+04	9.547823117261202697e-01
5.578242096090000268e+04	9.490055850739551602e-01
5.578261596090000239e+04	9.933845077307807969e-01
5.578281196089999867e+04	9.833003313949539859e-01
5.578300696089999838e+04	9.378668032600003812e-01
5.578320196089999808e+04	9.824366239817479141e-01
5.578339796090000164e+04	9.829659232788294787e-01
5.578359296090000134e+04	9.127750617727734550e-01
5.578378796090000105e+04	9.902655205996602206e-01
5.578398296090000076e+04	9.614139027263313153e-01
5.578417896089999704e+04	9.833360667160988555e-01
5.578437396089999675e+04	9.736923386817490922e-01
5.578456896089999645e+04	9.710727415979150123e-01
5.578476496090000001e+04	9.537491141212797174e-01
5.578495996089999971e+04	9.435482169598152780e-01
5.578515496089999942e+04	9.530805198101504061e-01
5.578535096090000297e+04	9.345321377292883369e-01
5.578554596090000268e+04	9.268404029897130414e-01
5.578574096090000239e+04	9.497438467203362933e-01
5.578593696089999867e+04	9.565503601009375245e-01
5.578613196089999838e+04	9.853516976665055438e-01
5.578632696089999808e+04	9.571352964563608623e-01
5.578652296090000164e+04	9.468887347584029612e-01
5.578671796090000134e+04	9.366592932899955315e-01
5.578691296090000105e+04	9.184081412111222420e-01
5.578710796090000076e+04	9.437126263430677398e-01
5.578730396089999704e+04	9.239959980900742664e-01
5.578749896089999675e+04	9.367941758706983535e-01
5.578769396089999645e+04	9.266831648474678218e-01
5.578788996090000001e+04	9.312277307585663522e-01
5.578808496089999971e+04	9.279104904964974310e-01
5.578827996089999942e+04	9.383541777871489131e-01
5.578847596090000297e+04	9.568014872766461565e-01
5.578867096090000268e+04	9.447166045459098882e-01
5.578886596090000239e+04	9.361801336840471777e-01
5.578906196089999867e+04	9.300341950580559569e-01
5.578925696089999838e+04	9.363630228386039533e-01
5.578945196089999808e+04	9.188477843200644202e-01
5.578964796090000164e+04	9.500511785965155553e-01
5.578984296090000134e+04	9.517634467186137925e-01
5.579003796090000105e+04	9.445908902482855751e-01
5.579023296090000076e+04	9.270949141373190372e-01
5.579042896089999704e+04	9.002514793017581951e-01
5.579062396089999675e+04	9.169532041389665267e-01
5.579081896089999645e+04	9.400671934869269109e-01
5.579101496090000001e+04	9.303796128678509803e-01
5.579120996089999971e+04	9.514877099113228098e-01
5.579140496089999942e+04	9.338752071634317531e-01
5.579160096090000297e+04	9.034466988561185019e-01
5.579179596090000268e+04	9.722663390032550979e-01
5.579199096090000239e+04	9.621558148093178886e-01
5.579218696089999867e+04	9.620190585488082036e-01
5.579238196089999838e+04	9.530528951686783046e-01
5.579257696089999808e+04	9.797282817598684801e-01
5.579277296090000164e+04	9.486900824603559101e-01
5.579296796090000134e+04	9.428374009899123109e-01
5.579316296090000105e+04	9.765636205832599614e-01
5.579335796090000076e+04	9.679671466857122653e-01
5.579355396089999704e+04	9.388282045145501797e-01
5.579374896089999675e+04	9.472696991518976262e-01
5.579394396089999645e+04	9.619170168305082314e-01
5.579413996090000001e+04	9.301394448740563092e-01
5.579433496089999971e+04	9.486819251233811201e-01
5.579452996089999942e+04	9.500378469302042106e-01
5.579472596090000297e+04	9.469663667226519976e-01
5.579492096090000268e+04	9.303754871952634176e-01
5.579511596090000239e+04	9.473299616732937523e-01
5.579531196089999867e+04	9.773846995492014855e-01
5.579550696089999838e+04	9.755865594925179352e-01
5.579570196089999808e+04	9.724712977287186533e-01
5.579589796090000164e+04	9.887558313354247730e-01
5.579609296090000134e+04	9.867617676535704874e-01
5.579628796090000105e+04	9.742645898348616385e-01
5.579648296090000076e+04	9.492945948060889094e-01
5.579667896089999704e+04	9.977065344627806809e-01
5.579687396089999675e+04	1.000894919187278020e+00
5.579706896089999645e+04	9.484634302583039300e-01
5.579726496090000001e+04	9.511682055665744429e-01
5.579745996089999971e+04	9.805379521958190736e-01
5.579765496089999942e+04	9.917118993459617116e-01
5.579785096090000297e+04	9.787339167808504214e-01
5.579804596090000268e+04	9.937269997921802656e-01
5.579824096090000239e+04	9.721571554858510211e-01
5.579843696089999867e+04	9.384655336671627879e-01
5.579863196089999838e+04	9.526904393839963348e-01
5.579882696089999808e+04	9.845575169530462745e-01
5.579902296090000164e+04	1.004930490879360150e+00
5.579921796090000134e+04	9.515704137459746192e-01
5.579941296090000105e+04	9.714788220129726426e-01
5.579960796090000076e+04	9.973163051557847325e-01
5.579980396089999704e+04	9.556164139838063676e-01
5.579999896089999675e+04	9.539115242997304733e-01
5.580019396089999645e+04	1.013536086247871282e+00
5.580038996090000001e+04	1.013336377849809011e+00
5.580058496089999971e+04	9.383510187475518904e-01
5.580077996089999942e+04	9.729987144459251169e-01
5.580097596090000297e+04	9.785870931145943530e-01
5.580117096090000268e+04	9.623344734146215274e-01
5.580136596090000239e+04	9.846217144986333381e-01
5.580156196089999867e+04	9.986501312746565162e-01
5.580175696089999838e+04	9.836469967923573421e-01
5.580195196089999808e+04	9.593829290900366402e-01
5.580214796090000164e+04	9.537838412281711697e-01
5.580234296090000134e+04	9.601637424841680257e-01
5.580253796090000105e+04	9.826151313248114860e-01
5.580273296090000076e+04	9.781608087987301303e-01
5.580292896089999704e+04	9.913572955425582478e-01
5.580312396089999675e+04	9.906977184842968853e-01
5.580331896089999645e+04	9.456019373779707138e-01
5.580351496090000001e+04	9.987093017818722274e-01
5.580370996089999971e+04	1.027473233346769987e+00
5.580390496089999942e+04	1.011240607383536272e+00
5.580410096090000297e+04	9.596328868315655569e-01
5.580429596090000268e+04	9.175073131644229107e-01
5.580449096090000239e+04	9.453876252644342060e-01
5.580468696089999867e+04	9.350614430488946027e-01
5.580488196089999838e+04	9.404288749431835015e-01
5.580507696089999808e+04	1.006713126147156245e+00
5.580527296090000164e+04	9.996508459011383962e-01
5.580546796090000134e+04	9.472789095907394596e-01
5.580566296090000105e+04	9.315312622536442433e-01
5.580585796090000076e+04	9.649937693349244228e-01
5.580605396089999704e+04	9.820563936467010535e-01
5.580624896089999675e+04	9.424288170328622982e-01
5.580644396089999645e+04	9.669824600993202068e-01
5.580663996090000001e+04	9.703147180821467543e-01
5.580683496089999971e+04	9.584989818517541948e-01
5.580702996089999942e+04	9.431999180121088955e-01
5.580722596090000297e+04	9.749755255911818352e-01
5.580742096090000268e+04	9.778986042555395386e-01
5.580761596090000239e+04	9.400856198938214447e-01
5.580781196089999867e+04	9.315874388589477917e-01
5.580800696089999838e+04	9.815800680149457946e-01
5.580820196089999808e+04	1.019013201338299979e+00
5.580839796090000164e+04	9.650121765911734428e-01
5.580859296090000134e+04	9.836990224443447062e-01
5.580878796090000105e+04	1.012056297469936084e+00
5.580898296090000076e+04	9.493639741655872655e-01
5.580917896089999704e+04	9.262578880180463159e-01
5.580937396089999675e+04	9.863927281125466351e-01
5.580956896089999645e+04	9.897568725263283795e-01
5.580976496090000001e+04	9.089039640211797888e-01
5.580995996089999971e+04	9.475698699184142981e-01
5.581015496089999942e+04	9.766238094666075398e-01
5.581035096090000297e+04	9.514827108368795194e-01
5.581054596090000268e+04	9.384746597368582854e-01
5.581074096090000239e+04	9.885243915149128924e-01
5.581093696089999867e+04	9.610924266558775741e-01
5.581113196089999838e+04	9.224370822829559557e-01
5.581132696089999808e+04	9.899811203245878488e-01
5.581152296090000164e+04	9.735577512148338997e-01
5.581171796090000134e+04	9.713482531011070620e-01
5.581191296090000105e+04	9.510456824579840429e-01
5.581210796090000076e+04	1.000873563754705486e+00
5.581230396089999704e+04	9.792163435717640141e-01
5.581249896089999675e+04	9.278952151551536076e-01
5.581269396089999645e+04	9.453272701361115082e-01
5.581288996090000001e+04	9.760332159329152546e-01
5.581308496089999971e+04	1.006516510766910955e+00
5.581327996089999942e+04	9.486307882057651852e-01
5.581347596090000297e+04	9.400028764414578575e-01
5.581367096090000268e+04	9.859288371591841127e-01
5.581386596090000239e+04	9.275723237690982614e-01
5.581406196089999867e+04	9.642019809655426599e-01
5.581425696089999838e+04	9.659060509940786687e-01
5.581445196089999808e+04	9.793488844030040497e-01
5.581464796090000164e+04	9.421254233688181046e-01
5.581484296090000134e+04	9.541625914327909186e-01
5.581503796090000105e+04	9.597135460864709700e-01
5.581523296090000076e+04	9.407035982857774314e-01
5.581542896089999704e+04	9.887742203284268783e-01
5.581562396089999675e+04	9.450055782487538636e-01
5.581581896089999645e+04	9.723295180022191175e-01
5.581601496090000001e+04	9.611893871685079915e-01
5.581620996089999971e+04	9.375103484266453790e-01
5.581640496089999942e+04	9.177599032416807745e-01
5.581660096090000297e+04	9.713217010809103158e-01
5.581679596090000268e+04	9.415299429231644979e-01
5.581699096090000239e+04	9.562359213167184180e-01
5.581718696089999867e+04	9.421091042254943204e-01
5.581738196089999838e+04	9.118975657024197545e-01
5.581757696089999808e+04	9.467355753664659090e-01
5.581777296090000164e+04	9.787961150790991383e-01
5.581796796090000134e+04	9.848337490971204033e-01
5.581816296090000105e+04	9.164328095587990219e-01
5.581835796090000076e+04	8.878125601253135102e-01
5.581855396089999704e+04	9.211572275490063078e-01
5.581874896089999675e+04	9.300453433089614919e-01
5.581894396089999645e+04	9.246716373248187182e-01
5.581913996090000001e+04	9.598248028088320893e-01
5.581933496089999971e+04	9.335462524087940750e-01
5.581952996089999942e+04	9.402511059423481754e-01
5.581972596090000297e+04	9.399528617030092903e-01
5.581992096090000268e+04	9.454365759691647497e-01
5.582011596090000239e+04	9.312921591064959870e-01
5.582031196089999867e+04	9.506362735703195455e-01
5.582050696089999838e+04	9.290663842499036207e-01
5.582070196089999808e+04	9.567249393625800735e-01
5.582089796090000164e+04	9.844004818488407693e-01
5.582109296090000134e+04	9.416178577190308374e-01
5.582128796090000105e+04	9.572914582823788265e-01
5.582148296090000076e+04	9.473758382801875655e-01
5.582167896089999704e+04	9.395207124708839785e-01
5.582187396089999675e+04	9.619884636118776200e-01
5.582206896089999645e+04	9.656581746727788129e-01
5.582226496090000001e+04	9.278676492846908985e-01
5.582245996089999971e+04	9.734006439243447772e-01
5.582265496089999942e+04	9.742238466358816851e-01
5.582285096090000297e+04	9.721163210729280024e-01
5.582304596090000268e+04	9.516297007307610301e-01
5.582324096090000239e+04	9.168356003413613564e-01
5.582343696089999867e+04	9.473228564930558093e-01
5.582363196089999838e+04	9.456184295938783180e-01
5.582382696089999808e+04	9.468561029424744646e-01
5.582402296090000164e+04	9.725142345630910512e-01
5.582421796090000134e+04	9.537420108432179688e-01
5.582441296090000105e+04	9.392571195534653583e-01
5.582460796090000076e+04	9.616649789370654844e-01
5.582480396089999704e+04	9.843923366647366890e-01
5.582499896089999675e+04	9.448565300129185829e-01
5.582519396089999645e+04	9.205601728394654515e-01
5.582538996090000001e+04	9.619119322661653371e-01
5.582558496089999971e+04	9.680569803404015516e-01
5.582577996089999942e+04	9.547465337722993439e-01
5.582597596090000297e+04	9.661397255449379884e-01
5.582617096090000268e+04	1.013207086984696303e+00
5.582636596090000239e+04	9.916415918986061229e-01
5.582656196089999867e+04	9.540451698631216004e-01
5.582675696089999838e+04	9.614373973995355982e-01
5.582695196089999808e+04	9.955257905194798695e-01
5.582714796090000164e+04	1.015912689204734320e+00
5.582734296090000134e+04	9.289611297286484159e-01
5.582753796090000105e+04	9.728069039952291774e-01
5.582773296090000076e+04	9.607565685374481745e-01
5.582792896089999704e+04	9.839885772891427962e-01
5.582812396089999675e+04	9.299667787532843732e-01
5.582831896089999645e+04	1.010288321332929229e+00
5.582851496090000001e+04	1.022893915442310231e+00
5.582870996089999971e+04	9.630927495271368599e-01
5.582890496089999942e+04	9.565677216314192322e-01
5.582910096090000297e+04	9.743197025678735912e-01
5.582929596090000268e+04	9.580273604786686548e-01
5.582949096090000239e+04	9.808806282199871163e-01
5.582968696089999867e+04	9.793957509455974986e-01
5.582988196089999838e+04	1.010312730425042105e+00
5.583007696089999808e+04	9.678732811119061807e-01
5.583027296090000164e+04	9.758762125004132315e-01
5.583046796090000134e+04	9.607535877865291951e-01
5.583066296090000105e+04	9.771185440876806183e-01
5.583085796090000076e+04	1.001671403760688861e+00
5.583105396089999704e+04	1.007686991562037448e+00
5.583124896089999675e+04	9.748449757468478083e-01
5.583144396089999645e+04	9.813792165756218822e-01
5.583163996090000001e+04	9.727600245513556843e-01
5.583183496089999971e+04	1.006983152466297327e+00
5.583202996089999942e+04	9.832310502649193040e-01
5.583222596090000297e+04	1.001213848049602007e+00
5.583242096090000268e+04	9.740932926925509605e-01
5.583261596090000239e+04	1.002819542964626720e+00
5.583281196089999867e+04	9.945524800543292798e-01
5.583300696089999838e+04	9.845534881790936055e-01
5.583320196089999808e+04	1.016073628371108484e+00
5.583339796090000164e+04	1.017590776579780254e+00
5.583359296090000134e+04	9.794804608934821744e-01
5.583378796090000105e+04	9.538441750720227930e-01
5.583398296090000076e+04	1.000330481690898665e+00
5.583417896089999704e+04	9.776080120360663983e-01
5.583437396089999675e+04	9.800800796150266336e-01
5.583456896089999645e+04	1.010411591367443407e+00
5.583476496090000001e+04	9.502329972266920777e-01
5.583495996089999971e+04	9.851161962322230181e-01
5.583515496089999942e+04	9.842567583543733178e-01
5.583535096090000297e+04	1.027616784585944743e+00
5.583554596090000268e+04	9.772449639204605631e-01
5.583574096090000239e+04	1.012401583885518264e+00
5.583593696089999867e+04	9.908536615492913313e-01
5.583613196089999838e+04	1.000907172295715242e+00
5.583632696089999808e+04	9.522147571808581290e-01
5.583652296090000164e+04	9.788613793168625676e-01
5.583671796090000134e+04	9.751805487420028840e-01
5.583691296090000105e+04	9.871777403779358195e-01
5.583710796090000076e+04	9.698790846933853516e-01
5.583730396089999704e+04	9.872460467865735723e-01
5.583749896089999675e+04	9.871797545440585964e-01
5.583769396089999645e+04	1.013735705501030537e+00
5.583788996090000001e+04	9.897375210949448388e-01
5.583808496089999971e+04	1.011945370853348791e+00
5.583827996089999942e+04	1.030961930889482403e+00
5.583847596090000297e+04	9.547670534876413484e-01
5.583867096090000268e+04	1.003275930263992421e+00
5.583886596090000239e+04	1.009433812415744924e+00
5.583906196089999867e+04	1.007849911083081196e+00
5.583925696089999838e+04	9.750357184675362276e-01
5.583945196089999808e+04	9.826732904463391094e-01
5.583964796090000164e+04	1.002428259398111976e+00
5.583984296090000134e+04	1.008242068339718855e+00
5.584003796090000105e+04	9.971461358728639368e-01
5.584023296090000076e+04	1.009205634904603244e+00
5.584042896089999704e+04	1.013744802920676591e+00
5.584062396089999675e+04	9.805686110379223663e-01
5.584081896089999645e+04	9.869799134094883186e-01
5.584101496090000001e+04	1.008265429579592976e+00
5.584120996089999971e+04	9.902910008779706175e-01
5.584140496089999942e+04	9.866374122979806316e-01
5.584160096090000297e+04	9.636947949013023873e-01
5.584179596090000268e+04	1.019792070682379759e+00
5.584199096090000239e+04	9.584897757230326221e-01
5.584218696089999867e+04	9.906335372419405871e-01
5.584238196089999838e+04	1.013531974878494779e+00
5.584257696089999808e+04	1.019305389638027748e+00
5.584277296090000164e+04	1.004184653251151360e+00
5.584296796090000134e+04	9.911624801043235067e-01
5.584316296090000105e+04	9.680140355133719510e-01
5.584335796090000076e+04	1.000572922750787797e+00
5.584355396089999704e+04	9.955604570800744568e-01
5.584374896089999675e+04	9.582693536421480474e-01
5.584394396089999645e+04	1.023345809686141195e+00
5.584413996090000001e+04	9.417852634453449667e-01
5.584433496089999971e+04	9.372937701315802173e-01
5.584452996089999942e+04	9.861133612191039788e-01
5.584472596090000297e+04	9.718613234856690042e-01
5.584492096090000268e+04	9.898679897184194942e-01
5.584511596090000239e+04	9.966916448963090147e-01
5.584531196089999867e+04	9.833605033388010952e-01
5.584550696089999838e+04	9.902716498787089705e-01
5.584570196089999808e+04	9.762209703598578869e-01
5.584589796090000164e+04	9.875763668209014412e-01
5.584609296090000134e+04	1.047361098494839382e+00
5.584628796090000105e+04	9.651427800507086374e-01
5.584648296090000076e+04	9.693761377989122963e-01
5.584667896089999704e+04	1.017313873172255967e+00
5.584687396089999675e+04	9.712900664573531628e-01
5.584706896089999645e+04	9.332131679600692564e-01
5.584726496090000001e+04	9.973549957393892385e-01
5.584745996089999971e+04	9.760995390601561184e-01
5.584765496089999942e+04	9.648192503121890695e-01
5.584785096090000297e+04	9.573516079337949236e-01
5.584804596090000268e+04	1.003666237320871346e+00
5.584824096090000239e+04	9.972745507679388055e-01
5.584843696089999867e+04	9.853742054918228632e-01
5.584863196089999838e+04	9.582561142242909114e-01
5.584882696089999808e+04	9.568341055574887122e-01
5.584902296090000164e+04	9.323486188992156087e-01
5.584921796090000134e+04	9.707371110244888968e-01
5.584941296090000105e+04	9.754497922897620299e-01
5.584960796090000076e+04	9.713675317771901518e-01
5.584980396089999704e+04	9.128915434748403612e-01
5.584999896089999675e+04	9.706084659962339600e-01
5.585019396089999645e+04	9.670957865716651725e-01
5.585038996090000001e+04	1.004194891940047185e+00
5.585058496089999971e+04	9.750846962567099041e-01
5.585077996089999942e+04	1.000011541042599816e+00
5.585097596090000297e+04	9.371578372938227375e-01
5.585117096090000268e+04	9.781118373029791258e-01
5.585136596090000239e+04	9.856494648488656196e-01
5.585156196089999867e+04	9.875661210135113777e-01
5.585175696089999838e+04	9.627395624024543963e-01
5.585195196089999808e+04	9.625905367372098453e-01
5.585214796090000164e+04	9.934282825519051841e-01
5.585234296090000134e+04	1.000819474909794948e+00
5.585253796090000105e+04	9.808949062811791464e-01
5.585273296090000076e+04	9.476106584672372435e-01
5.585292896089999704e+04	9.698433292775803238e-01
5.585312396089999675e+04	9.455734268715954016e-01
5.585331896089999645e+04	9.725732944911023026e-01
5.585351496090000001e+04	9.590297749498422064e-01
5.585370996089999971e+04	9.398015884208419379e-01
5.585390496089999942e+04	9.463822348474870694e-01
5.585410096090000297e+04	1.003818945409927110e+00
5.585429596090000268e+04	9.866384631910172232e-01
5.585449096090000239e+04	9.567555410207937427e-01
5.585468696089999867e+04	9.446787938250622574e-01
5.585488196089999838e+04	9.376308346139836658e-01
5.585507696089999808e+04	9.340008898599361231e-01
5.585527296090000164e+04	9.556091358831686478e-01
5.585546796090000134e+04	9.760505633472185139e-01
5.585566296090000105e+04	9.534367432870354264e-01
5.585585796090000076e+04	9.618629275303884896e-01
5.585605396089999704e+04	9.352638239903932060e-01
5.585624896089999675e+04	9.526507118621339032e-01
5.585644396089999645e+04	9.759088924292029787e-01
5.585663996090000001e+04	9.986655366279109103e-01
5.585683496089999971e+04	9.557511022906588494e-01
5.585702996089999942e+04	9.576864616154612264e-01
5.585722596090000297e+04	9.491178563396918122e-01
5.585742096090000268e+04	9.139837735294271681e-01
5.585761596090000239e+04	9.698679549495796692e-01
5.585781196089999867e+04	9.714441205461294970e-01
5.585800696089999838e+04	9.757058030336125398e-01
5.585820196089999808e+04	9.448646886513234477e-01
5.585839796090000164e+04	9.605250332220389708e-01
5.585859296090000134e+04	9.756538476181155772e-01
5.585878796090000105e+04	9.759833639501263036e-01
5.585898296090000076e+04	9.532060142091580701e-01
5.585917896089999704e+04	9.597778979494684393e-01
5.585937396089999675e+04	9.475371513118986400e-01
5.585956896089999645e+04	9.544464528512506263e-01
5.585976496090000001e+04	9.651468997455658894e-01
5.585995996089999971e+04	1.026274258278501605e+00
5.586015496089999942e+04	9.774804552174991557e-01
5.586035096090000297e+04	9.478435465943633176e-01
5.586054596090000268e+04	9.162702333459051829e-01
5.586074096090000239e+04	9.469540859766780727e-01
5.586093696089999867e+04	9.526108965754875868e-01
5.586113196089999838e+04	1.010798632395388807e+00
5.586132696089999808e+04	9.787573944673493287e-01
5.586152296090000164e+04	9.509119324656527539e-01
5.586171796090000134e+04	9.558235320177068672e-01
5.586191296090000105e+04	9.449811024690042416e-01
5.586210796090000076e+04	9.883368211640526368e-01
5.586230396089999704e+04	9.967986156223425098e-01
5.586249896089999675e+04	9.512937976807922524e-01
5.586269396089999645e+04	9.768277671774594495e-01
5.586288996090000001e+04	9.879453881037179030e-01
5.586308496089999971e+04	9.595747593958314781e-01
5.586327996089999942e+04	9.933998289272913951e-01
5.586347596090000297e+04	1.019664738738342180e+00
5.586367096090000268e+04	9.967384774743770492e-01
5.586386596090000239e+04	9.823897633937939133e-01
5.586406196089999867e+04	9.916762640902554438e-01
5.586425696089999838e+04	1.001613290820046132e+00
5.586445196089999808e+04	9.682731932283257237e-01
5.586464796090000164e+04	9.942986844582470951e-01
5.586484296090000134e+04	1.004769476630269054e+00
5.586503796090000105e+04	9.673723079254195056e-01
5.586523296090000076e+04	9.543770005071383622e-01
5.586542896089999704e+04	9.806216069437887484e-01
5.586562396089999675e+04	9.659805536303096574e-01
5.586581896089999645e+04	1.012342534750946044e+00
5.586601496090000001e+04	9.576660320799845749e-01
5.586620996089999971e+04	9.719266066317544528e-01
5.586640496089999942e+04	9.753346654160317541e-01
5.586660096090000297e+04	9.599544701572391148e-01
5.586679596090000268e+04	9.785381224910061349e-01
5.586699096090000239e+04	9.928494853926572716e-01
5.586718696089999867e+04	9.828761455530194979e-01
5.586738196089999838e+04	9.595839651077220367e-01
5.586757696089999808e+04	9.934864153904925388e-01
5.586777296090000164e+04	1.007876422586411636e+00
5.586796796090000134e+04	9.832065259230340359e-01
5.586816296090000105e+04	1.006404508402933828e+00
5.586835796090000076e+04	1.007328337209067115e+00
5.586855396089999704e+04	9.578078986235620818e-01
5.586874896089999675e+04	9.693415209226152740e-01
5.586894396089999645e+04	1.001925033585637337e+00
5.586913996090000001e+04	1.027013199137316590e+00
5.586933496089999971e+04	1.005019048253956271e+00
5.586952996089999942e+04	9.810305912351289237e-01
5.586972596090000297e+04	9.917527003352084591e-01
5.586992096090000268e+04	1.012924009277739401e+00
5.587011596090000239e+04	1.002701397181445131e+00
5.587031196089999867e+04	1.008936771106581531e+00
5.587050696089999838e+04	9.623222005402887191e-01
5.587070196089999808e+04	1.029106711532449481e+00
5.587089796090000164e+04	9.908516476924962291e-01
5.587109296090000134e+04	9.894245686235514370e-01
5.587128796090000105e+04	1.023882335552698919e+00
5.587148296090000076e+04	9.763106854410263935e-01
5.587167896089999704e+04	9.952965172283754214e-01
5.587187396089999675e+04	9.857616520526022441e-01
5.587206896089999645e+04	1.020971957744601255e+00
5.587226496090000001e+04	1.011020583248205540e+00
5.587245996089999971e+04	9.730119457177561770e-01
5.587265496089999942e+04	1.012710211653743642e+00
5.587285096090000297e+04	9.828291982374004476e-01
5.587304596090000268e+04	9.533928952865657891e-01
5.587324096090000239e+04	9.673100799435285779e-01
5.587343696089999867e+04	9.708156297211623098e-01
5.587363196089999838e+04	9.893083706227390195e-01
5.587382696089999808e+04	9.691700132809373258e-01
5.587402296090000164e+04	1.002241848289063597e+00
5.587421796090000134e+04	9.817157490842713941e-01
5.587441296090000105e+04	9.661713669724214526e-01
5.587460796090000076e+04	9.857085799515274971e-01
5.587480396089999704e+04	9.972816411408267356e-01
5.587499896089999675e+04	9.920462727828986971e-01
5.587519396089999645e+04	9.669734325227778982e-01
5.587538996090000001e+04	1.018400215223820737e+00
5.587558496089999971e+04	1.008011867035492060e+00
