# time(sec)	crack length FEA(mm)
6.037421796090000134e+04	1.015141915510875847e+00
6.037441296090000105e+04	9.945810198528448609e-01
6.037460796090000076e+04	9.817617350694334277e-01
6.037480396089999704e+04	9.720378066412536100e-01
6.037499896089999675e+04	1.027503832038972220e+00
6.037519396089999645e+04	1.001761023440391085e+00
6.037538996090000001e+04	1.023614598760854477e+00
6.037558496089999971e+04	1.027656475214691056e+00
6.037577996089999942e+04	1.026984698056521594e+00
6.037597596090000297e+04	9.643805366561348791e-01
6.037617096090000268e+04	9.906172511148483295e-01
6.037636596090000239e+04	1.006364782438344818e+00
6.037656196089999867e+04	9.819483058741269588e-01
6.037675696089999838e+04	9.934802869352559185e-01
6.037695196089999808e+04	1.033588258062360765e+00
6.037714796090000164e+04	1.025748103056169924e+00
6.037734296090000134e+04	1.031546011470185320e+00
6.037753796090000105e+04	9.877526465633863495e-01
6.037773296090000076e+04	1.038542852928195259e+00
6.037792896089999704e+04	1.032533024458752280e+00
6.037812396089999675e+04	1.014748821845671500e+00
6.037831896089999645e+04	1.009660850376118191e+00
6.037851496090000001e+04	1.000399713305753835e+00
6.037870996089999971e+04	9.725519137624711874e-01
6.037890496089999942e+04	9.873020929249172184e-01
6.037910096090000297e+04	9.882134372508488696e-01
6.037929596090000268e+04	1.000555593110416197e+00
6.037949096090000239e+04	9.913602724852594861e-01
6.037968696089999867e+04	9.727253249412655123e-01
6.037988196089999838e+04	1.021839258235047510e+00
6.038007696089999808e+04	9.836888625615998194e-01
6.038027296090000164e+04	9.941122099511563448e-01
6.038046796090000134e+04	9.948399775722460703e-01
6.038066296090000105e+04	1.005831975618750818e+00
6.038085796090000076e+04	9.819451525768343458e-01
6.038105396089999704e+04	9.844546078405329581e-01
6.038124896089999675e+04	9.911380514497665217e-01
6.038144396089999645e+04	9.758925086635095170e-01
6.038163996090000001e+04	9.709819553064242825e-01
6.038183496089999971e+04	9.976719585476150343e-01
6.038202996089999942e+04	1.032320363846356059e+00
6.038222596090000297e+04	1.006443184278584368e+00
6.038242096090000268e+04	1.007968118912369704e+00
6.038261596090000239e+04	1.028286445827593099e+00
6.038281196089999867e+04	1.024630531169298919e+00
6.038300696089999838e+04	9.823122461449802501e-01
6.038320196089999808e+04	1.029378407950138907e+00
6.038339796090000164e+04	1.009236169521461335e+00
6.038359296090000134e+04	9.832666981027688990e-01
6.038378796090000105e+04	9.813750996728423104e-01
6.038398296090000076e+04	1.019061039655483114e+00
6.038417896089999704e+04	9.723989183193442187e-01
6.038437396089999675e+04	1.007803100271056351e+00
6.038456896089999645e+04	1.037822620328723744e+00
6.038476496090000001e+04	1.025286986401026113e+00
6.038495996089999971e+04	9.713390519093216824e-01
6.038515496089999942e+04	9.917302860664669595e-01
6.038535096090000297e+04	9.989589366882185573e-01
6.038554596090000268e+04	9.832279847235607662e-01
6.038574096090000239e+04	1.009756651873985334e+00
6.038593696089999867e+04	1.008771759155013825e+00
6.038613196089999838e+04	9.862438496098224761e-01
6.038632696089999808e+04	9.940153827086657401e-01
6.038652296090000164e+04	1.030429672606441471e+00
6.038671796090000134e+04	9.982079233797058748e-01
6.038691296090000105e+04	1.031721005592260099e+00
6.038710796090000076e+04	1.031393305760630597e+00
6.038730396089999704e+04	1.007789800733904784e+00
6.038749896089999675e+04	1.026906276195365564e+00
6.038769396089999645e+04	1.018822809133537177e+00
6.038788996090000001e+04	1.003335089321900853e+00
6.038808496089999971e+04	1.010525587149839311e+00
6.038827996089999942e+04	1.014276383627127132e+00
6.038847596090000297e+04	1.014445381300909332e+00
6.038867096090000268e+04	1.016343461442122731e+00
6.038886596090000239e+04	1.023007939100178731e+00
6.038906196089999867e+04	1.019946774582599858e+00
6.038925696089999838e+04	9.975955412210186779e-01
6.038945196089999808e+04	9.889229955186564780e-01
6.038964796090000164e+04	1.006615299916296280e+00
6.038984296090000134e+04	1.005150483594302813e+00
6.039003796090000105e+04	1.004362998333059309e+00
6.039023296090000076e+04	1.002725814024511664e+00
6.039042896089999704e+04	1.024530767279610899e+00
6.039062396089999675e+04	1.017389265384615271e+00
6.039081896089999645e+04	1.007652342584027139e+00
6.039101496090000001e+04	1.051872753277805828e+00
6.039120996089999971e+04	9.648948081767514395e-01
6.039140496089999942e+04	9.893704538750114352e-01
6.039160096090000297e+04	9.973376637662401123e-01
6.039179596090000268e+04	1.011383118952878135e+00
6.039199096090000239e+04	9.993420494250297992e-01
6.039218696089999867e+04	1.019716686055751609e+00
6.039238196089999838e+04	1.006893377366321118e+00
6.039257696089999808e+04	1.005748496515412427e+00
6.039277296090000164e+04	1.009369593965397272e+00
6.039296796090000134e+04	1.042233332346974350e+00
6.039316296090000105e+04	9.811793269889950153e-01
6.039335796090000076e+04	9.902756776897998492e-01
6.039355396089999704e+04	9.899770924638957581e-01
6.039374896089999675e+04	1.001026377208589224e+00
6.039394396089999645e+04	9.936454044803060270e-01
6.039413996090000001e+04	9.845809889269325765e-01
6.039433496089999971e+04	1.000168473677121028e+00
6.039452996089999942e+04	1.004918239833321181e+00
6.039472596090000297e+04	1.021926791047215843e+00
6.039492096090000268e+04	1.001433874976333627e+00
6.039511596090000239e+04	1.053126334047469470e+00
6.039531196089999867e+04	1.024049254194967062e+00
6.039550696089999838e+04	9.939960347226168835e-01
6.039570196089999808e+04	9.655897189849227402e-01
6.039589796090000164e+04	1.008912360608684722e+00
6.039609296090000134e+04	1.009301350736340197e+00
6.039628796090000105e+04	1.002692208040496524e+00
6.039648296090000076e+04	1.011618449272045694e+00
6.039667896089999704e+04	1.032844363868354876e+00
6.039687396089999675e+04	1.017391189544696317e+00
6.039706896089999645e+04	1.007922183296884100e+00
6.039726496090000001e+04	1.023104648923032656e+00
6.039745996089999971e+04	1.028491973857988739e+00
6.039765496089999942e+04	9.998576707888631177e-01
6.039785096090000297e+04	1.033116017732281122e+00
6.039804596090000268e+04	1.072540813950034533e+00
6.039824096090000239e+04	9.739035062945067267e-01
6.039843696089999867e+04	1.018525454927150520e+00
6.039863196089999838e+04	1.065059034785175385e+00
6.039882696089999808e+04	1.020808078311477018e+00
6.039902296090000164e+04	1.014690828173867132e+00
6.039921796090000134e+04	1.013878202185821920e+00
6.039941296090000105e+04	1.036849022136765441e+00
6.039960796090000076e+04	1.015204106639526316e+00
6.039980396089999704e+04	1.008693277461079063e+00
6.039999896089999675e+04	1.064037752970630635e+00
6.040019396089999645e+04	1.000231666560809529e+00
6.040038996090000001e+04	1.019372554835772604e+00
6.040058496089999971e+04	1.009948078739142829e+00
6.040077996089999942e+04	1.025617742766174345e+00
6.040097596090000297e+04	9.966456876043565671e-01
6.040117096090000268e+04	1.038631460483792068e+00
6.040136596090000239e+04	1.026473771067761831e+00
6.040156196089999867e+04	1.007316174890970473e+00
6.040175696089999838e+04	1.015518646069732966e+00
6.040195196089999808e+04	1.018881842248692493e+00
6.040214796090000164e+04	1.034219033498422036e+00
6.040234296090000134e+04	1.006874127300964261e+00
6.040253796090000105e+04	1.012889367894100445e+00
6.040273296090000076e+04	9.958559962226747331e-01
6.040292896089999704e+04	1.011820009159569267e+00
6.040312396089999675e+04	9.958131887946564120e-01
6.040331896089999645e+04	1.009586483651748523e+00
6.040351496090000001e+04	1.027208684160711982e+00
6.040370996089999971e+04	1.023131143498723361e+00
6.040390496089999942e+04	1.009668024565520739e+00
6.040410096090000297e+04	1.009564173589300395e+00
6.040429596090000268e+04	1.013083918852030862e+00
6.040449096090000239e+04	1.022186414453685188e+00
6.040468696089999867e+04	1.054540441424130393e+00
6.040488196089999838e+04	1.045193009876632217e+00
6.040507696089999808e+04	1.052354665683786550e+00
6.040527296090000164e+04	1.011024695049830058e+00
6.040546796090000134e+04	9.905836281077089467e-01
6.040566296090000105e+04	1.031542952120972245e+00
6.040585796090000076e+04	1.012263015019076562e+00
6.040605396089999704e+04	1.015592032176188653e+00
6.040624896089999675e+04	9.897802518365743651e-01
6.040644396089999645e+04	1.032279632086556376e+00
6.040663996090000001e+04	1.011706981862634080e+00
6.040683496089999971e+04	9.984035567411311263e-01
6.040702996089999942e+04	1.014459726804084028e+00
6.040722596090000297e+04	1.040416649095472934e+00
6.040742096090000268e+04	9.825723001946347068e-01
6.040761596090000239e+04	9.902073799317143710e-01
6.040781196089999867e+04	1.035054389792051666e+00
6.040800696089999838e+04	1.016804750853408379e+00
6.040820196089999808e+04	1.016577605853665744e+00
6.040839796090000164e+04	1.019295157423350418e+00
6.040859296090000134e+04	1.032056742470109256e+00
6.040878796090000105e+04	1.032903362316009321e+00
6.040898296090000076e+04	1.003484824093723304e+00
6.040917896089999704e+04	1.005595713250279744e+00
6.040937396089999675e+04	1.037588684241217862e+00
6.040956896089999645e+04	1.060346545177679900e+00
6.040976496090000001e+04	1.042156096418420219e+00
6.040995996089999971e+04	1.052162443364245803e+00
6.041015496089999942e+04	9.902196385180399574e-01
6.041035096090000297e+04	9.892655514733270650e-01
6.041054596090000268e+04	1.024284372293177370e+00
6.041074096090000239e+04	1.029606392776107882e+00
6.041093696089999867e+04	1.011671376403686651e+00
6.041113196089999838e+04	1.050909859961318915e+00
6.041132696089999808e+04	1.002552620179294252e+00
6.041152296090000164e+04	1.024520537304162815e+00
6.041171796090000134e+04	1.014223374793658650e+00
6.041191296090000105e+04	1.052288553956888251e+00
6.041210796090000076e+04	1.026925684974296260e+00
6.041230396089999704e+04	1.020036325732165849e+00
6.041249896089999675e+04	1.039927330219182267e+00
6.041269396089999645e+04	1.018131454900267130e+00
6.041288996090000001e+04	1.062068213900694502e+00
6.041308496089999971e+04	1.004047174362572292e+00
6.041327996089999942e+04	1.023137176912840118e+00
6.041347596090000297e+04	1.031428969230749004e+00
6.041367096090000268e+04	1.022871530365772941e+00
6.041386596090000239e+04	1.000779827183606585e+00
6.041406196089999867e+04	1.031437098396628116e+00
6.041425696089999838e+04	1.060395348311953256e+00
6.041445196089999808e+04	1.009621129825077901e+00
6.041464796090000164e+04	1.024007546503218791e+00
6.041484296090000134e+04	1.002546494047592773e+00
6.041503796090000105e+04	1.019105816933173259e+00
6.041523296090000076e+04	1.035541711153340927e+00
6.041542896089999704e+04	1.043463044908126136e+00
6.041562396089999675e+04	1.037038309306081985e+00
6.041581896089999645e+04	1.019546676233012761e+00
6.041601496090000001e+04	1.014665461365158450e+00
6.041620996089999971e+04	1.045717775467064570e+00
6.041640496089999942e+04	1.017996067818778272e+00
6.041660096090000297e+04	1.039495061067350790e+00
6.041679596090000268e+04	1.029385576217862308e+00
6.041699096090000239e+04	1.038263134017507028e+00
6.041718696089999867e+04	9.911228163622514131e-01
6.041738196089999838e+04	1.014338489536479315e+00
6.041757696089999808e+04	1.006550111373735845e+00
6.041777296090000164e+04	1.050731949700356438e+00
6.041796796090000134e+04	1.000559706713055164e+00
6.041816296090000105e+04	9.938452774806592060e-01
6.041835796090000076e+04	1.009558049254790646e+00
6.041855396089999704e+04	1.009239231730171937e+00
6.041874896089999675e+04	1.039876562810942318e+00
6.041894396089999645e+04	1.011964704314912922e+00
6.041913996090000001e+04	1.093533924803324453e+00
6.041933496089999971e+04	9.996427059091654854e-01
6.041952996089999942e+04	1.011984037760830901e+00
6.041972596090000297e+04	1.053187290940726939e+00
6.041992096090000268e+04	1.051173185671569144e+00
6.042011596090000239e+04	1.031119621817612853e+00
6.042031196089999867e+04	1.029205407274860207e+00
6.042050696089999838e+04	1.021028974231327879e+00
6.042070196089999808e+04	9.977748983402801031e-01
6.042089796090000164e+04	1.026375064028574258e+00
6.042109296090000134e+04	1.017162125944292228e+00
6.042128796090000105e+04	9.921420573470207671e-01
6.042148296090000076e+04	1.016681601271848479e+00
6.042167896089999704e+04	1.012888405632725863e+00
6.042187396089999675e+04	1.030122322787736522e+00
6.042206896089999645e+04	1.020209392871215925e+00
6.042226496090000001e+04	1.034155930485145092e+00
6.042245996089999971e+04	1.029696956696096066e+00
6.042265496089999942e+04	1.027075359351911743e+00
6.042285096090000297e+04	9.795946918272591120e-01
6.042304596090000268e+04	9.675059660723448474e-01
6.042324096090000239e+04	1.019105816933173259e+00
6.042343696089999867e+04	1.022144703507333219e+00
6.042363196089999838e+04	1.019306351640892672e+00
6.042382696089999808e+04	1.034700254035175959e+00
6.042402296090000164e+04	1.035978159460226422e+00
6.042421796090000134e+04	9.840589948160864964e-01
6.042441296090000105e+04	1.022984592275918203e+00
6.042460796090000076e+04	1.059306813862859187e+00
6.042480396089999704e+04	1.052095457757321384e+00
6.042499896089999675e+04	1.007283537848500998e+00
6.042519396089999645e+04	1.017772082725352689e+00
6.042538996090000001e+04	1.009926731395061950e+00
6.042558496089999971e+04	1.050742168440541136e+00
6.042577996089999942e+04	1.044503467628841165e+00
6.042597596090000297e+04	1.050510280565728038e+00
6.042617096090000268e+04	1.060272423589301738e+00
6.042636596090000239e+04	1.023850770397981336e+00
6.042656196089999867e+04	1.006211915610574437e+00
6.042675696089999838e+04	1.042898564479383339e+00
6.042695196089999808e+04	1.047336727265967937e+00
6.042714796090000164e+04	1.030715602287822108e+00
6.042734296090000134e+04	1.001217961538964474e+00
6.042753796090000105e+04	1.021956347508714558e+00
6.042773296090000076e+04	1.036939645959719769e+00
6.042792896089999704e+04	1.049284075876741440e+00
6.042812396089999675e+04	9.781179696961288528e-01
6.042831896089999645e+04	1.001536798571363462e+00
6.042851496090000001e+04	9.965225216263267072e-01
6.042870996089999971e+04	1.007209163724587242e+00
6.042890496089999942e+04	1.051187421771356156e+00
6.042910096090000297e+04	1.052972893154603184e+00
6.042929596090000268e+04	1.011679512299474837e+00
6.042949096090000239e+04	1.022266863033285844e+00
6.042968696089999867e+04	9.989762674860713787e-01
6.042988196089999838e+04	9.801382448976880823e-01
6.043007696089999808e+04	1.016864751058673022e+00
6.043027296090000164e+04	1.003942248822568217e+00
6.043046796090000134e+04	1.057201806157614499e+00
6.043066296090000105e+04	9.982283183417965944e-01
6.043085796090000076e+04	1.011227309759730630e+00
6.043105396089999704e+04	1.012528867079186767e+00
6.043124896089999675e+04	1.023897549767497139e+00
6.043144396089999645e+04	1.007729777730707710e+00
6.043163996090000001e+04	1.014217339126943784e+00
6.043183496089999971e+04	9.980194661043046978e-01
6.043202996089999942e+04	9.927190330321131739e-01
6.043222596090000297e+04	1.006792576852111765e+00
6.043242096090000268e+04	1.031826770648201830e+00
6.043261596090000239e+04	1.007253000736220372e+00
6.043281196089999867e+04	9.939593522988570129e-01
6.043300696089999838e+04	1.038051485726363410e+00
6.043320196089999808e+04	9.946605108912383031e-01
6.043339796090000164e+04	1.001798656604151461e+00
6.043359296090000134e+04	9.813629241477102028e-01
6.043378796090000105e+04	1.011713105646293798e+00
6.043398296090000076e+04	1.012506384804947146e+00
6.043417896089999704e+04	9.784432470979638197e-01
6.043437396089999675e+04	1.000486361947011460e+00
6.043456896089999645e+04	1.006704026049554557e+00
6.043476496090000001e+04	1.020077078390201564e+00
6.043495996089999971e+04	1.032451561595685519e+00
6.043515496089999942e+04	1.048281421719533313e+00
6.043535096090000297e+04	1.014614465250964770e+00
6.043554596090000268e+04	9.927138674541957641e-01
6.043574096090000239e+04	1.002878703152179085e+00
6.043593696089999867e+04	1.013037030816445139e+00
6.043613196089999838e+04	1.029818028581225064e+00
6.043632696089999808e+04	1.012115347312061431e+00
6.043652296090000164e+04	1.018847209505494789e+00
6.043671796090000134e+04	1.028529739768902829e+00
6.043691296090000105e+04	9.850306304289233594e-01
6.043710796090000076e+04	9.873031437887576089e-01
6.043730396089999704e+04	1.019603696123283498e+00
6.043749896089999675e+04	1.012438238015631597e+00
6.043769396089999645e+04	9.750031249637558517e-01
6.043788996090000001e+04	9.978645326286894601e-01
6.043808496089999971e+04	1.000176613490070920e+00
6.043827996089999942e+04	9.965673411601336795e-01
6.043847596090000297e+04	1.001825174821174613e+00
6.043867096090000268e+04	1.011634721096900336e+00
6.043886596090000239e+04	1.009879924651732708e+00
6.043906196089999867e+04	9.877670080947194009e-01
6.043925696089999838e+04	9.892257970205964313e-01
6.043945196089999808e+04	1.003274967615386259e+00
6.043964796090000164e+04	1.011485999704746064e+00
6.043984296090000134e+04	1.013825279943556978e+00
6.044003796090000105e+04	9.714032849172049566e-01
6.044023296090000076e+04	1.021449422892612091e+00
6.044042896089999704e+04	9.526435205597465483e-01
6.044062396089999675e+04	9.820196053186176499e-01
6.044081896089999645e+04	9.908098820155046837e-01
6.044101496090000001e+04	9.919279861967247314e-01
6.044120996089999971e+04	9.806165263496335882e-01
6.044140496089999942e+04	9.768869916854505675e-01
6.044160096090000297e+04	9.993165787893172336e-01
6.044179596090000268e+04	9.717644061647039422e-01
6.044199096090000239e+04	9.762311334132807161e-01
6.044218696089999867e+04	9.788675991208393157e-01
6.044238196089999838e+04	9.773469403468837413e-01
6.044257696089999808e+04	9.629967609876644019e-01
6.044277296090000164e+04	9.435410229269169946e-01
6.044296796090000134e+04	9.810509132536679999e-01
6.044316296090000105e+04	9.911217656662039133e-01
6.044335796090000076e+04	9.738525108009277176e-01
6.044355396089999704e+04	9.758833968317475183e-01
6.044374896089999675e+04	9.639406754179589143e-01
6.044394396089999645e+04	9.695944420609485803e-01
6.044413996090000001e+04	9.814506053090852333e-01
6.044433496089999971e+04	9.904754912929369937e-01
6.044452996089999942e+04	9.996977602094769821e-01
6.044472596090000297e+04	9.913714797956370006e-01
6.044492096090000268e+04	9.704331115442492717e-01
6.044511596090000239e+04	9.857962451904160872e-01
6.044531196089999867e+04	9.731895594999642185e-01
6.044550696089999838e+04	9.753018970874354210e-01
6.044570196089999808e+04	9.675416373336567233e-01
6.044589796090000164e+04	9.782179274829267968e-01
6.044609296090000134e+04	9.643407408540980441e-01
6.044628796090000105e+04	9.585060837200671813e-01
6.044648296090000076e+04	9.748194790163022816e-01
6.044667896089999704e+04	9.729232697694829568e-01
6.044687396089999675e+04	9.590991261363299714e-01
6.044706896089999645e+04	9.750989777756480237e-01
6.044726496090000001e+04	9.693087443910890499e-01
6.044745996089999971e+04	9.685690695582493959e-01
6.044765496089999942e+04	9.548589535357070446e-01
6.044785096090000297e+04	9.650979016268017574e-01
6.044804596090000268e+04	9.917354518568330946e-01
6.044824096090000239e+04	9.510140210518045478e-01
6.044843696089999867e+04	9.635130783736567395e-01
6.044863196089999838e+04	1.002788037479547256e+00
6.044882696089999808e+04	9.704718456216472333e-01
6.044902296090000164e+04	9.904367020167583746e-01
6.044921796090000134e+04	1.002641186365069714e+00
6.044941296090000105e+04	9.824397772142816621e-01
6.044960796090000076e+04	1.005603851215148836e+00
6.044980396089999704e+04	9.848776271498849155e-01
6.044999896089999675e+04	9.777712241992801978e-01
6.045019396089999645e+04	9.930674880848400221e-01
6.045038996090000001e+04	9.710196369170702724e-01
6.045058496089999971e+04	9.830474674383626876e-01
6.045077996089999942e+04	9.630794251135945672e-01
6.045097596090000297e+04	9.329453805093415042e-01
6.045117096090000268e+04	9.860297256682351019e-01
6.045136596090000239e+04	9.842383658887499109e-01
6.045156196089999867e+04	1.013773319809800455e+00
6.045175696089999838e+04	9.492558264798471868e-01
6.045195196089999808e+04	1.004894787813384482e+00
6.045214796090000164e+04	9.848491633523703825e-01
6.045234296090000134e+04	9.740340612727553804e-01
6.045253796090000105e+04	9.865089402764244397e-01
6.045273296090000076e+04	9.866333838742420426e-01
6.045292896089999704e+04	9.724243300013117874e-01
6.045312396089999675e+04	1.008684090623862772e+00
6.045331896089999645e+04	9.373304516821221455e-01
6.045351496090000001e+04	1.004476060374791757e+00
6.045370996089999971e+04	9.925406886200338619e-01
6.045390496089999942e+04	9.789766644349224833e-01
6.045410096090000297e+04	1.013979060283190847e+00
6.045429596090000268e+04	1.007713328251613305e+00
6.045449096090000239e+04	9.888200176162271759e-01
6.045468696089999867e+04	9.912766552772307449e-01
6.045488196089999838e+04	9.602646519476021325e-01
6.045507696089999808e+04	1.013673510548919410e+00
6.045527296090000164e+04	9.449044290761232645e-01
6.045546796090000134e+04	9.673191950383053239e-01
6.045566296090000105e+04	1.022737132023518569e+00
6.045585796090000076e+04	9.289304925877850394e-01
6.045605396089999704e+04	9.934782732996190191e-01
6.045624896089999675e+04	9.827141068538374213e-01
6.045644396089999645e+04	9.781984791118922828e-01
6.045663996090000001e+04	9.869014477223316817e-01
6.045683496089999971e+04	1.006457359583848188e+00
6.045702996089999942e+04	9.819431379700169771e-01
6.045722596090000297e+04	9.707279095978655903e-01
6.045742096090000268e+04	9.773785669681913646e-01
6.045761596090000239e+04	9.856657543584006476e-01
6.045781196089999867e+04	9.893175649086245471e-01
6.045800696089999838e+04	9.914877553309242586e-01
6.045820196089999808e+04	9.772480302282779974e-01
6.045839796090000164e+04	9.864641018897266633e-01
6.045859296090000134e+04	9.972551178833199970e-01
6.045878796090000105e+04	9.843414510969630271e-01
6.045898296090000076e+04	1.008436569651532722e+00
6.045917896089999704e+04	9.882807774498569842e-01
6.045937396089999675e+04	9.645479587995957615e-01
6.045956896089999645e+04	9.534521777641131735e-01
6.045976496090000001e+04	1.027216814764301489e+00
6.045995996089999971e+04	9.950548980935067789e-01
6.046015496089999942e+04	9.885906800313382092e-01
6.046035096090000297e+04	9.793152455569771320e-01
6.046054596090000268e+04	9.989151719912481298e-01
6.046074096090000239e+04	9.932449530661351389e-01
6.046093696089999867e+04	9.898343656580230743e-01
6.046113196089999838e+04	1.032517728341510121e+00
6.046132696089999808e+04	1.032950298754609975e+00
6.046152296090000164e+04	9.969188914644924182e-01
6.046171796090000134e+04	9.775805032741669010e-01
6.046191296090000105e+04	9.956531636201955138e-01
6.046210796090000076e+04	9.987562179379381178e-01
6.046230396089999704e+04	1.003367644243976287e+00
6.046249896089999675e+04	1.014134851528966763e+00
6.046269396089999645e+04	1.014773313851804915e+00
6.046288996090000001e+04	1.011733489086310556e+00
6.046308496089999971e+04	1.018101981163004766e+00
6.046327996089999942e+04	1.011180505564432508e+00
6.046347596090000297e+04	1.001941312012515795e+00
6.046367096090000268e+04	9.780129303450362244e-01
6.046386596090000239e+04	9.698351791385650955e-01
6.046406196089999867e+04	1.030584307579804459e+00
6.046425696089999838e+04	9.933570171021557371e-01
6.046445196089999808e+04	9.927230604310661732e-01
6.046464796090000164e+04	1.005221801402544912e+00
6.046484296090000134e+04	9.930990939327024591e-01
6.046503796090000105e+04	9.869300842250332551e-01
6.046523296090000076e+04	1.002841946839865273e+00
6.046542896089999704e+04	1.021476881220667821e+00
6.046562396089999675e+04	1.007310049980231881e+00
6.046581896089999645e+04	9.544301420915459744e-01
6.046601496090000001e+04	9.884735147350447448e-01
6.046620996089999971e+04	1.034187569412940988e+00
6.046640496089999942e+04	9.829802000958931529e-01
6.046660096090000297e+04	9.544718835834800075e-01
6.046679596090000268e+04	1.008644368448965878e+00
6.046699096090000239e+04	1.005678230335522727e+00
6.046718696089999867e+04	9.796914898528275017e-01
6.046738196089999838e+04	9.842770776332887550e-01
6.046757696089999808e+04	1.033643146763303378e+00
6.046777296090000164e+04	1.017591826112802522e+00
6.046796796090000134e+04	9.723763982889899182e-01
6.046816296090000105e+04	1.031528704289470966e+00
6.046835796090000076e+04	1.015091970056833048e+00
6.046855396089999704e+04	9.917027059804066624e-01
6.046874896089999675e+04	1.001258658789208056e+00
6.046894396089999645e+04	1.008121849463222475e+00
6.046913996090000001e+04	1.026629480810786532e+00
6.046933496089999971e+04	1.005279818063796071e+00
6.046952996089999942e+04	9.670325061172526659e-01
6.046972596090000297e+04	1.016748773849606380e+00
6.046992096090000268e+04	1.000438486423444573e+00
6.047011596090000239e+04	1.017261920627541727e+00
6.047031196089999867e+04	1.022231185870568382e+00
6.047050696089999838e+04	9.625130430249289049e-01
6.047070196089999808e+04	1.004890674956765650e+00
6.047089796090000164e+04	1.038491033958624854e+00
6.047109296090000134e+04	9.668815789292040108e-01
6.047128796090000105e+04	9.587490364905839613e-01
6.047148296090000076e+04	9.897344563871808276e-01
6.047167896089999704e+04	1.000672786746729770e+00
6.047187396089999675e+04	1.013805860512855261e+00
6.047206896089999645e+04	9.785299753113498866e-01
6.047226496090000001e+04	9.554999641084016559e-01
6.047245996089999971e+04	9.995774983465270935e-01
6.047265496089999942e+04	1.012446373650250919e+00
6.047285096090000297e+04	9.803349896704887101e-01
6.047304596090000268e+04	9.890810517258969981e-01
6.047324096090000239e+04	1.007217388639087829e+00
6.047343696089999867e+04	9.964450501637180935e-01
6.047363196089999838e+04	1.029994084363641704e+00
6.047382696089999808e+04	1.027508902675604574e+00
6.047402296090000164e+04	1.001475709620290644e+00
