# time(sec)	crack length FEA(mm)
4.588202996089999942e+04	8.424954399385242709e-01
4.588222596090000297e+04	8.252452523605047219e-01
4.588242096090000268e+04	8.284883745153965862e-01
4.588261596090000239e+04	8.352369571485382949e-01
4.588281196089999867e+04	8.272927843106625545e-01
4.588300696089999838e+04	8.544462754557216044e-01
4.588320196089999808e+04	8.438779497420334508e-01
4.588339796090000164e+04	8.388521087741445115e-01
4.588359296090000134e+04	8.515552529697085760e-01
4.588378796090000105e+04	8.655776170561058080e-01
4.588398296090000076e+04	8.075657759375420852e-01
4.588417896089999704e+04	8.286772142421146015e-01
4.588437396089999675e+04	8.335830915101638539e-01
4.588456896089999645e+04	8.185298396927649378e-01
4.588476496090000001e+04	8.396645306385490670e-01
4.588495996089999971e+04	8.625024016670899130e-01
4.588515496089999942e+04	8.673245528535069582e-01
4.588535096090000297e+04	7.978297793208088962e-01
4.588554596090000268e+04	8.396645306385490670e-01
4.588574096090000239e+04	8.935681543831570650e-01
4.588593696089999867e+04	8.774729489197703458e-01
4.588613196089999838e+04	8.484423819517807885e-01
4.588632696089999808e+04	8.346613955040140809e-01
4.588652296090000164e+04	8.660038714277824567e-01
4.588671796090000134e+04	7.930841705310989198e-01
4.588691296090000105e+04	8.555318274379821730e-01
4.588710796090000076e+04	8.321147875957599638e-01
4.588730396089999704e+04	8.637505498797697356e-01
4.588749896089999675e+04	8.759755905781307916e-01
4.588769396089999645e+04	8.571432025840408642e-01
4.588788996090000001e+04	8.643746305489976578e-01
4.588808496089999971e+04	8.083011619671687242e-01
4.588827996089999942e+04	8.661350230707203224e-01
4.588847596090000297e+04	8.746533070321831360e-01
4.588867096090000268e+04	8.469554976288193870e-01
4.588886596090000239e+04	8.479532350849900979e-01
4.588906196089999867e+04	8.234685768719565147e-01
4.588925696089999838e+04	8.575686024423987419e-01
4.588945196089999808e+04	8.512107359352647507e-01
4.588964796090000164e+04	8.383679134105328501e-01
4.588984296090000134e+04	8.595037138434200585e-01
4.589003796090000105e+04	8.565292188835709197e-01
4.589023296090000076e+04	8.184405305876119030e-01
4.589042896089999704e+04	8.598244917579282998e-01
4.589062396089999675e+04	8.659464764066289177e-01
4.589081896089999645e+04	8.551884238842237806e-01
4.589101496090000001e+04	8.418143974082870074e-01
4.589120996089999971e+04	8.564995107342969760e-01
4.589140496089999942e+04	8.937186641276380072e-01
4.589160096090000297e+04	8.786158756482755905e-01
4.589179596090000268e+04	8.432574877114689116e-01
4.589199096090000239e+04	8.058391264394426656e-01
4.589218696089999867e+04	8.791208152189415870e-01
4.589238196089999838e+04	8.348573254235880370e-01
4.589257696089999808e+04	8.761435421638825716e-01
4.589277296090000164e+04	8.654905327536503989e-01
4.589296796090000134e+04	8.433630913368155291e-01
4.589316296090000105e+04	8.140737266470825517e-01
4.589335796090000076e+04	8.257307072517345858e-01
4.589355396089999704e+04	8.645150244666659489e-01
4.589374896089999675e+04	8.610041564014725424e-01
4.589394396089999645e+04	8.812661624836692909e-01
4.589413996090000001e+04	8.740745943275189944e-01
4.589433496089999971e+04	8.160533937792120440e-01
4.589452996089999942e+04	8.052690140343070624e-01
4.589472596090000297e+04	8.565897268918032381e-01
4.589492096090000268e+04	8.370476981227383817e-01
4.589511596090000239e+04	8.431703227457738592e-01
4.589531196089999867e+04	8.557573498368480358e-01
4.589550696089999838e+04	8.273389696921071845e-01
4.589570196089999808e+04	8.242024298480039590e-01
4.589589796090000164e+04	8.141805076347470305e-01
4.589609296090000134e+04	8.618383417730193230e-01
4.589628796090000105e+04	8.418657002686931179e-01
4.589648296090000076e+04	8.417303196870875581e-01
4.589667896089999704e+04	8.710291506655636340e-01
4.589687396089999675e+04	8.552704558555532799e-01
4.589706896089999645e+04	8.467032732957395780e-01
4.589726496090000001e+04	8.154055091866911908e-01
4.589745996089999971e+04	8.367799223492156102e-01
4.589765496089999942e+04	8.164363640155070101e-01
4.589785096090000297e+04	8.505166053367680945e-01
4.589804596090000268e+04	8.557306961789699074e-01
4.589824096090000239e+04	8.143355976671724505e-01
4.589843696089999867e+04	8.267508774638301361e-01
4.589863196089999838e+04	8.443507408040176188e-01
4.589882696089999808e+04	8.469422143847644691e-01
4.589902296090000164e+04	8.466068717084258566e-01
4.589921796090000134e+04	8.801703342984659173e-01
4.589941296090000105e+04	8.676913876443510532e-01
4.589960796090000076e+04	8.450142782861647106e-01
4.589980396089999704e+04	8.362382284387379627e-01
4.589999896089999675e+04	8.553340137109710639e-01
4.590019396089999645e+04	8.768983860568013711e-01
4.590038996090000001e+04	8.689095302118587938e-01
4.590058496089999971e+04	8.766177417320530907e-01
4.590077996089999942e+04	8.305602151321380688e-01
4.590097596090000297e+04	8.518618081358759753e-01
4.590117096090000268e+04	8.526142692191100991e-01
4.590136596090000239e+04	8.304032371569451954e-01
4.590156196089999867e+04	9.068327796012187747e-01
4.590175696089999838e+04	8.561140851219928294e-01
4.590195196089999808e+04	8.545354514137812885e-01
4.590214796090000164e+04	8.692199568855922820e-01
4.590234296090000134e+04	8.627289063782672685e-01
4.590253796090000105e+04	8.521221686859643540e-01
4.590273296090000076e+04	7.953645676186837932e-01
4.590292896089999704e+04	8.292888043393187303e-01
4.590312396089999675e+04	8.279290487072810123e-01
4.590331896089999645e+04	8.374867410353097341e-01
4.590351496090000001e+04	8.587247558054507124e-01
4.590370996089999971e+04	8.484474729589486230e-01
4.590390496089999942e+04	8.332065449491601328e-01
4.590410096090000297e+04	8.379278291124219180e-01
4.590429596090000268e+04	8.626387131985779888e-01
4.590449096090000239e+04	8.563457392187423523e-01
4.590468696089999867e+04	8.621540005012171548e-01
4.590488196089999838e+04	8.484649039251692670e-01
4.590507696089999808e+04	8.467657967069559533e-01
4.590527296090000164e+04	8.319732001397426302e-01
4.590546796090000134e+04	8.489007004095583397e-01
4.590566296090000105e+04	8.756714447824531788e-01
4.590585796090000076e+04	8.923175331963371093e-01
4.590605396089999704e+04	8.423908368757011544e-01
4.590624896089999675e+04	8.322184392407265818e-01
4.590644396089999645e+04	8.338754830372323568e-01
4.590663996090000001e+04	8.197073626411537361e-01
4.590683496089999971e+04	8.674280532666251986e-01
4.590702996089999942e+04	8.579017412435145928e-01
4.590722596090000297e+04	8.468909135114621733e-01
4.590742096090000268e+04	8.444717737556484138e-01
4.590761596090000239e+04	8.589164580439536678e-01
4.590781196089999867e+04	8.809711434921077000e-01
4.590800696089999838e+04	8.000563252075121312e-01
4.590820196089999808e+04	8.416349026161640268e-01
4.590839796090000164e+04	8.516905784145460956e-01
4.590859296090000134e+04	8.534498017270752968e-01
4.590878796090000105e+04	8.480927293603244266e-01
4.590898296090000076e+04	8.615770385715748603e-01
4.590917896089999704e+04	8.316899786658193960e-01
4.590937396089999675e+04	8.242044753508928068e-01
4.590956896089999645e+04	8.185010900810461010e-01
4.590976496090000001e+04	8.704473060874828860e-01
4.590995996089999971e+04	8.786527348358958989e-01
4.591015496089999942e+04	8.153757503717500299e-01
4.591035096090000297e+04	8.690150743217195384e-01
4.591054596090000268e+04	8.396563362420845777e-01
4.591074096090000239e+04	8.291133153555652058e-01
4.591093696089999867e+04	8.610758862628422605e-01
4.591113196089999838e+04	8.290445932821945974e-01
4.591132696089999808e+04	8.449896564930448051e-01
4.591152296090000164e+04	8.198315703899812235e-01
4.591171796090000134e+04	8.239756160067468471e-01
4.591191296090000105e+04	8.606372638011450249e-01
4.591210796090000076e+04	8.398050685103122248e-01
4.591230396089999704e+04	7.929084184636092658e-01
4.591249896089999675e+04	8.030367355988676792e-01
4.591269396089999645e+04	8.306782762822670918e-01
4.591288996090000001e+04	8.155769965101296037e-01
4.591308496089999971e+04	8.249702042389337464e-01
4.591327996089999942e+04	8.282092112988514998e-01
4.591347596090000297e+04	8.362628679767070139e-01
4.591367096090000268e+04	8.002576989241489969e-01
4.591386596090000239e+04	8.216301169577455710e-01
4.591406196089999867e+04	8.632658683501315267e-01
4.591425696089999838e+04	7.911868847129568394e-01
4.591445196089999808e+04	7.937254499344419401e-01
4.591464796090000164e+04	8.223928237158304455e-01
4.591484296090000134e+04	8.282636460874250872e-01
4.591503796090000105e+04	8.015173299447511113e-01
4.591523296090000076e+04	8.481839810985896122e-01
4.591542896089999704e+04	8.157032717187657767e-01
4.591562396089999675e+04	7.725515934312809918e-01
4.591581896089999645e+04	7.839726110745992571e-01
4.591601496090000001e+04	8.130058114294911320e-01
4.591620996089999971e+04	8.270198047748138492e-01
4.591640496089999942e+04	7.864502426580060046e-01
4.591660096090000297e+04	7.819697370306588624e-01
4.591679596090000268e+04	7.819347790138380105e-01
4.591699096090000239e+04	8.154825256057414151e-01
4.591718696089999867e+04	8.174733748179718873e-01
4.591738196089999838e+04	8.108718419324656423e-01
4.591757696089999808e+04	8.464591767528588662e-01
4.591777296090000164e+04	8.114746822049045960e-01
4.591796796090000134e+04	8.045037106132930660e-01
4.591816296090000105e+04	8.354042057788984010e-01
4.591835796090000076e+04	8.289060378452983713e-01
4.591855396089999704e+04	8.096455607056736170e-01
4.591874896089999675e+04	8.382530532665946055e-01
4.591894396089999645e+04	8.379257847720253949e-01
4.591913996090000001e+04	8.208550849448030817e-01
4.591933496089999971e+04	8.280101243807251876e-01
4.591952996089999942e+04	8.475872008069913477e-01
4.591972596090000297e+04	8.439097701363973414e-01
4.591992096090000268e+04	8.239150702374846702e-01
4.592011596090000239e+04	8.604589126812083322e-01
4.592031196089999867e+04	7.880528554940759989e-01
4.592050696089999838e+04	8.234593277416291102e-01
4.592070196089999808e+04	8.620822738488769232e-01
4.592089796090000164e+04	8.571801474704905388e-01
4.592109296090000134e+04	8.453803604220428980e-01
4.592128796090000105e+04	8.315555898703248516e-01
4.592148296090000076e+04	8.605132219210709366e-01
4.592167896089999704e+04	8.293739743919559260e-01
4.592187396089999675e+04	8.495600172116084536e-01
4.592206896089999645e+04	7.981051364937901127e-01
4.592226496090000001e+04	8.422779869919132523e-01
4.592245996089999971e+04	8.404532943552478486e-01
4.592265496089999942e+04	8.329510215704267750e-01
4.592285096090000297e+04	8.232355488473039884e-01
4.592304596090000268e+04	8.459485224245639756e-01
4.592324096090000239e+04	8.276961166153427030e-01
4.592343696089999867e+04	8.034425290844140477e-01
4.592363196089999838e+04	8.282297598949988071e-01
4.592382696089999808e+04	8.264142578843554077e-01
4.592402296090000164e+04	7.914335356918993369e-01
4.592421796090000134e+04	8.347691342428991135e-01
4.592441296090000105e+04	8.091433818049686977e-01
4.592460796090000076e+04	8.379524669253246572e-01
4.592480396089999704e+04	8.252719485334978344e-01
4.592499896089999675e+04	7.998693180661557989e-01
4.592519396089999645e+04	8.304196763043396601e-01
4.592538996090000001e+04	8.357099175577147321e-01
4.592558496089999971e+04	8.094175514987007602e-01
4.592577996089999942e+04	8.272660903717277137e-01
4.592597596090000297e+04	8.474261760270884736e-01
4.592617096090000268e+04	8.114962330450286032e-01
4.592636596090000239e+04	8.236994953836713762e-01
4.592656196089999867e+04	8.111152399400527457e-01
4.592675696089999838e+04	8.212051323488278598e-01
4.592695196089999808e+04	8.249240143266600711e-01
4.592714796090000164e+04	8.231339130437973495e-01
4.592734296090000134e+04	8.161181045509380283e-01
4.592753796090000105e+04	8.150184212292685970e-01
4.592773296090000076e+04	7.962164977192660587e-01
4.592792896089999704e+04	8.159486672700566601e-01
4.592812396089999675e+04	8.332926971066196842e-01
4.592831896089999645e+04	8.173234995136606784e-01
4.592851496090000001e+04	7.925055028249836653e-01
4.592870996089999971e+04	8.183655784137044975e-01
4.592890496089999942e+04	7.887343642653270592e-01
4.592910096090000297e+04	8.088948028293447834e-01
4.592929596090000268e+04	8.166817521212443864e-01
4.592949096090000239e+04	7.899668095962866232e-01
4.592968696089999867e+04	7.974536637367162228e-01
4.592988196089999838e+04	7.900788533897262766e-01
4.593007696089999808e+04	8.078163537118960846e-01
4.593027296090000164e+04	8.150533314601062784e-01
4.593046796090000134e+04	8.039171624828931328e-01
4.593066296090000105e+04	8.018132162087070469e-01
4.593085796090000076e+04	8.068826888448619172e-01
4.593105396089999704e+04	7.977486023299018569e-01
4.593124896089999675e+04	7.996823536075865491e-01
4.593144396089999645e+04	7.829567988127408285e-01
4.593163996090000001e+04	7.914140064151453657e-01
4.593183496089999971e+04	7.998302819411957643e-01
4.593202996089999942e+04	8.024871276096590123e-01
4.593222596090000297e+04	8.159702229403382745e-01
4.593242096090000268e+04	7.899072381104677021e-01
4.593261596090000239e+04	8.362823522287232691e-01
4.593281196089999867e+04	8.181273508342812306e-01
4.593300696089999838e+04	8.246448098989844766e-01
4.593320196089999808e+04	8.351425631243998282e-01
4.593339796090000164e+04	8.387454368320508280e-01
4.593359296090000134e+04	8.010847812724399830e-01
4.593378796090000105e+04	7.982911069494118550e-01
4.593398296090000076e+04	8.018593973667780261e-01
4.593417896089999704e+04	8.285735473917235083e-01
4.593437396089999675e+04	8.105668124520200024e-01
4.593456896089999645e+04	8.007940489358915670e-01
4.593476496090000001e+04	8.228608864916679977e-01
4.593495996089999971e+04	7.959298026506580470e-01
4.593515496089999942e+04	8.157884896922329432e-01
4.593535096090000297e+04	7.945568605322073097e-01
4.593554596090000268e+04	8.311769579537902075e-01
4.593574096090000239e+04	8.262849354043879657e-01
4.593593696089999867e+04	7.916123973536492997e-01
4.593613196089999838e+04	7.961198944216736351e-01
4.593632696089999808e+04	8.160698426970025565e-01
4.593652296090000164e+04	8.263434739909030213e-01
4.593671796090000134e+04	7.675407101107030172e-01
4.593691296090000105e+04	8.395732554782320278e-01
4.593710796090000076e+04	8.376560272501780702e-01
4.593730396089999704e+04	8.023361180214152455e-01
4.593749896089999675e+04	8.198572760672533377e-01
4.593769396089999645e+04	8.271747683145402874e-01
4.593788996090000001e+04	8.110330577691993170e-01
4.593808496089999971e+04	7.943708613644400174e-01
4.593827996089999942e+04	8.079755871662364086e-01
4.593847596090000297e+04	8.343956467049160608e-01
4.593867096090000268e+04	7.933718968982184094e-01
4.593886596090000239e+04	7.933349072310917904e-01
4.593906196089999867e+04	8.361295004489566196e-01
4.593925696089999838e+04	8.533944726678761583e-01
4.593945196089999808e+04	7.553718558166835351e-01
4.593964796090000164e+04	8.170431577038606008e-01
4.593984296090000134e+04	7.840764163694196043e-01
4.594003796090000105e+04	7.706125540722101874e-01
4.594023296090000076e+04	8.142513801014565900e-01
4.594042896089999704e+04	8.090673421064984439e-01
4.594062396089999675e+04	8.399753341117506267e-01
4.594081896089999645e+04	8.182906171882677882e-01
4.594101496090000001e+04	7.926689422985493394e-01
4.594120996089999971e+04	8.343895039723996376e-01
4.594140496089999942e+04	8.304945470034663657e-01
4.594160096090000297e+04	7.985788243460731906e-01
4.594179596090000268e+04	8.252339584950796336e-01
4.594199096090000239e+04	8.053203504665606971e-01
4.594218696089999867e+04	7.795903127810426270e-01
4.594238196089999838e+04	8.265261328638722205e-01
4.594257696089999808e+04	7.994635175689026596e-01
4.594277296090000164e+04	8.178275633141840473e-01
4.594296796090000134e+04	7.993103797061191784e-01
4.594316296090000105e+04	7.931879367490957122e-01
4.594335796090000076e+04	8.057117408542513459e-01
4.594355396089999704e+04	8.010632123237648727e-01
4.594374896089999675e+04	7.741685028114879685e-01
4.594394396089999645e+04	8.245996685490535327e-01
4.594413996090000001e+04	8.486956362353339500e-01
4.594433496089999971e+04	8.230148715540668292e-01
4.594452996089999942e+04	8.331993442894418678e-01
4.594472596090000297e+04	8.356186186254692672e-01
4.594492096090000268e+04	8.417333680932941320e-01
4.594511596090000239e+04	8.304135325599446560e-01
4.594531196089999867e+04	8.664475362246459866e-01
4.594550696089999838e+04	8.318357191944656392e-01
4.594570196089999808e+04	7.894323297223984071e-01
4.594589796090000164e+04	8.012131884860362874e-01
4.594609296090000134e+04	8.552837873453498219e-01
4.594628796090000105e+04	8.248767751534025194e-01
4.594648296090000076e+04	8.107239282130898061e-01
4.594667896089999704e+04	8.291071712787214665e-01
4.594687396089999675e+04	8.469893575361364668e-01
4.594706896089999645e+04	8.001837317648643477e-01
4.594726496090000001e+04	8.439169147429854689e-01
4.594745996089999971e+04	8.088290757776377404e-01
4.594765496089999942e+04	8.631111365029262572e-01
4.594785096090000297e+04	8.274467411156827268e-01
4.594804596090000268e+04	7.946133662135306253e-01
4.594824096090000239e+04	8.186026924666798266e-01
4.594843696089999867e+04	7.772734729713732804e-01
4.594863196089999838e+04	7.971639381227628718e-01
4.594882696089999808e+04	8.536292086084493747e-01
4.594902296090000164e+04	8.140573292935364691e-01
4.594921796090000134e+04	8.405579586840783435e-01
4.594941296090000105e+04	8.066300455778936396e-01
4.594960796090000076e+04	8.132245337367098870e-01
4.594980396089999704e+04	8.278408322118515628e-01
4.594999896089999675e+04	8.422749386545262951e-01
4.595019396089999645e+04	8.404369149061885480e-01
4.595038996090000001e+04	8.768923157282770831e-01
4.595058496089999971e+04	8.104251074508077579e-01
4.595077996089999942e+04	8.103521770861981111e-01
4.595097596090000297e+04	8.148613333865526442e-01
4.595117096090000268e+04	7.983260943019860889e-01
4.595136596090000239e+04	8.215900666483300085e-01
4.595156196089999867e+04	8.016313676648429976e-01
4.595175696089999838e+04	8.456357434015693286e-01
4.595195196089999808e+04	7.904735542009806437e-01
4.595214796090000164e+04	8.019334035256076021e-01
4.595234296090000134e+04	8.354657185783196383e-01
4.595253796090000105e+04	8.224657265620560764e-01
4.595273296090000076e+04	8.111049363083644437e-01
4.595292896089999704e+04	8.373133648484820668e-01
4.595312396089999675e+04	8.218118062658774647e-01
4.595331896089999645e+04	7.971176950374214698e-01
4.595351496090000001e+04	7.838255837220344802e-01
4.595370996089999971e+04	8.201549837362787088e-01
4.595390496089999942e+04	8.472692989289498655e-01
4.595410096090000297e+04	7.995538941362561047e-01
4.595429596090000268e+04	8.424113645907773673e-01
4.595449096090000239e+04	8.082775437812053099e-01
4.595468696089999867e+04	7.973735358507845206e-01
4.595488196089999838e+04	7.661517776459536577e-01
4.595507696089999808e+04	8.015481560120498727e-01
4.595527296090000164e+04	8.427087942448547864e-01
4.595546796090000134e+04	8.256342306687347588e-01
4.595566296090000105e+04	8.133888299703286862e-01
4.595585796090000076e+04	8.094730343781879611e-01
4.595605396089999704e+04	7.971988741457902705e-01
4.595624896089999675e+04	8.208992368567873399e-01
4.595644396089999645e+04	8.664403454839781915e-01
4.595663996090000001e+04	8.655622492608987528e-01
4.595683496089999971e+04	7.998302819411957643e-01
4.595702996089999942e+04	8.179384815143606602e-01
4.595722596090000297e+04	8.405046089208703108e-01
4.595742096090000268e+04	8.478630394556709859e-01
4.595761596090000239e+04	8.064944143881174199e-01
4.595781196089999867e+04	8.523661991074611421e-01
4.595800696089999838e+04	8.510641260147533416e-01
4.595820196089999808e+04	8.068098007304200792e-01
4.595839796090000164e+04	8.229573829717722333e-01
4.595859296090000134e+04	8.441805060796703231e-01
4.595878796090000105e+04	8.127603859900656147e-01
4.595898296090000076e+04	8.276068502148419270e-01
4.595917896089999704e+04	8.714266659798717285e-01
4.595937396089999675e+04	8.341288990883022336e-01
4.595956896089999645e+04	8.538608865842789442e-01
4.595976496090000001e+04	8.248521768910990204e-01
4.595995996089999971e+04	8.471031807366546929e-01
4.596015496089999942e+04	8.326288900955720607e-01
4.596035096090000297e+04	8.451988396281340243e-01
4.596054596090000268e+04	8.659044576370682478e-01
4.596074096090000239e+04	8.229183841209426475e-01
4.596093696089999867e+04	8.025086952882851676e-01
4.596113196089999838e+04	8.297680252174970406e-01
4.596132696089999808e+04	8.388192771990503616e-01
4.596152296090000164e+04	8.802615525952433018e-01
4.596171796090000134e+04	8.507022254693943353e-01
4.596191296090000105e+04	8.482505964111091146e-01
4.596210796090000076e+04	8.102946495440281893e-01
4.596230396089999704e+04	8.293893652636441516e-01
4.596249896089999675e+04	8.192741428845895513e-01
4.596269396089999645e+04	8.283826617053691166e-01
4.596288996090000001e+04	8.733309332746728160e-01
4.596308496089999971e+04	8.303006266547274805e-01
4.596327996089999942e+04	8.032679023822542064e-01
4.596347596090000297e+04	8.623169251966089632e-01
4.596367096090000268e+04	8.202268351442132399e-01
4.596386596090000239e+04	8.031189449585980356e-01
4.596406196089999867e+04	8.498829795989166769e-01
4.596425696089999838e+04	8.322635663484430069e-01
4.596445196089999808e+04	8.156899183473100834e-01
4.596464796090000164e+04	8.296685148348821315e-01
4.596484296090000134e+04	8.328956542897145710e-01
4.596503796090000105e+04	8.104220021585284428e-01
4.596523296090000076e+04	8.214730721012486470e-01
4.596542896089999704e+04	8.416379950867085569e-01
4.596562396089999675e+04	8.725708828286027341e-01
4.596581896089999645e+04	8.345156808486358102e-01
4.596601496090000001e+04	8.228003467451081576e-01
4.596620996089999971e+04	8.565825420140260604e-01
4.596640496089999942e+04	8.274651834247919169e-01
4.596660096090000297e+04	8.098972284984959913e-01
4.596679596090000268e+04	8.694238520723711616e-01
4.596699096090000239e+04	8.557665954000874819e-01
4.596718696089999867e+04	8.119357495476098308e-01
4.596738196089999838e+04	8.190811289262978079e-01
4.596757696089999808e+04	8.420216169476457679e-01
4.596777296090000164e+04	8.273923573793204866e-01
4.596796796090000134e+04	7.960839064169498158e-01
4.596816296090000105e+04	8.429825919152946767e-01
4.596835796090000076e+04	8.084644417870450184e-01
4.596855396089999704e+04	8.246920583426451401e-01
4.596874896089999675e+04	8.397352754789455531e-01
4.596894396089999645e+04	8.362095527788291349e-01
4.596913996090000001e+04	8.550500713482662718e-01
4.596933496089999971e+04	8.277668965436646431e-01
4.596952996089999942e+04	8.701553049225356773e-01
4.596972596090000297e+04	8.429825919152946767e-01
4.596992096090000268e+04	8.437108126956509579e-01
4.597011596090000239e+04	8.212913802450714229e-01
4.597031196089999867e+04	8.395383278132335647e-01
4.597050696089999838e+04	8.258364404890112809e-01
4.597070196089999808e+04	8.587452784243936321e-01
4.597089796090000164e+04	8.206559373909669830e-01
4.597109296090000134e+04	8.619449116079849205e-01
4.597128796090000105e+04	8.357909671022802911e-01
4.597148296090000076e+04	8.345649546036781885e-01
4.597167896089999704e+04	8.377596022290934030e-01
4.597187396089999675e+04	8.559183189889552068e-01
4.597206896089999645e+04	8.316550924746817230e-01
4.597226496090000001e+04	8.755618211441671406e-01
4.597245996089999971e+04	8.608463200232279178e-01
4.597265496089999942e+04	8.660387079649538578e-01
4.597285096090000297e+04	8.721262836853789224e-01
4.597304596090000268e+04	8.862882312832010001e-01
4.597324096090000239e+04	8.933286731520588830e-01
4.597343696089999867e+04	8.868502585378088554e-01
4.597363196089999838e+04	8.780248893683229028e-01
4.597382696089999808e+04	8.756242873234576507e-01
4.597402296090000164e+04	8.276807246642388094e-01
4.597421796090000134e+04	8.494164358821958416e-01
4.597441296090000105e+04	8.886183031112722119e-01
4.597460796090000076e+04	8.496071640535181047e-01
4.597480396089999704e+04	8.454060300969796771e-01
4.597499896089999675e+04	8.650826828678006564e-01
4.597519396089999645e+04	8.966721393630336934e-01
4.597538996090000001e+04	8.582727695266623158e-01
4.597558496089999971e+04	8.618967413262801358e-01
4.597577996089999942e+04	8.674219189433109989e-01
4.597597596090000297e+04	8.615893189963799159e-01
4.597617096090000268e+04	8.465310027540429161e-01
4.597636596090000239e+04	8.644176554302660520e-01
4.597656196089999867e+04	8.843573113032512367e-01
4.597675696089999838e+04	8.744136375108162440e-01
4.597695196089999808e+04	8.056295403101199071e-01
4.597714796090000164e+04	8.675417799935232210e-01
4.597734296090000134e+04	8.392501021571980857e-01
4.597753796090000105e+04	8.631715839755358388e-01
4.597773296090000076e+04	8.633375826768947547e-01
4.597792896089999704e+04	8.618885544815491073e-01
4.597812396089999675e+04	8.004560173443042714e-01
4.597831896089999645e+04	7.901682673198138218e-01
4.597851496090000001e+04	8.274364444474890945e-01
4.597870996089999971e+04	8.437200012108370117e-01
4.597890496089999942e+04	8.239407186676608319e-01
4.597910096090000297e+04	8.362136505626800442e-01
4.597929596090000268e+04	8.467729933191208147e-01
4.597949096090000239e+04	8.338283142554736571e-01
4.597968696089999867e+04	8.146251263868649062e-01
4.597988196089999838e+04	8.157648876423237994e-01
4.598007696089999808e+04	8.136476123555542728e-01
4.598027296090000164e+04	8.415508242694293983e-01
4.598046796090000134e+04	8.783414092784589400e-01
4.598066296090000105e+04	8.833958390059688526e-01
4.598085796090000076e+04	8.285355625474437602e-01
4.598105396089999704e+04	8.017207389025955422e-01
4.598124896089999675e+04	8.346860278388703591e-01
4.598144396089999645e+04	8.564287710281437427e-01
4.598163996090000001e+04	8.189599774207749761e-01
4.598183496089999971e+04	8.539531644054676462e-01
