# time(sec)	crack length FEA(mm)
1.494687496090000059e+04	1.527774575909788268e-01
1.494706996090000030e+04	1.630343125738260568e-01
1.494726596090000021e+04	1.582438737975486731e-01
1.494746096089999992e+04	1.308819576203568147e-01
1.494765596089999963e+04	8.964669891815191249e-02
1.494785196089999954e+04	1.115739199156084993e-01
1.494804696089999925e+04	1.916692650393301278e-01
1.494824196089999896e+04	1.488923483208441922e-01
1.494843796089999887e+04	1.212498694756636297e-01
1.494863296090000040e+04	1.448325372500054442e-01
1.494882796090000011e+04	1.713529314142299143e-01
1.494902296089999982e+04	1.369294264806413253e-01
1.494921896089999973e+04	1.244760969537406226e-01
1.494941396089999944e+04	1.731647091844905617e-01
1.494960896089999915e+04	1.332825384605573760e-01
1.494980496089999906e+04	1.691984314310488458e-01
1.494999996090000059e+04	1.390423690174547033e-01
1.495019496090000030e+04	1.271507757172525288e-01
1.495039096090000021e+04	1.042775335043462093e-01
1.495058596089999992e+04	1.303055276113429528e-01
1.495078096089999963e+04	1.058120192124061276e-01
1.495097696089999954e+04	1.317254624605581625e-01
1.495117196089999925e+04	1.101348936043571314e-01
1.495136696089999896e+04	9.917568237995411096e-02
1.495156296089999887e+04	1.544165716425460744e-01
1.495175796090000040e+04	1.285856629072732460e-01
1.495195296090000011e+04	1.316959000065445196e-01
1.495214796089999982e+04	1.258045058695991258e-01
1.495234396089999973e+04	1.084992406497065076e-01
1.495253896089999944e+04	1.056006648792653380e-01
1.495273396089999915e+04	1.322269034846890179e-01
1.495292996089999906e+04	1.147042212870008626e-01
1.495312496090000059e+04	1.197797065930377158e-01
1.495331996090000030e+04	8.902491297797077152e-02
1.495351596090000021e+04	1.076739720533925748e-01
1.495371096089999992e+04	1.107635639295008190e-01
1.495390596089999963e+04	7.471848841642803052e-02
1.495410196089999954e+04	1.118401666494008850e-01
1.495429696089999925e+04	1.398687202181001510e-01
1.495449196089999896e+04	1.217578517696900064e-01
1.495468796089999887e+04	9.002631034201868943e-02
1.495488296090000040e+04	8.622456038704662262e-02
1.495507796090000011e+04	1.206552554224771256e-01
1.495527296089999982e+04	1.380281356377892621e-01
1.495546896089999973e+04	1.099299107167706069e-01
1.495566396089999944e+04	1.320389946280755566e-01
1.495585896089999915e+04	8.468148450988977061e-02
1.495605496089999906e+04	1.358338335389390750e-01
1.495624996090000059e+04	8.613360466014441386e-02
1.495644496090000030e+04	1.349260814536066277e-01
1.495664096090000021e+04	1.179746136225112707e-01
1.495683596089999992e+04	7.532793091067446767e-02
1.495703096089999963e+04	9.241071360591845973e-02
1.495722696089999954e+04	1.009842316417230990e-01
1.495742196089999925e+04	8.538163567863854553e-02
1.495761696089999896e+04	1.237200121401151875e-01
1.495781296089999887e+04	1.358127261391395280e-01
1.495800796090000040e+04	9.756680351247659644e-02
1.495820296090000011e+04	1.193477045871311759e-01
1.495839796089999982e+04	1.119933591155923835e-01
1.495859396089999973e+04	1.053840164477080066e-01
1.495878896089999944e+04	1.217800233141286270e-01
1.495898396089999915e+04	1.162274998635215439e-01
1.495917996089999906e+04	1.427992219899927306e-01
1.495937496090000059e+04	1.588713408897248769e-01
1.495956996090000030e+04	1.049760957743046674e-01
1.495976596090000021e+04	1.111798401705001993e-01
1.495996096089999992e+04	1.746528316770934453e-01
1.496015596089999963e+04	1.183105101823542782e-01
1.496035196089999954e+04	1.471706026640866583e-01
1.496054696089999925e+04	1.514969132771248894e-01
1.496074196089999896e+04	1.402813507750337862e-01
1.496093796089999887e+04	1.277283211364022009e-01
1.496113296090000040e+04	1.510834159821410339e-01
1.496132796090000011e+04	1.161609523276734279e-01
1.496152296089999982e+04	1.566788607208984274e-01
1.496171896089999973e+04	1.307098634109156166e-01
1.496191396089999944e+04	1.448420357953512649e-01
1.496210896089999915e+04	1.410728340376969925e-01
1.496230496089999906e+04	1.418801100173503471e-01
1.496249996090000059e+04	1.100725593790397028e-01
1.496269496090000030e+04	1.527394935232617712e-01
1.496289096090000021e+04	1.734007900693583792e-01
1.496308596089999992e+04	1.212466942705354711e-01
1.496328096089999963e+04	1.223767153674426567e-01
1.496347696089999954e+04	1.422167294600917842e-01
1.496367196089999925e+04	1.376914600256249344e-01
1.496386696089999896e+04	1.316505043422431243e-01
1.496406296089999887e+04	1.464489512101323498e-01
1.496425796090000040e+04	1.532816493924187284e-01
1.496445296090000011e+04	1.273450518761762851e-01
1.496464796089999982e+04	1.377948856294715085e-01
1.496484396089999973e+04	1.553457700296778654e-01
1.496503896089999944e+04	1.472550030264478949e-01
1.496523396089999915e+04	1.081304640910438764e-01
1.496542996089999906e+04	1.395352240515013165e-01
1.496562496090000059e+04	1.243599535297903458e-01
1.496581996090000030e+04	1.306233034864270337e-01
1.496601596090000021e+04	1.120630849746113711e-01
1.496621096089999992e+04	1.377547865000074978e-01
1.496640596089999963e+04	1.242458958835346294e-01
1.496660196089999954e+04	9.981307084382962103e-02
1.496679696089999925e+04	1.221200782868852031e-01
1.496699196089999896e+04	1.380724590592343759e-01
1.496718796089999887e+04	1.012072462060054079e-01
1.496738296090000040e+04	1.587584997889521787e-01
1.496757796090000011e+04	1.740563313053460348e-01
1.496777296089999982e+04	1.403699895839451983e-01
1.496796896089999973e+04	1.159887663395657853e-01
1.496816396089999944e+04	1.366697829186964697e-01
1.496835896089999915e+04	1.735757421605317319e-01
1.496855496089999906e+04	1.124054041014570515e-01
1.496874996090000059e+04	9.793045015269541409e-02
1.496894496090000030e+04	1.484334427730438222e-01
1.496914096090000021e+04	1.696527467937443134e-01
1.496933596089999992e+04	1.283386121704150895e-01
1.496953096089999963e+04	1.511393147197530595e-01
1.496972696089999954e+04	1.356280084335672598e-01
1.496992196089999925e+04	1.253398900212943090e-01
1.497011696089999896e+04	1.349218561956213591e-01
1.497031296089999887e+04	1.324528148242070102e-01
1.497050796090000040e+04	1.322353458387901526e-01
1.497070296090000011e+04	1.259734500094822351e-01
1.497089796089999982e+04	1.743925281967833030e-01
1.497109396089999973e+04	1.274685915037228057e-01
1.497128896089999944e+04	1.247306055567438676e-01
1.497148396089999915e+04	1.219352780080775744e-01
1.497167996089999906e+04	7.943390116821902325e-02
1.497187496090000059e+04	2.082373735380098623e-01
1.497206996090000030e+04	1.625735463386224211e-01
1.497226596090000021e+04	1.574466179227229645e-01
1.497246096089999992e+04	1.020929657608711238e-01
1.497265596089999963e+04	1.336615007289072565e-01
1.497285196089999954e+04	1.376038634279908024e-01
1.497304696089999925e+04	1.173207724387363982e-01
1.497324196089999896e+04	1.387563570859526862e-01
1.497343796089999887e+04	1.459699443691260257e-01
1.497363296090000040e+04	1.192927965422345693e-01
1.497382796090000011e+04	1.624259424852230183e-01
1.497402296089999982e+04	9.447242991912574439e-02
1.497421896089999973e+04	8.239049881805726727e-02
1.497441396089999944e+04	9.711329799670664897e-02
1.497460896089999915e+04	1.453759243974808157e-01
1.497480496089999906e+04	1.884337461309470996e-01
1.497499996090000059e+04	1.041855899318839818e-01
1.497519496090000030e+04	1.182196703897204770e-01
1.497539096090000021e+04	1.487541609990312708e-01
1.497558596089999992e+04	1.359319990350265073e-01
1.497578096089999963e+04	1.204788725325141030e-01
1.497597696089999954e+04	1.524072375242830901e-01
1.497617196089999925e+04	1.462147281305696822e-01
1.497636696089999896e+04	1.230452022879173768e-01
1.497656296089999887e+04	1.077363122244552329e-01
1.497675796090000040e+04	1.227104303686701314e-01
1.497695296090000011e+04	1.638419508503048405e-01
1.497714796089999982e+04	1.495537955155068488e-01
1.497734396089999973e+04	1.441076553077600408e-01
1.497753896089999944e+04	1.263831434475406468e-01
1.497773396089999915e+04	1.084580327766992980e-01
1.497792996089999906e+04	1.285751152327350155e-01
1.497812496090000059e+04	1.857571706609828510e-01
1.497831996090000030e+04	1.738687355167289894e-01
1.497851596090000021e+04	1.392935480660622005e-01
1.497871096089999992e+04	1.294440364978477476e-01
1.497890596089999963e+04	1.298853419456662550e-01
1.497910196089999954e+04	1.127741088955716009e-01
1.497929696089999925e+04	1.549840044525545579e-01
1.497949196089999896e+04	1.525707294089677646e-01
1.497968796089999887e+04	1.674432887800172409e-01
1.497988296090000040e+04	1.105078610597161060e-01
1.498007796090000011e+04	1.384154756347300008e-01
1.498027296089999982e+04	1.921442240051067785e-01
1.498046896089999973e+04	1.000783888612932770e-01
1.498066396089999944e+04	1.236883266898018974e-01
1.498085896089999915e+04	1.237897054764207638e-01
1.498105496089999906e+04	1.566482677139813262e-01
1.498124996090000059e+04	1.340362318716969980e-01
1.498144496090000030e+04	1.233451270705430147e-01
1.498164096090000021e+04	1.324686474939120728e-01
1.498183596089999992e+04	1.121116923964660117e-01
1.498203096089999963e+04	1.445571413163566632e-01
1.498222696089999954e+04	1.352290106506348621e-01
1.498242196089999925e+04	1.413292593998534130e-01
1.498261696089999896e+04	1.047425387840732469e-01
1.498281296089999887e+04	7.979039484649774749e-02
1.498300796090000040e+04	1.272046144895568887e-01
1.498320296090000011e+04	1.018097197503422535e-01
1.498339796089999982e+04	1.123842679361786168e-01
1.498359396089999973e+04	1.134840509556394039e-01
1.498378896089999944e+04	1.115696998045869748e-01
1.498398396089999915e+04	1.046960413663313716e-01
1.498417996089999906e+04	1.191491477469810434e-01
1.498437496090000059e+04	1.280862623895586694e-01
1.498456996090000030e+04	1.069469642378795271e-01
1.498476596090000021e+04	1.672282237167266317e-01
1.498496096089999992e+04	1.466937121736791028e-01
1.498515596089999963e+04	1.268255729302261159e-01
1.498535196089999954e+04	1.113964386779429105e-01
1.498554696089999925e+04	9.793256589298238168e-02
1.498574196089999896e+04	1.376239085881927338e-01
1.498593796089999887e+04	1.582586394014953157e-01
1.498613296090000040e+04	1.279944058595674505e-01
1.498632796090000011e+04	1.150190276002138745e-01
1.498652296089999982e+04	1.328032803310144061e-01
1.498671896089999973e+04	9.526535695479765309e-02
1.498691396089999944e+04	1.389621656136519334e-01
1.498710896089999915e+04	1.340721296737434898e-01
1.498730496089999906e+04	1.357546716314228519e-01
1.498749996090000059e+04	1.486296657951413636e-01
1.498769496090000030e+04	1.135548435061579653e-01
1.498789096090000021e+04	1.242522364645441968e-01
1.498808596089999992e+04	1.449042838069907191e-01
1.498828096089999963e+04	1.461788567508399694e-01
1.498847696089999954e+04	1.539704151728553683e-01
1.498867196089999925e+04	1.546591439220108555e-01
1.498886696089999896e+04	1.401800385356981593e-01
1.498906296089999887e+04	9.911437427056668525e-02
1.498925796090000040e+04	1.224348008017468459e-01
1.498945296090000011e+04	1.118517831724386014e-01
1.498964796089999982e+04	1.318753598896975632e-01
1.498984396089999973e+04	1.264602215566128507e-01
1.499003896089999944e+04	1.333880949838910368e-01
1.499023396089999915e+04	1.128702500415901255e-01
1.499042996089999906e+04	1.210639922918090861e-01
1.499062496090000059e+04	1.209583658286703667e-01
1.499081996090000030e+04	1.354570166364066353e-01
1.499101596090000021e+04	8.650482042406970606e-02
1.499121096089999992e+04	1.147676057299218400e-01
1.499140596089999963e+04	1.191913996126388042e-01
1.499160196089999954e+04	9.806363247890637069e-02
1.499179696089999925e+04	8.317639249527886136e-02
1.499199196089999896e+04	1.040080565457852657e-01
1.499218796089999887e+04	1.183231761920815472e-01
1.499238296090000040e+04	1.173271147672050319e-01
1.499257796090000011e+04	7.565699010059212526e-02
1.499277296089999982e+04	9.847063010285417306e-02
1.499296896089999973e+04	1.118031933989662718e-01
1.499316396089999944e+04	8.292465223913936256e-02
1.499335896089999915e+04	1.282963756833979119e-01
1.499355496089999906e+04	8.248251295640507408e-02
1.499374996090000059e+04	7.459892489394803761e-02
1.499394496090000030e+04	1.024459792666991831e-01
1.499414096090000021e+04	1.394507886608629121e-01
1.499433596089999992e+04	7.728101956589306099e-02
1.499453096089999963e+04	1.019344290092671912e-01
1.499472696089999954e+04	1.303055276113429528e-01
1.499492196089999925e+04	1.435589654767390755e-01
1.499511696089999896e+04	9.276703268755426279e-02
1.499531296089999887e+04	1.274326842625228551e-01
1.499550796090000040e+04	9.954353697908580045e-02
1.499570296090000011e+04	4.257693248288241250e-02
1.499589796089999982e+04	1.048968456860563947e-01
1.499609396089999973e+04	1.098443320223410069e-01
1.499628896089999944e+04	1.122944685300826251e-01
1.499648396089999915e+04	1.032661357230573174e-01
1.499667996089999906e+04	9.742303964365106594e-02
1.499687496090000059e+04	1.215973252128126347e-01
1.499706996090000030e+04	1.092991138410290830e-01
1.499726596090000021e+04	7.784490719996384200e-02
1.499746096089999992e+04	1.203172854130230007e-01
1.499765596089999963e+04	1.181108745168444329e-01
1.499785196089999954e+04	9.284210681808069410e-02
1.499804696089999925e+04	1.059155761053514055e-01
1.499824196089999896e+04	1.213533627991498776e-01
1.499843796089999887e+04	1.218613520729547872e-01
1.499863296090000040e+04	1.378582209090097876e-01
1.499882796090000011e+04	1.204831092927136638e-01
1.499902296089999982e+04	1.161746901344784533e-01
1.499921896089999973e+04	9.726129522877435818e-02
1.499941396089999944e+04	8.443610083931929466e-02
1.499960896089999915e+04	1.206288552229999311e-01
1.499980496089999906e+04	1.397019726885844193e-01
1.499999996090000059e+04	7.386672568332741662e-02
1.500019496090000030e+04	1.244898302159551662e-01
1.500039096090000021e+04	1.012431818450902909e-01
1.500058596089999992e+04	8.526318570718949275e-02
1.500078096089999963e+04	1.173397994193425831e-01
1.500097696089999954e+04	1.099510398691627699e-01
1.500117196089999925e+04	1.686176110874804124e-01
1.500136696089999896e+04	1.216691381807244454e-01
1.500156296089999887e+04	1.276966588801684566e-01
1.500175796090000040e+04	1.245362910381508925e-01
1.500195296090000011e+04	1.260800894038194286e-01
1.500214796089999982e+04	1.481243292700202829e-01
1.500234396089999973e+04	1.398370551341816537e-01
1.500253896089999944e+04	1.534472557093398137e-01
1.500273396089999915e+04	8.602784050622247491e-02
1.500292996089999906e+04	1.226671321248176127e-01
1.500312496090000059e+04	1.507004849866770968e-01
1.500331996090000030e+04	1.210048331808124544e-01
1.500351596090000021e+04	1.301566637249109704e-01
1.500371096089999992e+04	1.013953766064918938e-01
1.500390596089999963e+04	1.389326116780882359e-01
1.500410196089999954e+04	1.367953800925469920e-01
1.500429696089999925e+04	1.244317495319631206e-01
1.500449196089999896e+04	1.482657009136740811e-01
1.500468796089999887e+04	1.483944027904939844e-01
1.500488296090000040e+04	1.337132218842036480e-01
1.500507796090000011e+04	1.302432343263131287e-01
1.500527296089999982e+04	1.373959313445265451e-01
1.500546896089999973e+04	1.194469960279604948e-01
1.500566396089999944e+04	1.444431934956131869e-01
1.500585896089999915e+04	1.457916365340157228e-01
1.500605496089999906e+04	1.264190340485793485e-01
1.500624996090000059e+04	1.032016600960705688e-01
1.500644496090000030e+04	1.100292393612036790e-01
1.500664096090000021e+04	1.556147149071342994e-01
1.500683596089999992e+04	1.252258368234215880e-01
1.500703096089999963e+04	1.066722147490484218e-01
1.500722696089999954e+04	1.308608369896369084e-01
1.500742196089999925e+04	1.308798446512327018e-01
1.500761696089999896e+04	1.237495658393257258e-01
1.500781296089999887e+04	9.543556891936866293e-02
1.500800796090000040e+04	7.725880877426938298e-02
1.500820296090000011e+04	1.207608740874199782e-01
1.500839796089999982e+04	1.506192677064959184e-01
1.500859396089999973e+04	9.381797748289244510e-02
1.500878896089999944e+04	9.983211107536504869e-02
1.500898396089999915e+04	8.552019000411803518e-02
1.500917996089999906e+04	1.113689578343119990e-01
1.500937496090000059e+04	1.596970393101386776e-01
1.500956996090000030e+04	1.384006983495194021e-01
1.500976596090000021e+04	1.370212503367191914e-01
1.500996096089999992e+04	1.451153168314363029e-01
1.501015596089999963e+04	1.399658183698413438e-01
1.501035196089999954e+04	1.353113476436149654e-01
1.501054696089999925e+04	1.321382177889329768e-01
1.501074196089999896e+04	1.473742215663698119e-01
1.501093796089999887e+04	1.293046628616032478e-01
1.501113296090000040e+04	1.682043869547538151e-01
1.501132796090000011e+04	1.825630329161320731e-01
1.501152296089999982e+04	1.547751653759110724e-01
1.501171896089999973e+04	1.312884061440158234e-01
1.501191396089999944e+04	1.452988952675138279e-01
1.501210896089999915e+04	1.448251504970841097e-01
1.501230496089999906e+04	1.459762794671330965e-01
1.501249996090000059e+04	1.224696538121978762e-01
1.501269496090000030e+04	1.348859686753467457e-01
1.501289096090000021e+04	1.658250667870397876e-01
1.501308596089999992e+04	1.203436859397992720e-01
1.501328096089999963e+04	1.724975561364807675e-01
1.501347696089999954e+04	1.503555340024114173e-01
1.501367196089999925e+04	1.558804860728990604e-01
1.501386696089999896e+04	1.317032906233084333e-01
1.501406296089999887e+04	1.309083470481233746e-01
1.501425796090000040e+04	1.545283722599872789e-01
1.501445296090000011e+04	1.524567998519259504e-01
1.501464796089999982e+04	1.103979790000408912e-01
1.501484396089999973e+04	1.607030151040902410e-01
1.501503896089999944e+04	1.848933654117530523e-01
1.501523396089999915e+04	1.714288122011105031e-01
1.501542996089999906e+04	1.598140700830121830e-01
1.501562496090000059e+04	1.626231066939105574e-01
1.501581996090000030e+04	1.576417196272039689e-01
1.501601596090000021e+04	1.710430500396107334e-01
1.501621096089999992e+04	1.495253233422317862e-01
1.501640596089999963e+04	1.670859175456698154e-01
1.501660196089999954e+04	1.488881254131069198e-01
1.501679696089999925e+04	1.486296657951413636e-01
1.501699196089999896e+04	1.637860623043607688e-01
1.501718796089999887e+04	1.624628412657553866e-01
1.501738296090000040e+04	1.582375417966286335e-01
1.501757796090000011e+04	1.435916772838439215e-01
1.501777296089999982e+04	1.689306825761960340e-01
1.501796896089999973e+04	1.399457569488600228e-01
1.501816396089999944e+04	1.918082743807403290e-01
1.501835896089999915e+04	1.467770628555626899e-01
1.501855496089999906e+04	1.506403535970957108e-01
1.501874996090000059e+04	1.353134511729887635e-01
1.501894496090000030e+04	1.123652462797597451e-01
1.501914096090000021e+04	1.945126241360402020e-01
1.501933596089999992e+04	1.680536379078052533e-01
1.501953096089999963e+04	1.302759634860137794e-01
1.501972696089999954e+04	1.623858736448635653e-01
1.501992196089999925e+04	1.585127875998502134e-01
1.502011696089999896e+04	1.627844398254669755e-01
1.502031296089999887e+04	1.165317252966957540e-01
1.502050796090000040e+04	1.795128330578421583e-01
1.502070296090000011e+04	1.767478439818397362e-01
1.502089796089999982e+04	1.403267217732881988e-01
1.502109396089999973e+04	1.523808525669618774e-01
1.502128896089999944e+04	1.822532811207473458e-01
1.502148396089999915e+04	1.788542847618028730e-01
1.502167996089999906e+04	1.342642396204869470e-01
1.502187496090000059e+04	1.685438134786636510e-01
1.502206996090000030e+04	1.552002073721610031e-01
1.502226596090000021e+04	1.433257759175372570e-01
1.502246096089999992e+04	1.234169259724993140e-01
1.502265596089999963e+04	1.908024973336690522e-01
1.502285196089999954e+04	1.481158922576355508e-01
1.502304696089999925e+04	1.228698975293198714e-01
1.502324196089999896e+04	1.588892675138087185e-01
1.502343796089999887e+04	1.857993014433887424e-01
1.502363296090000040e+04	1.345228562593732136e-01
1.502382796090000011e+04	1.332857030771492646e-01
1.502402296089999982e+04	2.100780513134559158e-01
1.502421896089999973e+04	1.637755203575697038e-01
1.502441396089999944e+04	1.485167786142778112e-01
1.502460896089999915e+04	1.511108352844594549e-01
1.502480496089999906e+04	1.937565403332932590e-01
1.502499996090000059e+04	1.740742470732836722e-01
1.502519496090000030e+04	1.407477933596119613e-01
1.502539096090000021e+04	1.761176831226674011e-01
1.502558596089999992e+04	1.627696768862811894e-01
1.502578096089999963e+04	1.385083456869669050e-01
1.502597696089999954e+04	1.425628528608910983e-01
1.502617196089999925e+04	1.521582918106716420e-01
1.502636696089999896e+04	1.387130955598347981e-01
1.502656296089999887e+04	1.368112190909425152e-01
1.502675796090000040e+04	1.376017510243734421e-01
1.502695296090000011e+04	1.196930817860160090e-01
1.502714796089999982e+04	9.328512681850931187e-02
1.502734396089999973e+04	1.070875148510950225e-01
1.502753896089999944e+04	1.328581769921264311e-01
1.502773396089999915e+04	1.039087041183588411e-01
1.502792996089999906e+04	7.962854619693615632e-02
1.502812496090000059e+04	6.969000759293209057e-02
1.502831996090000030e+04	1.023276095775198513e-01
1.502851596090000021e+04	1.041697485142574209e-01
1.502871096089999992e+04	1.289858092048206117e-01
1.502890596089999963e+04	1.321709444793803812e-01
1.502910196089999954e+04	1.090941332168249289e-01
1.502929696089999925e+04	7.547289343773755377e-02
1.502949196089999896e+04	9.776553990839431663e-02
1.502968796089999887e+04	1.375035920561771263e-01
1.502988296090000040e+04	1.587880303821584960e-01
1.503007796090000011e+04	7.866268496795925103e-02
1.503027296089999982e+04	1.291040625022699118e-01
1.503046896089999973e+04	1.009810629557801320e-01
1.503066396089999944e+04	1.287324229545276921e-01
1.503085896089999915e+04	1.127667217845704783e-01
1.503105496089999906e+04	1.062209793119741619e-01
1.503124996090000059e+04	1.400871746672667228e-01
1.503144496090000030e+04	1.116267574607725521e-01
1.503164096090000021e+04	9.433394302028119682e-02
1.503183596089999992e+04	1.283977358773835675e-01
1.503203096089999963e+04	1.279299936256563797e-01
1.503222696089999954e+04	1.445592621983475823e-01
1.503242196089999925e+04	1.249523483161461002e-01
1.503261696089999896e+04	1.582765664635630287e-01
1.503281296089999887e+04	1.097281028189822649e-01
1.503300796090000040e+04	1.684542237950488186e-01
1.503320296090000011e+04	1.171169097321484998e-01
1.503339796089999982e+04	1.097661501075890556e-01
1.503359396089999973e+04	1.096013083619329365e-01
1.503378896089999944e+04	1.462368690298596619e-01
1.503398396089999915e+04	1.111840603469573807e-01
1.503417996089999906e+04	1.242986886551662451e-01
1.503437496090000059e+04	1.098855376237306558e-01
1.503456996090000030e+04	1.621876478746564487e-01
1.503476596090000021e+04	1.603866615343285673e-01
1.503496096089999992e+04	9.536472535567952491e-02
1.503515596089999963e+04	1.549238923894957765e-01
1.503535196089999954e+04	1.165771392105448001e-01
1.503554696089999925e+04	1.242480003397865573e-01
1.503574196089999896e+04	9.826132071514059874e-02
1.503593796089999887e+04	1.511277163535709178e-01
1.503613296090000040e+04	1.542731327138078257e-01
1.503632796090000011e+04	9.868098196787578047e-02
1.503652296089999982e+04	1.322269034846890179e-01
1.503671896089999973e+04	1.213258928386409252e-01
1.503691396089999944e+04	9.122224146856439120e-02
1.503710896089999915e+04	1.294851918393682411e-01
1.503730496089999906e+04	1.501403404692585042e-01
1.503749996090000059e+04	1.328550032538373671e-01
1.503769496090000030e+04	9.292352012730731303e-02
1.503789096090000021e+04	1.217779186511762646e-01
1.503808596089999992e+04	1.370634721531001077e-01
1.503828096089999963e+04	1.458053490804829266e-01
1.503847696089999954e+04	1.474026961805936509e-01
1.503867196089999925e+04	1.308228397604125348e-01
1.503886696089999896e+04	1.281369429615750732e-01
1.503906296089999887e+04	1.526498292345213059e-01
1.503925796090000040e+04	1.696790954739242352e-01
1.503945296090000011e+04	1.598668062171704207e-01
1.503964796089999982e+04	1.146661905445416352e-01
1.503984396089999973e+04	1.257654306861084592e-01
1.504003896089999944e+04	1.319619336355533079e-01
1.504023396089999915e+04	1.278032909601183320e-01
1.504042996089999906e+04	7.584425726988186511e-02
1.504062496090000059e+04	1.294598619952420648e-01
1.504081996090000030e+04	1.408965944712612384e-01
1.504101596090000021e+04	1.938839594898578156e-01
1.504121096089999992e+04	1.176429498127653517e-01
1.504140596089999963e+04	7.589821504039662159e-02
1.504160196089999954e+04	1.109495172938999019e-01
1.504179696089999925e+04	7.325301221431601562e-02
1.504199196089999896e+04	1.439651997724578081e-01
1.504218796089999887e+04	1.191649888026411475e-01
1.504238296090000040e+04	1.745095084844923150e-01
1.504257796090000011e+04	1.204630323049844520e-01
1.504277296089999982e+04	1.106335981475616848e-01
1.504296896089999973e+04	1.325794940382465370e-01
1.504316396089999944e+04	1.504663106511081594e-01
1.504335896089999915e+04	1.367573918416038481e-01
1.504355496089999906e+04	1.256175920638273880e-01
1.504374996090000059e+04	1.185544839892305191e-01
1.504394496090000030e+04	9.044928802637386411e-02
1.504414096090000021e+04	1.136245650349039238e-01
1.504433596089999992e+04	1.529082655628126730e-01
1.504453096089999963e+04	1.567516152167023336e-01
1.504472696089999954e+04	1.394771872159132897e-01
1.504492196089999925e+04	1.639811146902463435e-01
1.504511696089999896e+04	1.530263971604277629e-01
1.504531296089999887e+04	1.431601027869948695e-01
1.504550796090000040e+04	1.588966501268718190e-01
1.504570296090000011e+04	1.386328911041267986e-01
1.504589796089999982e+04	1.503544828678577971e-01
1.504609396089999973e+04	1.284220056698703871e-01
1.504628896089999944e+04	1.441034406585561811e-01
1.504648396089999915e+04	1.684689833869494890e-01
1.504667996089999906e+04	1.207978341647617526e-01
