# time(sec)	crack length FEA(mm)
3.152343758999999750e+02	6.799667125194730488e-02
3.154296858999999813e+02	7.037495127782023019e-02
3.156249958999999876e+02	7.571905921201960155e-02
3.158203159000000255e+02	9.095977801448640321e-02
3.160156258999999750e+02	1.119441086499399773e-01
3.162109358999999813e+02	7.824216256507021683e-02
3.164062458999999876e+02	1.156777421538546236e-01
3.166015659000000255e+02	9.106666947730168715e-02
3.167968758999999750e+02	7.084344582418111713e-02
3.169921858999999813e+02	9.985740156699840497e-02
3.171874958999999876e+02	1.253622329511898670e-01
3.173828159000000255e+02	1.009120068358608791e-01
3.175781258999999750e+02	8.031550912512486207e-02
3.177734358999999813e+02	1.116276725367200129e-01
3.179687458999999876e+02	7.109502060743722041e-02
3.181640659000000255e+02	5.863492672215819823e-02
3.183593758999999750e+02	1.323141566280376935e-01
3.185546858999999813e+02	1.159980764574690681e-01
3.187499958999999876e+02	1.042150243208936899e-01
3.189453159000000255e+02	1.353739676030727423e-01
3.191406258999999750e+02	1.006696280418939438e-01
3.193359358999999813e+02	1.279742546033109107e-01
3.195312458999999876e+02	1.071734200162026696e-01
3.197265659000000255e+02	1.129675444795292805e-01
3.199218758999999750e+02	1.251922439514707719e-01
3.201171858999999813e+02	1.159288768480450926e-01
3.203124958999999876e+02	1.166891703527745960e-01
3.205078159000000255e+02	1.094085495425112242e-01
3.207031258999999750e+02	1.404652502470522535e-01
3.208984358999999813e+02	8.798067004595822027e-02
3.210937458999999876e+02	1.277074255059460484e-01
3.212890659000000255e+02	1.409393541726480237e-01
3.214843758999999750e+02	1.350844990988075978e-01
3.216796858999999813e+02	1.056057340319949134e-01
3.218749958999999876e+02	1.296324227471856716e-01
3.220703159000000255e+02	7.099399741444045731e-02
3.222656258999999750e+02	1.285523505405539169e-01
3.224609358999999813e+02	1.318971886538307103e-01
3.226562458999999876e+02	1.280572577130207890e-01
3.228515659000000255e+02	1.005103580181554435e-01
3.230468758999999750e+02	9.598783964326429441e-02
3.232421858999999813e+02	1.491429568049777998e-01
3.234374958999999876e+02	1.232629499377342341e-01
3.236328159000000255e+02	1.580269079490896900e-01
3.238281258999999750e+02	1.269652499955107317e-01
3.240234358999999813e+02	1.049301730381362319e-01
3.242187458999999876e+02	9.041643921608510936e-02
3.244140659000000255e+02	1.255816472073796319e-01
3.246093758999999750e+02	1.155165712990964266e-01
3.248046858999999813e+02	1.120904546521970246e-01
3.249999958999999876e+02	1.034632499778496140e-01
3.251953159000000255e+02	1.569954289667734315e-01
3.253906258999999750e+02	1.405897098636827991e-01
3.255859358999999813e+02	1.439783734339883381e-01
3.257812458999999876e+02	9.878198142970262552e-02
3.259765659000000255e+02	8.563573502698673678e-02
3.261718758999999750e+02	1.291235236280563470e-01
3.263671858999999813e+02	1.377004314827985354e-01
3.265624958999999876e+02	1.203430193402592607e-01
3.267578159000000255e+02	7.678853755787429236e-02
3.269531258999999750e+02	9.817648019739344534e-02
3.271484358999999813e+02	1.041091794278710125e-01
3.273437458999999876e+02	1.471226720838014757e-01
3.275390659000000255e+02	1.102788181947982338e-01
3.277343758999999750e+02	1.048638997745872103e-01
3.279296858999999813e+02	1.209133941028124326e-01
3.281249958999999876e+02	9.065199070374063695e-02
3.283203159000000255e+02	9.746805772505950927e-02
3.285156258999999750e+02	1.099109416766381742e-01
3.287109358999999813e+02	9.445211389906837951e-02
3.289062458999999876e+02	1.067510985847501814e-01
3.291015659000000255e+02	8.200257895920337603e-02
3.292968758999999750e+02	1.010129109156920890e-01
3.294921858999999813e+02	8.150954133484233921e-02
3.296874958999999876e+02	8.393208069679758410e-02
3.298828159000000255e+02	1.196895926592844717e-01
3.300781258999999750e+02	8.244017264741643203e-02
3.302734358999999813e+02	6.945081033532751746e-02
3.304687458999999876e+02	4.701634156733547343e-02
3.306640659000000255e+02	8.266193456501547132e-02
3.308593758999999750e+02	1.001997097367617329e-01
3.310546858999999813e+02	7.204782910906537552e-02
3.312499958999999876e+02	1.065720798705136474e-01
3.314453159000000255e+02	1.050913947674896320e-01
3.316406258999999750e+02	9.081231693620850365e-02
3.318359358999999813e+02	7.820948157611873341e-02
3.320312458999999876e+02	9.363770612387689596e-02
3.322265659000000255e+02	5.787585150009277868e-02
3.324218758999999750e+02	1.106199991895540080e-01
3.326171858999999813e+02	1.246150555193032972e-01
3.328124958999999876e+02	8.834985954140961439e-02
3.330078159000000255e+02	9.755809683404237376e-02
3.332031258999999750e+02	8.716308802900307739e-02
3.333984358999999813e+02	8.257184216122581688e-02
3.335937458999999876e+02	5.170327474634106579e-02
3.337890659000000255e+02	8.345194286935608829e-02
3.339843758999999750e+02	7.287778586562332350e-02
3.341796858999999813e+02	6.557953551122963631e-02
3.343749958999999876e+02	1.003263404841092665e-01
3.345703159000000255e+02	8.223919736257911950e-02
3.347656258999999750e+02	9.876614846254838653e-02
3.349609358999999813e+02	9.900953142720503308e-02
3.351562458999999876e+02	9.311719216434966029e-02
3.353515659000000255e+02	9.667452846334079197e-02
3.355468758999999750e+02	1.197805372612688046e-01
3.357421858999999813e+02	5.056235087945637474e-02
3.359374958999999876e+02	6.740826217643380858e-02
3.361328159000000255e+02	8.113925649967335119e-02
3.363281258999999750e+02	1.008368171421736292e-01
3.365234358999999813e+02	7.635876835972332799e-02
3.367187458999999876e+02	6.175028054590292470e-02
3.369140659000000255e+02	6.944882614315872615e-02
3.371093758999999750e+02	1.125730022412607667e-01
3.373046858999999813e+02	7.962045400653749994e-02
3.374999958999999876e+02	8.636428263129047878e-02
3.376953159000000255e+02	7.098211170572099604e-02
3.378906258999999750e+02	8.654443318002336127e-02
3.380859358999999813e+02	8.443695026418041039e-02
3.382812458999999876e+02	8.295497416463071261e-02
3.384765659000000255e+02	5.123838631463684123e-02
3.386718758999999750e+02	7.420388476020001178e-02
3.388671858999999813e+02	1.264898889331469434e-01
3.390624958999999876e+02	8.356777476835475227e-02
3.392578159000000255e+02	7.217261838869859503e-02
3.394531258999999750e+02	7.738366076950953243e-02
3.396484358999999813e+02	8.577926656784384818e-02
3.398437458999999876e+02	9.204741333567234562e-02
3.400390659000000255e+02	9.406124225694156848e-02
3.402343758999999750e+02	1.061962222339438711e-01
3.404296858999999813e+02	6.938741650952273687e-02
3.406249958999999876e+02	8.383803352152696675e-02
3.408203159000000255e+02	1.051725107851702035e-01
3.410156258999999750e+02	9.281734194110669023e-02
3.412109358999999813e+02	1.132256286629207409e-01
3.414062458999999876e+02	1.023850098709839784e-01
3.416015659000000255e+02	9.527045623974039756e-02
3.417968758999999750e+02	8.052046044878835573e-02
3.419921858999999813e+02	5.747846337687434470e-02
3.421874958999999876e+02	1.091524140387107877e-01
3.423828159000000255e+02	9.647762326130049360e-02
3.425781258999999750e+02	7.369187675286603678e-02
3.427734358999999813e+02	8.029670228996010906e-02
3.429687458999999876e+02	9.927171066556184087e-02
3.431640659000000255e+02	8.110856339411931515e-02
3.433593758999999750e+02	9.215330557744039197e-02
3.435546858999999813e+02	5.094398407669942230e-02
3.437499958999999876e+02	1.052259195966911420e-01
3.439453159000000255e+02	1.205743312517917332e-01
3.441406258999999750e+02	7.634688518137977553e-02
3.443359358999999813e+02	6.600156348926944361e-02
3.445312458999999876e+02	1.109196288052043400e-01
3.447265659000000255e+02	9.968427412248104247e-02
3.449218758999999750e+02	7.982738755699436695e-02
3.451171858999999813e+02	9.169015315903550345e-02
3.453124958999999876e+02	5.450133831585191047e-02
3.455078159000000255e+02	5.290361486591343976e-02
3.457031258999999750e+02	6.486327088989618517e-02
3.458984358999999813e+02	6.914275327127228365e-02
3.460937458999999876e+02	7.912340288876507088e-02
3.462890659000000255e+02	6.034326610902951415e-02
3.464843758999999750e+02	9.372281173689245293e-02
3.466796858999999813e+02	5.937119348066843827e-02
3.468749958999999876e+02	6.054936896397400403e-02
3.470703159000000255e+02	4.581175262527636960e-02
3.472656258999999750e+02	6.819182007043345095e-02
3.474609358999999813e+02	1.191033784452564248e-01
3.476562458999999876e+02	7.308775406874623570e-02
3.478515659000000255e+02	1.167751746501366483e-01
3.480468758999999750e+02	6.153527201135133851e-02
3.482421858999999813e+02	5.839610833906228038e-02
3.484374958999999876e+02	5.131570298844323474e-02
3.486328159000000255e+02	8.213623480460796600e-02
3.488281258999999750e+02	1.133452714635936331e-01
3.490234358999999813e+02	7.470103295019114853e-02
3.492187458999999876e+02	8.596437598136219549e-02
3.494140659000000255e+02	5.625653577260081306e-02
3.496093758999999750e+02	7.398502071956158943e-02
3.498046858999999813e+02	7.732919766297818853e-02
3.499999958999999876e+02	8.349352564017564760e-02
3.501953159000000255e+02	1.148383208810486167e-01
3.503906258999999750e+02	9.934888517473972058e-02
3.505859358999999813e+02	9.720487378908515552e-02
3.507812458999999876e+02	7.826295443262232254e-02
3.509765659000000255e+02	7.502485977782136217e-02
3.511718758999999750e+02	7.957985398639166874e-02
3.513671858999999813e+02	8.357272311507735196e-02
3.515624958999999876e+02	8.395187379151991536e-02
3.517578159000000255e+02	6.837705195301957417e-02
3.519531258999999750e+02	8.438744974367295981e-02
3.521484358999999813e+02	4.819608462078583955e-02
3.523437458999999876e+02	7.227166649904148699e-02
3.525390659000000255e+02	1.049766576807176222e-01
3.527343758999999750e+02	7.770349964232536877e-02
3.529296858999999813e+02	6.390226585037694917e-02
3.531249958999999876e+02	4.551927058438565155e-02
3.533203159000000255e+02	7.512488599742361828e-02
3.535156258999999750e+02	7.022835829557294574e-02
3.537109358999999813e+02	8.784308653265426869e-02
3.539062458999999876e+02	8.546646199155638612e-02
3.541015659000000255e+02	6.051072650930322538e-02
3.542968758999999750e+02	7.456535385938423133e-02
3.544921858999999813e+02	7.402958466033560114e-02
3.546874958999999876e+02	1.132582616627502148e-01
3.548828159000000255e+02	9.029272817090472358e-02
3.550781258999999750e+02	7.695489692691026562e-02
3.552734358999999813e+02	5.373024142427951233e-02
3.554687458999999876e+02	9.941714460280337562e-02
3.556640659000000255e+02	8.112143851435327235e-02
3.558593758999999750e+02	8.746299965673109966e-02
3.560546858999999813e+02	1.069034049466370817e-01
3.562499958999999876e+02	9.756798972764002542e-02
3.564453159000000255e+02	7.462378455624829598e-02
3.566406258999999750e+02	7.066119885450738991e-02
3.568359358999999813e+02	8.403602403318721770e-02
3.570312458999999876e+02	8.725811163037100471e-02
3.572265659000000255e+02	8.975333421068043549e-02
3.574218758999999750e+02	8.394395434455148575e-02
3.576171858999999813e+02	7.364037805577083873e-02
3.578124958999999876e+02	4.333101284435159073e-02
3.580078159000000255e+02	8.938614196736338613e-02
3.582031258999999750e+02	5.371339336267588749e-02
3.583984358999999813e+02	9.970702414967114180e-02
3.585937458999999876e+02	7.353639181348370357e-02
3.587890659000000255e+02	3.909475170281595524e-02
3.589843758999999750e+02	5.841592745930945796e-02
3.591796858999999813e+02	8.850723660117587599e-02
3.593749958999999876e+02	1.088240749366384819e-01
3.595703159000000255e+02	5.202640857886642323e-02
3.597656258999999750e+02	1.106991096379594808e-01
3.599609358999999813e+02	5.838025337213892385e-02
3.601562458999999876e+02	9.361693119821623554e-02
3.603515659000000255e+02	1.289555378848632472e-01
3.605468758999999750e+02	5.174193154903861114e-02
3.607421858999999813e+02	7.457427155264539920e-02
3.609374958999999876e+02	7.574975973580144739e-02
3.611328159000000255e+02	7.374634772288324314e-02
3.613281258999999750e+02	6.691989049834035086e-02
3.615234358999999813e+02	6.013121956039491067e-02
3.617187458999999876e+02	6.181369358066035602e-02
3.619140659000000255e+02	1.112518904544614884e-01
3.621093758999999750e+02	8.950985746777462282e-02
3.623046858999999813e+02	8.132737150678970295e-02
3.624999958999999876e+02	6.705263078300482960e-02
3.626953159000000255e+02	8.458048863830214259e-02
3.628906258999999750e+02	7.280351117705485819e-02
3.630859358999999813e+02	6.905855241660141530e-02
3.632812458999999876e+02	1.352000917152658133e-01
3.634765659000000255e+02	1.287094821562799751e-01
3.636718758999999750e+02	7.118614949473034414e-02
3.638671858999999813e+02	9.043920442379160818e-02
3.640624958999999876e+02	1.013245348987386052e-01
3.642578159000000255e+02	5.844763818955378554e-02
3.644531258999999750e+02	1.003817396422679309e-01
3.646484358999999813e+02	8.876457708789331491e-02
3.648437458999999876e+02	1.168453740490846826e-01
3.650390659000000255e+02	9.479549010379528795e-02
3.652343758999999750e+02	9.180198229931768594e-02
3.654296858999999813e+02	6.114686144514003274e-02
3.656249958999999876e+02	1.278882716491285265e-01
3.658203159000000255e+02	1.092888880083542347e-01
3.660156258999999750e+02	7.258661296233981375e-02
3.662109358999999813e+02	7.126241300019131586e-02
3.664062458999999876e+02	1.038648516536433419e-01
3.666015659000000255e+02	1.004737483749309490e-01
3.667968758999999750e+02	1.290849863208798354e-01
3.669921858999999813e+02	9.544460852697334019e-02
3.671874958999999876e+02	1.009664189480456997e-01
3.673828159000000255e+02	1.173970431208193332e-01
3.675781258999999750e+02	6.971131162854682373e-02
3.677734358999999813e+02	1.037788031883923878e-01
3.679687458999999876e+02	1.163846497597091911e-01
3.681640659000000255e+02	1.085075995579387609e-01
3.683593758999999750e+02	1.332290803519420308e-01
3.685546858999999813e+02	8.560603546001743780e-02
3.687499958999999876e+02	8.643456438817409548e-02
3.689453159000000255e+02	6.691691731490934103e-02
3.691406258999999750e+02	1.183154654381866067e-01
3.693359358999999813e+02	1.213661132745240678e-01
3.695312458999999876e+02	6.584701993117292318e-02
3.697265659000000255e+02	6.246366586382556818e-02
3.699218758999999750e+02	1.120439831571502509e-01
3.701171858999999813e+02	8.587330734354381434e-02
3.703124958999999876e+02	9.137445171780278486e-02
3.705078159000000255e+02	1.074473826926727327e-01
3.707031258999999750e+02	1.040963237081182768e-01
3.708984358999999813e+02	8.184417388460651921e-02
3.710937458999999876e+02	1.169046943416507389e-01
3.712890659000000255e+02	4.442665567637149593e-02
3.714843758999999750e+02	1.411003619999657843e-01
3.716796858999999813e+02	7.603792397958564209e-02
3.718749958999999876e+02	1.035859131873895222e-01
3.720703159000000255e+02	7.630331376304155810e-02
3.722656258999999750e+02	7.400581695150165729e-02
3.724609358999999813e+02	8.949798049325252691e-02
3.726562458999999876e+02	1.106219699457184902e-01
3.728515659000000255e+02	1.213868822724428753e-01
3.730468758999999750e+02	7.865407394908530136e-02
3.732421858999999813e+02	7.047895056685860027e-02
3.734374958999999876e+02	8.783912699624352172e-02
3.736328159000000255e+02	1.033643355478695014e-01
3.738281258999999750e+02	1.013186034483108955e-01
3.740234358999999813e+02	6.607685385924710886e-02
3.742187458999999876e+02	1.181404863631758673e-01
3.744140659000000255e+02	8.347570251736158298e-02
3.746093758999999750e+02	8.589904080165666755e-02
3.748046858999999813e+02	7.739554345881671793e-02
3.749999958999999876e+02	1.164795639002527139e-01
3.751953159000000255e+02	9.113891379142202709e-02
3.753906258999999750e+02	8.904170913933207032e-02
3.755859358999999813e+02	1.258820917882026436e-01
3.757812458999999876e+02	8.814794345963328226e-02
3.759765659000000255e+02	8.628013931968503414e-02
3.761718758999999750e+02	1.048282905681716670e-01
3.763671858999999813e+02	9.329729439484779618e-02
3.765624958999999876e+02	1.082989273465138069e-01
3.767578159000000255e+02	7.090386327437236957e-02
3.769531258999999750e+02	9.992468231655138311e-02
3.771484358999999813e+02	9.284702705150316149e-02
3.773437458999999876e+02	9.678139055869650065e-02
3.775390659000000255e+02	9.286583046519858442e-02
3.777343758999999750e+02	9.252342847160477390e-02
3.779296858999999813e+02	1.081327733129828772e-01
3.781249958999999876e+02	5.977053332863491164e-02
3.783203159000000255e+02	1.227380869200693780e-01
3.785156258999999750e+02	8.918126278974547461e-02
3.787109358999999813e+02	1.028262090837177567e-01
3.789062458999999876e+02	1.001245179143062103e-01
3.791015659000000255e+02	6.611648001071124270e-02
3.792968758999999750e+02	6.685549555547076750e-02
3.794921858999999813e+02	6.537149606814018910e-02
3.796874958999999876e+02	9.570979129741807867e-02
3.798828159000000255e+02	7.321650003491697589e-02
3.800781258999999750e+02	6.997775757663760032e-02
3.802734358999999813e+02	7.580917017461530349e-02
3.804687458999999876e+02	8.820931332568449079e-02
3.806640659000000255e+02	8.081847385381735194e-02
3.808593758999999750e+02	8.597724266717321484e-02
3.810546858999999813e+02	5.618815503632035302e-02
3.812499958999999876e+02	5.594732822716963483e-02
3.814453159000000255e+02	8.744419135673808796e-02
3.816406258999999750e+02	9.123985706519910366e-02
3.818359358999999813e+02	1.062674367231863926e-01
3.820312458999999876e+02	5.103220735936986330e-02
3.822265659000000255e+02	7.284708864813360663e-02
3.824218758999999750e+02	4.205683701385254381e-02
3.826171858999999813e+02	7.612902818674704974e-02
3.828124958999999876e+02	3.875161552864447856e-02
3.830078159000000255e+02	5.665394229863274234e-02
3.832031258999999750e+02	5.428131046370587853e-02
3.833984358999999813e+02	7.414050289053975007e-02
3.835937458999999876e+02	8.856464616911097210e-02
3.837890659000000255e+02	4.340637091531540648e-02
3.839843758999999750e+02	5.654393970389293145e-02
3.841796858999999813e+02	4.453571804028655379e-02
3.843749958999999876e+02	7.196364391554688211e-02
3.845703159000000255e+02	1.094421814159893813e-01
3.847656258999999750e+02	6.761232890060142608e-02
3.849609358999999813e+02	6.994903417252551492e-02
3.851562458999999876e+02	8.688988818207477038e-02
3.853515659000000255e+02	4.467155539737355241e-02
3.855468758999999750e+02	8.786090656437828272e-02
3.857421858999999813e+02	3.459195248462343386e-02
3.859374958999999876e+02	8.743726779699478868e-02
3.861328159000000255e+02	9.549210516886219580e-02
3.863281258999999750e+02	9.128538512061012966e-02
3.865234358999999813e+02	1.106872426618306093e-01
3.867187458999999876e+02	9.978320302260357266e-02
3.869140659000000255e+02	9.263129512716261615e-02
3.871093758999999750e+02	9.526352888238953653e-02
3.873046858999999813e+02	1.132384797165819634e-01
3.874999958999999876e+02	5.996276502140673870e-02
3.876953159000000255e+02	1.095371217688771992e-01
3.878906258999999750e+02	1.355784690221533140e-01
3.880859358999999813e+02	9.974659232129745590e-02
3.882812458999999876e+02	7.319570400223796014e-02
3.884765659000000255e+02	7.812531781906173478e-02
3.886718758999999750e+02	1.147878881264041695e-01
3.888671858999999813e+02	1.120242002555684735e-01
3.890624958999999876e+02	1.286442647182717280e-01
3.892578159000000255e+02	8.422411145153319012e-02
3.894531258999999750e+02	1.303962656160742029e-01
3.896484358999999813e+02	1.120242002555684735e-01
3.898437458999999876e+02	8.977708791318050885e-02
3.900390659000000255e+02	1.481782471628196873e-01
3.902343758999999750e+02	1.054484749155708556e-01
3.904296858999999813e+02	7.919667744155134415e-02
3.906249958999999876e+02	9.019177514799281425e-02
3.908203159000000255e+02	6.923090950082588790e-02
3.910156258999999750e+02	1.281847329100660460e-01
3.912109358999999813e+02	1.176382756406813002e-01
3.914062458999999876e+02	9.044613395917622256e-02
3.916015659000000255e+02	7.911449360990729929e-02
3.917968758999999750e+02	6.126477394795593057e-02
3.919921858999999813e+02	1.156718055948822155e-01
3.921874958999999876e+02	9.131903017737741379e-02
3.923828159000000255e+02	1.042723946668111523e-01
3.925781258999999750e+02	7.177942103832180010e-02
3.927734358999999813e+02	6.953896463649478221e-02
3.929687458999999876e+02	6.763610349103998942e-02
3.931640659000000255e+02	8.234810222673161206e-02
3.933593758999999750e+02	1.281274171127364525e-01
3.935546858999999813e+02	1.012335235212109552e-01
3.937499958999999876e+02	1.148729222106084080e-01
3.939453159000000255e+02	9.621541490909102379e-02
3.941406258999999750e+02	1.412860410835250491e-01
3.943359358999999813e+02	1.265976176283860610e-01
3.945312458999999876e+02	9.676457041168617934e-02
3.947265659000000255e+02	1.350548561814797210e-01
3.949218758999999750e+02	1.014867739719598205e-01
3.951171858999999813e+02	1.158211024083470875e-01
3.953124958999999876e+02	1.200375580041921353e-01
3.955078159000000255e+02	1.276095996275383726e-01
3.957031258999999750e+02	1.154908715141367281e-01
3.958984358999999813e+02	1.116444827479607937e-01
3.960937458999999876e+02	1.131336665690554355e-01
3.962890659000000255e+02	1.071397936043041454e-01
3.964843758999999750e+02	6.531502843364478395e-02
3.966796858999999813e+02	9.975056103266943808e-02
3.968749958999999876e+02	1.258386086213914012e-01
3.970703159000000255e+02	1.085936403417875340e-01
3.972656258999999750e+02	7.108314175275509683e-02
3.974609358999999813e+02	7.311845099304292717e-02
3.976562458999999876e+02	1.415171602027083253e-01
3.978515659000000255e+02	1.352040378600971593e-01
3.980468758999999750e+02	1.234349302326052111e-01
3.982421858999999813e+02	9.984058347606605821e-02
3.984374958999999876e+02	8.663847024771342831e-02
3.986328159000000255e+02	8.536351262787533756e-02
3.988281258999999750e+02	6.949637098618666187e-02
3.990234358999999813e+02	8.886751169585771493e-02
3.992187458999999876e+02	9.061240227963551774e-02
3.994140659000000255e+02	1.202194528521545180e-01
3.996093758999999750e+02	1.067787868573599752e-01
3.998046858999999813e+02	9.209095752122919976e-02
3.999999958999999876e+02	8.137390571399905070e-02
4.001953159000000255e+02	9.368125350855649458e-02
4.003906258999999750e+02	1.145664091679634566e-01
4.005859358999999813e+02	1.034088432658109014e-01
4.007812458999999876e+02	9.917277975429072967e-02
4.009765659000000255e+02	9.031153434291461224e-02
4.011718758999999750e+02	6.688422844188224303e-02
4.013671858999999813e+02	1.012869491942218758e-01
4.015624958999999876e+02	8.023036413493223051e-02
4.017578159000000255e+02	6.434611415545177238e-02
4.019531258999999750e+02	4.745453616628303450e-02
4.021484358999999813e+02	8.484974843466552841e-02
4.023437458999999876e+02	1.052555977179974178e-01
4.025390659000000255e+02	7.766586844816814050e-02
4.027343758999999750e+02	9.723455287480753384e-02
4.029296858999999813e+02	1.219503048428620673e-01
4.031249958999999876e+02	3.684543707149856573e-02
4.033203159000000255e+02	7.023628205540255465e-02
4.035156258999999750e+02	5.392648658530063699e-02
4.037109358999999813e+02	8.800244864142214851e-02
4.039062458999999876e+02	8.483589223340182173e-02
4.041015659000000255e+02	7.240239463945918885e-02
4.042968758999999750e+02	8.262233442654753901e-02
4.044921858999999813e+02	8.737490720942098221e-02
4.046874958999999876e+02	9.786876923200971135e-02
4.048828159000000255e+02	9.017593932629175413e-02
4.050781258999999750e+02	5.413264188648980735e-02
4.052734358999999813e+02	9.614318601497906513e-02
4.054687458999999876e+02	6.470178373439772201e-02
4.056640659000000255e+02	7.030066240529997401e-02
4.058593758999999750e+02	1.081347442640829826e-01
4.060546858999999813e+02	1.101156419311202228e-01
4.062499958999999876e+02	7.203594389738121606e-02
4.064453159000000255e+02	7.175168914080742866e-02
4.066406258999999750e+02	9.685955862342154887e-02
4.068359358999999813e+02	9.266889716240633845e-02
4.070312458999999876e+02	6.476617822221442111e-02
4.072265659000000255e+02	1.107792052093703461e-01
4.074218758999999750e+02	6.964791930884395299e-02
4.076171858999999813e+02	9.843668790632875698e-02
4.078124958999999876e+02	9.758976427870891257e-02
4.080078159000000255e+02	1.071210008552831994e-01
4.082031258999999750e+02	1.044009846558111576e-01
4.083984358999999813e+02	9.403848712506324148e-02
4.085937458999999876e+02	5.947424909141574290e-02
4.087890659000000255e+02	1.168335099737731753e-01
4.089843758999999750e+02	7.350965038295420584e-02
4.091796858999999813e+02	1.041408386277566933e-01
4.093749958999999876e+02	7.568241435231648495e-02
4.095703159000000255e+02	8.997007868876139014e-02
4.097656258999999750e+02	7.926994412647658805e-02
4.099609358999999813e+02	1.002303795735990377e-01
4.101562458999999876e+02	1.134125076477605631e-01
4.103515659000000255e+02	6.852662869774484022e-02
4.105468758999999750e+02	9.614318601497906513e-02
4.107421858999999813e+02	7.838078688251215453e-02
4.109374958999999876e+02	8.687306227429125727e-02
4.111328159000000255e+02	7.214290889918117955e-02
4.113281258999999750e+02	1.060320424164835629e-01
4.115234358999999813e+02	9.636285538422129093e-02
4.117187458999999876e+02	8.193625125015024935e-02
4.119140659000000255e+02	8.870816186437124884e-02
4.121093758999999750e+02	1.165734925376327169e-01
4.123046858999999813e+02	8.868143653750060196e-02
4.124999958999999876e+02	9.418988444224574152e-02
4.126953159000000255e+02	6.904072588564602597e-02
4.128906258999999750e+02	7.515558639457964318e-02
4.130859358999999813e+02	7.252124307413332360e-02
4.132812458999999876e+02	9.549210516886219580e-02
4.134765659000000255e+02	5.420994969005477060e-02
4.136718758999999750e+02	5.923543865694647081e-02
4.138671858999999813e+02	6.710909452516666818e-02
4.140624958999999876e+02	7.571113717613542349e-02
4.142578159000000255e+02	9.971691619841038801e-02
4.144531258999999750e+02	1.257002379261873415e-01
4.146484358999999813e+02	8.589112196704817848e-02
4.148437458999999876e+02	5.762413795405940675e-02
4.150390659000000255e+02	1.095054693610642005e-01
