# time(sec)	crack length FEA(mm)
8.536914035899999362e+03	4.621095749257051466e-01
8.537109335900000588e+03	4.405116387907010989e-01
8.537304735899999287e+03	4.472971430589485209e-01
8.537500035900000512e+03	4.474015399431010565e-01
8.537695335899999918e+03	4.540124568080479150e-01
8.537890635899999324e+03	4.519319240941648275e-01
8.538085935900000550e+03	4.671373836357517462e-01
8.538281235899999956e+03	4.536642347479578063e-01
8.538476535899999362e+03	4.720763931673932490e-01
8.538671835900000588e+03	4.714116833347716806e-01
8.538867235899999287e+03	4.690294847445350968e-01
8.539062535900000512e+03	4.948308080739760584e-01
8.539257835899999918e+03	4.828459034838665787e-01
8.539453135899999324e+03	4.641960914490894652e-01
8.539648435900000550e+03	4.860937380986829481e-01
8.539843735899999956e+03	4.681892098893118970e-01
8.540039035899999362e+03	5.010902319918546510e-01
8.540234335900000588e+03	4.619467282533040731e-01
8.540429735899999287e+03	4.996240980327968373e-01
8.540625035900000512e+03	4.489195315238028172e-01
8.540820335899999918e+03	4.636461921779506667e-01
8.541015635899999324e+03	4.649331181330929041e-01
8.541210935900000550e+03	4.918236556873285537e-01
8.541406235899999956e+03	4.648785575079195098e-01
8.541601535899999362e+03	4.966019746320764483e-01
8.541796835900000588e+03	4.431620443986457047e-01
8.541992235899999287e+03	4.413069873475414795e-01
8.542187535900000512e+03	4.827611553294808289e-01
8.542382835899999918e+03	4.417344308184922852e-01
8.542578135899999324e+03	4.855511553381042233e-01
8.542773435900000550e+03	4.785959350692650105e-01
8.542968735899999956e+03	4.582919810720333942e-01
8.543164035899999362e+03	4.370167187913249762e-01
8.543359335900000588e+03	4.625141952109856902e-01
8.543554735899999287e+03	4.707898317812961864e-01
8.543750035900000512e+03	4.753159208687307569e-01
8.543945335899999918e+03	4.446071598239509370e-01
8.544140635899999324e+03	4.881187788937140226e-01
8.544335935900000550e+03	4.660289613518884266e-01
8.544531235899999956e+03	4.460873154655438100e-01
8.544726535899999362e+03	4.610330817729106911e-01
8.544921835900000588e+03	4.686229785344746546e-01
8.545117235899999287e+03	4.826802480605536516e-01
8.545312535900000512e+03	4.796550978685161226e-01
8.545507835899999918e+03	4.921401779229572782e-01
8.545703135899999324e+03	4.453808952868634208e-01
8.545898435900000550e+03	4.386632318845524736e-01
8.546093735899999956e+03	4.445964231057093485e-01
8.546289035899999362e+03	4.716553610051263945e-01
8.546484335900000588e+03	4.532575254001951492e-01
8.546679735899999287e+03	4.574796549009754187e-01
8.546875035900000512e+03	4.747672658455410755e-01
8.547070335899999918e+03	4.808730042972477747e-01
8.547265635899999324e+03	4.390624355801104883e-01
8.547460935900000550e+03	4.857654654100329594e-01
8.547656235899999956e+03	4.283148070141411523e-01
8.547851535899999362e+03	4.569490747149256293e-01
8.548046835900000588e+03	4.784400272405733290e-01
8.548242235899999287e+03	4.595411910245577047e-01
8.548437535900000512e+03	4.808876252697196207e-01
8.548632835899999918e+03	4.723034958783500770e-01
8.548828135899999324e+03	4.619594089411016569e-01
8.549023435900000550e+03	4.236199060929717319e-01
8.549218735899999956e+03	4.617517346364170550e-01
8.549414035899999362e+03	4.311441902886326005e-01
8.549609335900000588e+03	4.527698038321190666e-01
8.549804735899999287e+03	4.198315333973017260e-01
8.550000035900000512e+03	4.475254211025525564e-01
8.550195335899999918e+03	4.407897986816315949e-01
8.550390635899999324e+03	4.511447106583545974e-01
8.550585935900000550e+03	4.551165266832093437e-01
8.550781235899999956e+03	4.014966538245428040e-01
8.550976535899999362e+03	4.424829168688795278e-01
8.551171835900000588e+03	4.818044274359323254e-01
8.551367235899999287e+03	4.412259942240766009e-01
8.551562535900000512e+03	4.231277230377692433e-01
8.551757835899999918e+03	4.643150476368376189e-01
8.551953135899999324e+03	4.455321595956451830e-01
8.552148435900000550e+03	4.747799399387169217e-01
8.552343735899999956e+03	4.712557384080859890e-01
8.552539035899999362e+03	4.444295633431405435e-01
8.552734335900000588e+03	4.401622788726413660e-01
8.552929735899999287e+03	4.342143708700785254e-01
8.553125035900000512e+03	4.688344885346431568e-01
8.553320335899999918e+03	4.875996262707893436e-01
8.553515635899999324e+03	4.633390857681600750e-01
8.553710935900000550e+03	4.525045147754713781e-01
8.553906235899999956e+03	4.609219496573828678e-01
8.554101535899999362e+03	4.777579868953889530e-01
8.554296835900000588e+03	4.571051604337306173e-01
8.554492235899999287e+03	3.999659384267069129e-01
8.554687535900000512e+03	3.959598162656305931e-01
8.554882835899999918e+03	4.456355749699252300e-01
8.555078135899999324e+03	4.384563506522187737e-01
8.555273435900000550e+03	4.436733831355184066e-01
8.555468735899999956e+03	4.834761789188224412e-01
8.555664035899999362e+03	4.421862427250609073e-01
8.555859335900000588e+03	4.292062246462293729e-01
8.556054735899999287e+03	4.801178991951804420e-01
8.556250035900000512e+03	4.408961762815941654e-01
8.556445335899999918e+03	4.613821965207680620e-01
8.556640635899999324e+03	4.307156157962666043e-01
8.556835935900000550e+03	4.634083230241046181e-01
8.557031235899999956e+03	4.345960549660254912e-01
8.557226535899999362e+03	4.273784345440247989e-01
8.557421835900000588e+03	4.308659468720037466e-01
8.557617235899999287e+03	4.430030205438217905e-01
8.557812535900000512e+03	4.414943552273236094e-01
8.558007835899999918e+03	4.587279091748115434e-01
8.558203135899999324e+03	4.400041829778356117e-01
8.558398435900000550e+03	4.662863169902564664e-01
8.558593735899999956e+03	4.311432426612267221e-01
8.558789035899999362e+03	4.392253830765735501e-01
8.558984335900000588e+03	4.569608113364349578e-01
8.559179735899999287e+03	3.893450666989934916e-01
8.559375035900000512e+03	4.253708547357035741e-01
8.559570335899999918e+03	4.265806913091481078e-01
8.559765635899999324e+03	4.216823232465074511e-01
8.559960935900000550e+03	3.875446467405900819e-01
8.560156235899999956e+03	4.054031818755436944e-01
8.560351535899999362e+03	4.089309379583294657e-01
8.560546835900000588e+03	4.211080692940534220e-01
8.560742235899999287e+03	3.982933750101462778e-01
8.560937535900000512e+03	4.015113218896697589e-01
8.561132835899999918e+03	4.335739886349330163e-01
8.561328135899999324e+03	3.933258702626751813e-01
8.561523435900000550e+03	4.203960597570439717e-01
8.561718735899999956e+03	3.996159964631473827e-01
8.561914035899999362e+03	4.070009921965009880e-01
8.562109335900000588e+03	4.229372964342594798e-01
8.562304735899999287e+03	4.327481526925112121e-01
8.562500035900000512e+03	4.129994377136458894e-01
8.562695335899999918e+03	4.355077378872973526e-01
8.562890635899999324e+03	3.942566714952420170e-01
8.563085935900000550e+03	4.073899212766747269e-01
8.563281235899999956e+03	3.910172521806547508e-01
8.563476535899999362e+03	4.278588327863488416e-01
8.563671835900000588e+03	3.802184140284516900e-01
8.563867235899999287e+03	3.980108568397504598e-01
8.564062535900000512e+03	3.872277886478663333e-01
8.564257835899999918e+03	4.306121211327145204e-01
8.564453135899999324e+03	4.194887019502075987e-01
8.564648435900000550e+03	4.399397757328102898e-01
8.564843735899999956e+03	4.259176820008683251e-01
8.565039035899999362e+03	4.203286733359625771e-01
8.565234335900000588e+03	3.853548264179202931e-01
8.565429735899999287e+03	3.989248893690202635e-01
8.565625035900000512e+03	4.243933515522257949e-01
8.565820335899999918e+03	4.225534775077921523e-01
8.566015635899999324e+03	4.509691052350284224e-01
8.566210935900000550e+03	4.187170830725523984e-01
8.566406235899999956e+03	4.204351390988332327e-01
8.566601535899999362e+03	4.066120486055098127e-01
8.566796835900000588e+03	4.336374649563978778e-01
8.566992235899999287e+03	4.217086991776284322e-01
8.567187535900000512e+03	4.556754044680069171e-01
8.567382835899999918e+03	4.514822345641142931e-01
8.567578135899999324e+03	4.055585695337562413e-01
8.567773435900000550e+03	4.186906955580269596e-01
8.567968735899999956e+03	4.444002864963092492e-01
8.568164035899999362e+03	4.066911993822213134e-01
8.568359335900000588e+03	4.385022256692323595e-01
8.568554735899999287e+03	4.167908379457667678e-01
8.568750035900000512e+03	3.952676328497446434e-01
8.568945335899999918e+03	4.304285702969590233e-01
8.569140635899999324e+03	4.408317713638894020e-01
8.569335935900000550e+03	4.634570410783300787e-01
8.569531235899999956e+03	4.229343687186375433e-01
8.569726535899999362e+03	4.510969151370485264e-01
8.569921835900000588e+03	3.772569826706924090e-01
8.570117235899999287e+03	4.123692813222827880e-01
8.570312535900000512e+03	4.607288911759521710e-01
8.570507835899999918e+03	4.188821365464363566e-01
8.570703135899999324e+03	4.407624707135404662e-01
8.570898435900000550e+03	3.868023588855695749e-01
8.571093735899999956e+03	4.324162256947072791e-01
8.571289035899999362e+03	3.938880791998240483e-01
8.571484335900000588e+03	4.365081934071657344e-01
8.571679735899999287e+03	3.983764823004332101e-01
8.571875035900000512e+03	4.102539475710020866e-01
8.572070335899999918e+03	3.710443556928222364e-01
8.572265635899999324e+03	3.759586159877912337e-01
8.572460935900000550e+03	3.997899940433526922e-01
8.572656235899999956e+03	3.843816302689226916e-01
8.572851535899999362e+03	3.930775129448775829e-01
8.573046835900000588e+03	3.998877317478051197e-01
8.573242235899999287e+03	3.774282043577343870e-01
8.573437535900000512e+03	3.744811234991551885e-01
8.573632835899999918e+03	3.789818360097196859e-01
8.573828135899999324e+03	3.708310235328777793e-01
8.574023435900000550e+03	3.640832836084513247e-01
8.574218735899999956e+03	3.713291319713913907e-01
8.574414035899999362e+03	4.387364367584503100e-01
8.574609335900000588e+03	3.763558578782983943e-01
8.574804735899999287e+03	3.975895172008048206e-01
8.575000035900000512e+03	4.036000344126655648e-01
8.575195335899999918e+03	4.024633337624106133e-01
8.575390635899999324e+03	3.833809960037459774e-01
8.575585935900000550e+03	3.649760342000405444e-01
8.575781235899999956e+03	3.369769153799779815e-01
8.575976535899999362e+03	3.839219214258982049e-01
8.576171835900000588e+03	4.149631110507971954e-01
8.576367235899999287e+03	4.148097293385166751e-01
8.576562535900000512e+03	4.227390414864000689e-01
8.576757835899999918e+03	3.529436332498079310e-01
8.576953135899999324e+03	4.017508122963526773e-01
8.577148435900000550e+03	3.497252359063764970e-01
8.577343735899999956e+03	4.133062226504424785e-01
8.577539035899999362e+03	4.339214964370086136e-01
8.577734335900000588e+03	3.871671418305275836e-01
8.577929735899999287e+03	4.024027326644699087e-01
8.578125035900000512e+03	4.153861100231708292e-01
8.578320335899999918e+03	3.930041727286912590e-01
8.578515635899999324e+03	3.847914490457871040e-01
8.578710935900000550e+03	3.854575360703300646e-01
8.578906235899999956e+03	4.291564325143486514e-01
8.579101535899999362e+03	4.048910756718111514e-01
8.579296835900000588e+03	4.181476099205472252e-01
8.579492235899999287e+03	3.936015884808607979e-01
8.579687535900000512e+03	4.423423799558534597e-01
8.579882835899999918e+03	4.116169532418911814e-01
8.580078135899999324e+03	4.740792302727783181e-01
8.580273435900000550e+03	4.143583898641054475e-01
8.580468735899999956e+03	3.882624916980503826e-01
8.580664035899999362e+03	4.216735480418094539e-01
8.580859335900000588e+03	4.521825813077118283e-01
8.581054735899999287e+03	4.728414813402697092e-01
8.581250035900000512e+03	4.645879981615550491e-01
8.581445335899999918e+03	4.685206140761462024e-01
8.581640635899999324e+03	4.390019241661775595e-01
8.581835935900000550e+03	4.519797179977196322e-01
8.582031235899999956e+03	4.534789030681256605e-01
8.582226535899999362e+03	4.803995043911832852e-01
8.582421835900000588e+03	4.598239779752049117e-01
8.582617235899999287e+03	4.207779574169379089e-01
8.582812535900000512e+03	4.272280570792137411e-01
8.583007835899999918e+03	4.500687359741828431e-01
8.583203135899999324e+03	4.451623365027188584e-01
8.583398435900000550e+03	4.581827800428364128e-01
8.583593735899999956e+03	4.472844548308358981e-01
8.583789035899999362e+03	4.573196677805650978e-01
8.583984335900000588e+03	4.553701005429218185e-01
8.584179735899999287e+03	4.630329219362039339e-01
8.584375035900000512e+03	4.674863700777631692e-01
8.584570335899999918e+03	4.535227979801668141e-01
8.584765635899999324e+03	4.585045765643265270e-01
8.584960935900000550e+03	4.509847410980967197e-01
8.585156235899999956e+03	4.628671835059332551e-01
8.585351535899999362e+03	4.399056481240908312e-01
8.585546835900000588e+03	4.748325783748175155e-01
8.585742235899999287e+03	4.719292265460452995e-01
8.585937535900000512e+03	4.505408748113950423e-01
8.586132835899999918e+03	4.741454906029485272e-01
8.586328135899999324e+03	4.124005432050097397e-01
8.586523435900000550e+03	4.514129638171500147e-01
8.586718735899999956e+03	4.772649156681669780e-01
8.586914035899999362e+03	4.072658134989914913e-01
8.587109335900000588e+03	4.250583729836456826e-01
8.587304735899999287e+03	4.263434208213450205e-01
8.587500035900000512e+03	4.643394015926602947e-01
8.587695335899999918e+03	4.624781557145460908e-01
8.587890635899999324e+03	4.243806515489900733e-01
8.588085935900000550e+03	4.335847301480910687e-01
8.588281235899999956e+03	4.408893275562988379e-01
8.588476535899999362e+03	4.499809253994779823e-01
8.588671835900000588e+03	4.693170025351740549e-01
8.588867235899999287e+03	4.257009052576670172e-01
8.589062535900000512e+03	4.169305050157454673e-01
8.589257835899999918e+03	4.675867375161857353e-01
8.589453135899999324e+03	4.390331523665906843e-01
8.589648435900000550e+03	4.381899100203270336e-01
8.589843735899999956e+03	4.463009715915884357e-01
8.590039035899999362e+03	4.187072999782444072e-01
8.590234335900000588e+03	4.444383556101421107e-01
8.590429735899999287e+03	4.684680040218491825e-01
8.590625035900000512e+03	4.432401310060356536e-01
8.590820335899999918e+03	4.612017724652588413e-01
8.591015635899999324e+03	4.538251839604114934e-01
8.591210935900000550e+03	4.287746643413470338e-01
8.591406235899999956e+03	4.108147983481575949e-01
8.591601535899999362e+03	4.263189957888222636e-01
8.591796835900000588e+03	4.418896153098899049e-01
8.591992235899999287e+03	4.228386431321879968e-01
8.592187535900000512e+03	4.597381538186784411e-01
8.592382835899999918e+03	4.803351942065976488e-01
8.592578135899999324e+03	3.908774219191464283e-01
8.592773435900000550e+03	3.950623197036566836e-01
8.592968735899999956e+03	4.455018866931670374e-01
8.593164035899999362e+03	4.039645782403855634e-01
8.593359335900000588e+03	4.096647732346525572e-01
8.593554735899999287e+03	3.995612661538139321e-01
8.593750035900000512e+03	4.294981569907374563e-01
8.593945335899999918e+03	4.070058944550698499e-01
8.594140635899999324e+03	4.232527326911732501e-01
8.594335935900000550e+03	4.415265777991805862e-01
8.594531235899999956e+03	4.452686952585480640e-01
8.594726535899999362e+03	4.149445320933047299e-01
8.594921835900000588e+03	3.872590823139034910e-01
8.595117235899999287e+03	4.344300834810503886e-01
8.595312535900000512e+03	4.064733053877471747e-01
8.595507835899999918e+03	3.980793033849945317e-01
8.595703135899999324e+03	4.507769659799709672e-01
8.595898435900000550e+03	3.979571054696187105e-01
8.596093735899999956e+03	4.294922779540364388e-01
8.596289035899999362e+03	4.159067761728802992e-01
8.596484335900000588e+03	4.608176099820600058e-01
8.596679735899999287e+03	4.365335809383488197e-01
8.596875035900000512e+03	4.433474452052017512e-01
8.597070335899999918e+03	4.319915726708458692e-01
8.597265635899999324e+03	4.259313374292901244e-01
8.597460935900000550e+03	4.255505175812395180e-01
8.597656235899999956e+03	4.126760489014813515e-01
8.597851535899999362e+03	4.239353588012946261e-01
8.598046835900000588e+03	4.242449020313259211e-01
8.598242235899999287e+03	4.407859006757632869e-01
8.598437535900000512e+03	4.105187424335099422e-01
8.598632835899999918e+03	4.392966413545966731e-01
8.598828135899999324e+03	4.081619189446605844e-01
8.599023435900000550e+03	4.861570291588517279e-01
8.599218735899999956e+03	4.200600906465155049e-01
8.599414035899999362e+03	4.302420912474165249e-01
8.599609335900000588e+03	4.174179616593960418e-01
8.599804735899999287e+03	4.091781373473217798e-01
8.600000035900000512e+03	4.426458501697112524e-01
8.600195335899999918e+03	4.397836233037271114e-01
8.600390635899999324e+03	4.541782547616239896e-01
8.600585935900000550e+03	5.141511904772286812e-01
8.600781235899999956e+03	4.629042274692665160e-01
8.600976535899999362e+03	4.319681259760130843e-01
8.601171835900000588e+03	4.122881680918943914e-01
8.601367235899999287e+03	4.065954360601296003e-01
8.601562535900000512e+03	4.009805624504121369e-01
8.601757835899999918e+03	4.347268508454131819e-01
8.601953135899999324e+03	3.883916007728913655e-01
8.602148435900000550e+03	4.090726303214999859e-01
8.602343735899999956e+03	4.128001295279446481e-01
8.602539035899999362e+03	4.079117631137929578e-01
8.602734335900000588e+03	4.134752145759552633e-01
8.602929735899999287e+03	4.017136513019146093e-01
8.603125035900000512e+03	3.731679264793026363e-01
8.603320335899999918e+03	4.157534003157508096e-01
8.603515635899999324e+03	4.088644771530773880e-01
8.603710935900000550e+03	4.176269825801206537e-01
8.603906235899999956e+03	4.369688959016198027e-01
8.604101535899999362e+03	4.699905436601188313e-01
8.604296835900000588e+03	4.304197981983737264e-01
8.604492235899999287e+03	4.143290773527557036e-01
8.604687535900000512e+03	4.187913203549875618e-01
8.604882835899999918e+03	3.783361394107291886e-01
8.605078135899999324e+03	3.822003446293322781e-01
8.605273435900000550e+03	4.313413798581322567e-01
8.605468735899999956e+03	4.465244147143128117e-01
8.605664035899999362e+03	4.491488001543295638e-01
8.605859335900000588e+03	4.236033049733141098e-01
8.606054735899999287e+03	4.076527909931826343e-01
8.606250035900000512e+03	3.993061195454004064e-01
8.606445335899999918e+03	4.348957214798616633e-01
8.606640635899999324e+03	4.131694387984516936e-01
8.606835935900000550e+03	3.891739525861730442e-01
8.607031235899999956e+03	4.046809648362668099e-01
8.607226535899999362e+03	4.070068681912442088e-01
8.607421835900000588e+03	4.127893957601074248e-01
8.607617235899999287e+03	4.241414054201886330e-01
8.607812535900000512e+03	4.263150954980829965e-01
8.608007835899999918e+03	4.088869637223613296e-01
8.608203135899999324e+03	4.161666352298105664e-01
8.608398435900000550e+03	4.128196584274501646e-01
8.608593735899999956e+03	4.740246396634617554e-01
8.608789035899999362e+03	4.269663935790468656e-01
8.608984335900000588e+03	4.535315953858560789e-01
8.609179735899999287e+03	4.519982439757530557e-01
8.609375035900000512e+03	4.080426919123887330e-01
8.609570335899999918e+03	4.022229015166978172e-01
8.609765635899999324e+03	4.153558253230205111e-01
8.609960935900000550e+03	4.358386255784569840e-01
8.610156235899999956e+03	4.475342122665981748e-01
8.610351535899999362e+03	4.284309840706796990e-01
8.610546835900000588e+03	4.223942957240307550e-01
8.610742235899999287e+03	4.215905441827985101e-01
8.610937535900000512e+03	4.106232948746928457e-01
8.611132835899999918e+03	4.405906894311222288e-01
8.611328135899999324e+03	4.334832264355661380e-01
8.611523435900000550e+03	4.278148922140836419e-01
8.611718735899999956e+03	4.296309255624830570e-01
8.611914035899999362e+03	4.759746825243471591e-01
8.612109335900000588e+03	4.430801101927972496e-01
8.612304735899999287e+03	4.478912616159966831e-01
8.612500035900000512e+03	4.604977869033994864e-01
8.612695335899999918e+03	4.179542166324541341e-01
8.612890635899999324e+03	4.531424119142801743e-01
8.613085935900000550e+03	4.437182510220161191e-01
8.613281235899999956e+03	4.399641537648797396e-01
8.613476535899999362e+03	4.382377305449622895e-01
8.613671835900000588e+03	4.225974358275959020e-01
8.613867235899999287e+03	4.726046469529521232e-01
8.614062535900000512e+03	4.373475946447484830e-01
8.614257835899999918e+03	4.651144695812128305e-01
8.614453135899999324e+03	4.337829064542155777e-01
8.614648435900000550e+03	4.426692783442458534e-01
8.614843735899999956e+03	4.505330818789374803e-01
8.615039035899999362e+03	4.686600054755487577e-01
8.615234335900000588e+03	4.107298024460259711e-01
8.615429735899999287e+03	4.443963890606035250e-01
8.615625035900000512e+03	4.324835959239479166e-01
8.615820335899999918e+03	4.350460019575983495e-01
8.616015635899999324e+03	4.509378921346893776e-01
8.616210935900000550e+03	4.500980060962973539e-01
8.616406235899999956e+03	3.989493162886788014e-01
8.616601535899999362e+03	4.031699745926395906e-01
8.616796835900000588e+03	4.218005113595229005e-01
8.616992235899999287e+03	4.459741213044488006e-01
8.617187535900000512e+03	4.730783553103812267e-01
8.617382835899999918e+03	4.524332946263314170e-01
8.617578135899999324e+03	4.466854188924251901e-01
8.617773435900000550e+03	4.418524894810822445e-01
8.617968735899999956e+03	4.571392642610767609e-01
8.618164035899999362e+03	4.402452203407172249e-01
8.618359335900000588e+03	4.461009513626876810e-01
8.618554735899999287e+03	4.261901097262139615e-01
8.618750035900000512e+03	3.994175544323201876e-01
8.618945335899999918e+03	4.464239112353354244e-01
8.619140635899999324e+03	4.246726409241201594e-01
8.619335935900000550e+03	4.390858168556288632e-01
8.619531235899999956e+03	4.784361351819761410e-01
8.619726535899999362e+03	3.886791094531627522e-01
8.619921835900000588e+03	3.879114097289981800e-01
8.620117235899999287e+03	4.079967687026169187e-01
8.620312535900000512e+03	4.404384894784136861e-01
8.620507835899999918e+03	4.375457323685481015e-01
8.620703135899999324e+03	4.412220962870900820e-01
8.620898435900000550e+03	4.175791221391556007e-01
8.621093735899999956e+03	4.339224942686481512e-01
8.621289035899999362e+03	4.388896951370213628e-01
8.621484335900000588e+03	4.050767638765258027e-01
8.621679735899999287e+03	4.140232869604467680e-01
8.621875035900000512e+03	4.776488218583789802e-01
8.622070335899999918e+03	4.602081643158975055e-01
8.622265635899999324e+03	4.725120859402469620e-01
8.622460935900000550e+03	4.443154060744465284e-01
8.622656235899999956e+03	4.498580118571240405e-01
8.622851535899999362e+03	4.470093097537226612e-01
8.623046835900000588e+03	4.611003822942567609e-01
8.623242235899999287e+03	4.655970480371927067e-01
8.623437535900000512e+03	4.311246674795867762e-01
8.623632835899999918e+03	4.588741578086725781e-01
8.623828135899999324e+03	4.282532879717759755e-01
8.624023435900000550e+03	4.156576720853966123e-01
8.624218735899999956e+03	4.318832028002113077e-01
8.624414035899999362e+03	4.415987766608804321e-01
8.624609335900000588e+03	4.566175149438755909e-01
8.624804735899999287e+03	4.181398067584716216e-01
8.625000035900000512e+03	4.368986370001355368e-01
8.625195335899999918e+03	4.517592737114703993e-01
8.625390635899999324e+03	4.405380197695762945e-01
8.625585935900000550e+03	4.666090126441790886e-01
8.625781235899999956e+03	4.301884099108743698e-01
8.625976535899999362e+03	4.239666060581583906e-01
8.626171835900000588e+03	4.405184876207819400e-01
8.626367235899999287e+03	4.502930918720160491e-01
8.626562535900000512e+03	4.321526632734880025e-01
8.626757835899999918e+03	4.760828504822338658e-01
8.626953135899999324e+03	4.250788736121826616e-01
8.627148435900000550e+03	4.243630778877811593e-01
8.627343735899999956e+03	3.904852932330555859e-01
8.627539035899999362e+03	3.998457230549625763e-01
8.627734335900000588e+03	4.422282130328181182e-01
8.627929735899999287e+03	4.630017241006285644e-01
8.628125035900000512e+03	4.580335367372967426e-01
8.628320335899999918e+03	4.369357199750822929e-01
8.628515635899999324e+03	4.478932142481557577e-01
8.628710935900000550e+03	4.356639173629837103e-01
8.628906235899999956e+03	4.494775608983569981e-01
8.629101535899999362e+03	4.255505175812395180e-01
8.629296835900000588e+03	4.531716700111143581e-01
8.629492235899999287e+03	4.541899843234897816e-01
8.629687535900000512e+03	4.221960364194377036e-01
8.629882835899999918e+03	4.398587781232556893e-01
8.630078135899999324e+03	4.552794184669259892e-01
8.630273435900000550e+03	4.414504808253774115e-01
8.630468735899999956e+03	4.398802640602799130e-01
8.630664035899999362e+03	4.163619892403822575e-01
8.630859335900000588e+03	4.263307218205003579e-01
8.631054735899999287e+03	4.454072710617040798e-01
8.631250035900000512e+03	4.196664778738110613e-01
8.631445335899999918e+03	4.687945646957594192e-01
8.631640635899999324e+03	4.560596554442923889e-01
8.631835935900000550e+03	4.572358370638340830e-01
8.632031235899999956e+03	4.317572975959311776e-01
8.632226535899999362e+03	4.267115296421675197e-01
8.632421835900000588e+03	4.915899568208992321e-01
8.632617235899999287e+03	4.584723761591398272e-01
8.632812535900000512e+03	4.886749676345498727e-01
8.633007835899999918e+03	4.639532863871096424e-01
8.633203135899999324e+03	4.522372203040418981e-01
8.633398435900000550e+03	4.371806858745195257e-01
8.633593735899999956e+03	4.709243207649258522e-01
8.633789035899999362e+03	4.820041581863208080e-01
8.633984335900000588e+03	4.793988359713647895e-01
8.634179735899999287e+03	4.555739413058006448e-01
8.634375035900000512e+03	4.512588363357465937e-01
8.634570335899999918e+03	5.098180838593240338e-01
8.634765635899999324e+03	4.566194668854333116e-01
8.634960935900000550e+03	4.495321975061408182e-01
8.635156235899999956e+03	4.559836032799893246e-01
8.635351535899999362e+03	4.584587387219976051e-01
8.635546835900000588e+03	4.682174620648442698e-01
8.635742235899999287e+03	4.886028563234781075e-01
8.635937535900000512e+03	4.554178877851136065e-01
8.636132835899999918e+03	4.817362377515888028e-01
8.636328135899999324e+03	4.922813848277414195e-01
8.636523435900000550e+03	4.477800702730405646e-01
