# time(sec)	crack length FEA(mm)
1.848242235899999969e+03	9.885816310339379243e-02
1.848437535899999830e+03	1.446637437602902310e-01
1.848632835899999918e+03	1.198724750412019091e-01
1.848828135900000007e+03	1.299713633803616375e-01
1.849023435899999868e+03	1.356150105975562070e-01
1.849218735899999956e+03	1.203716776438827907e-01
1.849414035900000044e+03	1.786041885342939395e-01
1.849609335899999905e+03	1.565393920851416709e-01
1.849804735899999969e+03	1.415092614125317283e-01
1.850000035899999830e+03	1.370198012157519685e-01
1.850195335899999918e+03	1.088033125476233209e-01
1.850390635900000007e+03	1.097606243519706481e-01
1.850585935899999868e+03	1.226590143518144771e-01
1.850781235899999956e+03	1.061358911183880593e-01
1.850976535900000044e+03	1.334118557131152016e-01
1.851171835899999905e+03	1.394567643662725231e-01
1.851367235899999969e+03	1.377251327280060167e-01
1.851562535899999830e+03	1.480637151690302744e-01
1.851757835899999918e+03	1.411359113573613655e-01
1.851953135900000007e+03	1.078182602104504895e-01
1.852148435899999868e+03	1.380353175430251156e-01
1.852343735899999956e+03	1.578571400100763356e-01
1.852539035900000044e+03	8.180754388744659877e-02
1.852734335899999905e+03	1.383840216248728439e-01
1.852929735899999969e+03	1.369437436043483558e-01
1.853125035899999830e+03	1.210339852869282140e-01
1.853320335899999918e+03	1.412909874163901236e-01
1.853515635900000007e+03	1.241712839734390172e-01
1.853710935899999868e+03	1.406855167915743721e-01
1.853906235899999956e+03	1.544496087749855917e-01
1.854101535900000044e+03	1.616036884478955216e-01
1.854296835899999905e+03	1.422707663187559035e-01
1.854492235899999969e+03	1.408988666121473443e-01
1.854687535899999830e+03	1.410628272538900774e-01
1.854882835899999918e+03	1.393056224762982964e-01
1.855078135900000007e+03	1.572688487099505039e-01
1.855273435899999868e+03	1.188690808469932136e-01
1.855468735899999956e+03	1.644882405244949553e-01
1.855664035900000044e+03	1.366868957806950391e-01
1.855859335899999905e+03	1.292134579288024554e-01
1.856054735899999969e+03	1.483471051985851830e-01
1.856250035899999830e+03	1.546065783647154745e-01
1.856445335899999918e+03	1.693713601972763882e-01
1.856640635900000007e+03	1.469943090496705906e-01
1.856835935899999868e+03	1.485673025806466541e-01
1.857031235899999956e+03	1.551544590663525014e-01
1.857226535900000044e+03	1.694552265013360426e-01
1.857421835899999905e+03	1.312638301864055279e-01
1.857617235899999969e+03	1.541139749698867689e-01
1.857812535899999830e+03	1.555187141216602953e-01
1.858007835899999918e+03	1.650812871638507318e-01
1.858203135900000007e+03	1.788428594739599475e-01
1.858398435899999868e+03	1.383909371088449802e-01
1.858593735899999956e+03	1.456147615350982250e-01
1.858789035900000044e+03	1.541001526628331675e-01
1.858984335899999905e+03	1.203509247896494827e-01
1.859179735899999969e+03	1.556164397741088834e-01
1.859375035899999830e+03	1.673290409332004458e-01
1.859570335899999918e+03	1.610776682072589949e-01
1.859765635900000007e+03	1.539787280320137342e-01
1.859960935899999868e+03	1.533715960613157847e-01
1.860156235899999956e+03	1.676398345919807298e-01
1.860351535900000044e+03	1.539678651671323451e-01
1.860546835899999905e+03	1.361702306352476910e-01
1.860742235899999969e+03	1.586418291240967449e-01
1.860937535899999830e+03	1.489375819922411637e-01
1.861132835899999918e+03	1.714658235656063567e-01
1.861328135900000007e+03	1.417502624780802023e-01
1.861523435899999868e+03	1.424228660047166528e-01
1.861718735899999956e+03	1.596525115254756599e-01
1.861914035900000044e+03	1.508007196902099167e-01
1.862109335899999905e+03	1.886035628414273191e-01
1.862304735899999969e+03	1.623053622128995954e-01
1.862500035899999830e+03	1.519765996772459715e-01
1.862695335899999918e+03	1.672017474848193075e-01
1.862890635900000007e+03	1.582835374399227391e-01
1.863085935899999868e+03	1.375255873811198626e-01
1.863281235899999956e+03	1.991793593648729654e-01
1.863476535900000044e+03	1.515885978557189873e-01
1.863671835899999905e+03	1.957626798418559133e-01
1.863867235899999969e+03	1.579272246413871983e-01
1.864062535899999830e+03	1.529194451305482261e-01
1.864257835899999918e+03	1.447585510991729052e-01
1.864453135900000007e+03	1.595123517099032995e-01
1.864648435899999868e+03	1.620991117864853948e-01
1.864843735899999956e+03	1.404020317543075436e-01
1.865039035900000044e+03	1.089170382382960156e-01
1.865234335899999905e+03	1.010890858347117671e-01
1.865429735899999969e+03	9.880176625066638962e-02
1.865625035899999830e+03	1.206870187217319312e-01
1.865820335899999918e+03	1.530418586040678264e-01
1.866015635900000007e+03	1.520012783949589164e-01
1.866210935899999868e+03	1.154285838231992045e-01
1.866406235899999956e+03	1.067550491993056738e-01
1.866601535900000044e+03	1.369911618989938518e-01
1.866796835899999905e+03	1.470851463430218331e-01
1.866992235899999969e+03	1.102501398881265970e-01
1.867187535899999830e+03	1.843473324740934061e-01
1.867382835899999918e+03	1.157341011760735228e-01
1.867578135900000007e+03	1.206128816148517302e-01
1.867773435899999868e+03	1.156886131022716313e-01
1.867968735899999956e+03	1.223526047382819115e-01
1.868164035900000044e+03	1.138594419369187705e-01
1.868359335899999905e+03	1.019893158630669205e-01
1.868554735899999969e+03	1.463672436874308147e-01
1.868750035899999830e+03	1.177826098116909748e-01
1.868945335899999918e+03	1.180969982905040183e-01
1.869140635900000007e+03	1.300237433947550869e-01
1.869335935899999868e+03	1.473685559063362405e-01
1.869531235899999956e+03	1.404099393774664861e-01
1.869726535900000044e+03	1.471651344614954837e-01
1.869921835899999905e+03	9.653303089374887236e-02
1.870117235899999969e+03	1.334592806776928597e-01
1.870312535899999830e+03	1.344976510831745742e-01
1.870507835899999918e+03	1.137793561773818851e-01
1.870703135900000007e+03	1.654750050836213404e-01
1.870898435899999868e+03	1.530793754368069415e-01
1.871093735899999956e+03	1.500740434070113594e-01
1.871289035900000044e+03	1.551890048877258010e-01
1.871484335899999905e+03	1.217862193846990237e-01
1.871679735899999969e+03	1.498173383954579663e-01
1.871875035899999830e+03	1.834500683921937991e-01
1.872070335899999918e+03	1.319574664502276562e-01
1.872265635900000007e+03	1.573014160441879028e-01
1.872460935899999868e+03	1.500612111872712262e-01
1.872656235899999956e+03	1.190667958609594734e-01
1.872851535900000044e+03	1.496169053133034055e-01
1.873046835899999905e+03	1.865953233120016819e-01
1.873242235899999969e+03	1.638862793888318237e-01
1.873437535899999830e+03	1.522787045227040892e-01
1.873632835899999918e+03	1.766079741186121765e-01
1.873828135900000007e+03	1.322933966618240476e-01
1.874023435899999868e+03	7.572895898878684307e-02
1.874218735899999956e+03	1.095746951470459862e-01
1.874414035900000044e+03	1.437018480876357529e-01
1.874609335899999905e+03	1.109176495778250171e-01
1.874804735899999969e+03	1.226807586960951824e-01
1.875000035899999830e+03	1.391742581970376591e-01
1.875195335899999918e+03	1.299427160243897816e-01
1.875390635900000007e+03	1.185151634366565787e-01
1.875585935899999868e+03	1.491715907413198039e-01
1.875781235899999956e+03	1.132473811695966504e-01
1.875976535900000044e+03	1.248423803371032648e-01
1.876171835899999905e+03	1.241465693950338789e-01
1.876367235899999969e+03	1.490679113096504693e-01
1.876562535899999830e+03	1.424850867953519895e-01
1.876757835899999918e+03	1.215954458734849197e-01
1.876953135900000007e+03	1.139622730710208032e-01
1.877148435899999868e+03	1.154543006578556685e-01
1.877343735899999956e+03	1.007903248491146542e-01
1.877539035900000044e+03	1.165418574797030260e-01
1.877734335899999905e+03	1.412554213100314371e-01
1.877929735899999969e+03	1.606661203984494080e-01
1.878125035899999830e+03	1.398923666125782006e-01
1.878320335899999918e+03	1.391495668625370996e-01
1.878515635900000007e+03	1.164746211720046887e-01
1.878710935899999868e+03	1.385608283145156605e-01
1.878906235899999956e+03	1.529776880686455343e-01
1.879101535900000044e+03	1.444741280081025536e-01
1.879296835899999905e+03	1.517120185521836362e-01
1.879492235899999969e+03	1.667310976747344853e-01
1.879687535899999830e+03	1.247109234068783934e-01
1.879882835899999918e+03	1.533261761139659285e-01
1.880078135900000007e+03	1.457905333013016502e-01
1.880273435899999868e+03	1.352899872865265252e-01
1.880468735899999956e+03	1.356535463722519097e-01
1.880664035900000044e+03	1.725805547252701189e-01
1.880859335899999905e+03	1.248700486901714868e-01
1.881054735899999969e+03	1.382289276077663942e-01
1.881250035899999830e+03	9.559501141885462516e-02
1.881445335899999918e+03	1.242127918451689794e-01
1.881640635900000007e+03	1.230909599753395867e-01
1.881835935899999868e+03	1.551929563703975390e-01
1.882031235899999956e+03	1.415823442162444934e-01
1.882226535900000044e+03	1.210211297270511466e-01
1.882421835899999905e+03	1.488082273973319047e-01
1.882617235899999969e+03	1.059153299994797237e-01
1.882812535899999830e+03	1.241169135668727108e-01
1.883007835899999918e+03	1.351773653035159839e-01
1.883203135900000007e+03	1.223120787135290044e-01
1.883398435899999868e+03	1.441126817372406776e-01
1.883593735899999956e+03	8.740361075003910685e-02
1.883789035900000044e+03	1.055849689859229557e-01
1.883984335899999905e+03	9.203949643477749021e-02
1.884179735899999969e+03	1.222834141319406598e-01
1.884375035899999830e+03	1.380234549853689430e-01
1.884570335899999918e+03	1.368577998384967742e-01
1.884765635900000007e+03	9.546044358414995656e-02
1.884960935899999868e+03	1.376915471746507080e-01
1.885156235899999956e+03	8.771144457923973903e-02
1.885351535900000044e+03	8.881703280238539833e-02
1.885546835899999905e+03	1.316847553735005505e-01
1.885742235899999969e+03	9.116761304078835337e-02
1.885937535899999830e+03	1.230781224485859582e-01
1.886132835899999918e+03	1.190371340375317999e-01
1.886328135900000007e+03	1.114130801563604223e-01
1.886523435899999868e+03	1.248097538846799637e-01
1.886718735899999956e+03	1.360487107386170180e-01
1.886914035900000044e+03	1.697324511148767812e-01
1.887109335899999905e+03	1.635803811303944144e-01
1.887304735899999969e+03	1.324613685699098653e-01
1.887500035899999830e+03	1.489504063049658100e-01
1.887695335899999918e+03	1.466931160525071220e-01
1.887890635900000007e+03	1.274623422698084596e-01
1.888085935899999868e+03	1.429453241204665659e-01
1.888281235899999956e+03	1.019952556529126753e-01
1.888476535900000044e+03	1.376470916447125603e-01
1.888671835899999905e+03	9.378713377664027462e-02
1.888867235899999969e+03	1.118689519297788593e-01
1.889062535899999830e+03	1.299545654235938485e-01
1.889257835899999918e+03	1.304041679028422607e-01
1.889453135900000007e+03	1.271075611407042061e-01
1.889648435899999868e+03	1.132315573058093605e-01
1.889843735899999956e+03	1.405136460974016899e-01
1.890039035900000044e+03	1.112390383853707476e-01
1.890234335899999905e+03	8.164418801102080181e-02
1.890429735899999969e+03	1.177450402061133161e-01
1.890625035899999830e+03	1.229436846216209744e-01
1.890820335899999918e+03	1.268407228375867390e-01
1.891015635900000007e+03	1.255598968837929874e-01
1.891210935899999868e+03	1.202451478027484200e-01
1.891406235899999956e+03	1.267181900244711557e-01
1.891601535900000044e+03	1.179892331464564847e-01
1.891796835899999905e+03	1.150874765689131607e-01
1.891992235899999969e+03	1.375275560281110643e-01
1.892187535899999830e+03	1.272785303958556824e-01
1.892382835899999918e+03	1.506467031556013580e-01
1.892578135900000007e+03	1.253879396228452237e-01
1.892773435899999868e+03	1.214837474293268826e-01
1.892968735899999956e+03	1.380886480709833108e-01
1.893164035900000044e+03	1.375127572297110135e-01
1.893359335899999905e+03	1.587464609626287881e-01
1.893554735899999969e+03	1.002234535815720307e-01
1.893750035899999830e+03	1.392275863056990914e-01
1.893945335899999918e+03	8.984933592832966553e-02
1.894140635900000007e+03	1.639405552355199802e-01
1.894335935899999868e+03	1.340471374192357956e-01
1.894531235899999956e+03	1.216211394172397320e-01
1.894726535900000044e+03	1.152407176412051371e-01
1.894921835899999905e+03	1.374277912533532486e-01
1.895117235899999969e+03	9.883441797013858832e-02
1.895312535899999830e+03	1.441442905727505774e-01
1.895507835899999918e+03	1.136073013077147920e-01
1.895703135900000007e+03	1.191963037443564133e-01
1.895898435899999868e+03	1.041230292706210037e-01
1.896093735899999956e+03	1.272261531458855899e-01
1.896289035900000044e+03	1.579114289086511747e-01
1.896484335899999905e+03	1.463445273833219318e-01
1.896679735899999969e+03	1.405067311981298417e-01
1.896875035899999830e+03	1.472263595531870806e-01
1.897070335899999918e+03	1.603147670798215074e-01
1.897265635900000007e+03	1.139335989654011172e-01
1.897460935899999868e+03	1.397353134395977747e-01
1.897656235899999956e+03	9.894225672904433111e-02
1.897851535900000044e+03	1.254739141556235893e-01
1.898046835899999905e+03	1.107762405989625165e-01
1.898242235899999969e+03	1.677661257272902162e-01
1.898437535899999830e+03	1.072841965513138263e-01
1.898632835899999918e+03	1.627208418909642518e-01
1.898828135900000007e+03	1.305108952144244938e-01
1.899023435899999868e+03	1.477003357813959639e-01
1.899218735899999956e+03	1.527604975308953783e-01
1.899414035900000044e+03	1.356357678180550863e-01
1.899609335899999905e+03	1.840643576089782130e-01
1.899804735899999969e+03	1.619185035154657726e-01
1.900000035899999830e+03	1.400227429086715603e-01
1.900195335899999918e+03	1.521829418444973214e-01
1.900390635900000007e+03	1.241949967013589173e-01
1.900585935899999868e+03	1.521177853605859553e-01
1.900781235899999956e+03	1.203736646183894976e-01
1.900976535900000044e+03	1.587622476910599545e-01
1.901171835899999905e+03	1.393402070927951542e-01
1.901367235899999969e+03	1.232006730151837814e-01
1.901562535899999830e+03	1.318912559256979478e-01
1.901757835899999918e+03	1.792343789216523930e-01
1.901953135900000007e+03	1.595863909842254458e-01
1.902148435899999868e+03	1.248028431500536328e-01
1.902343735899999956e+03	1.205832301073694879e-01
1.902539035900000044e+03	1.159555698471024243e-01
1.902734335899999905e+03	1.349481651513269043e-01
1.902929735899999969e+03	1.911192941023074354e-01
1.903125035899999830e+03	1.358135867381129458e-01
1.903320335899999918e+03	1.503268020247574555e-01
1.903515635900000007e+03	1.469024620244994139e-01
1.903710935899999868e+03	1.544249324657620548e-01
1.903906235899999956e+03	1.157667224270131356e-01
1.904101535900000044e+03	1.550429013467624628e-01
1.904296835899999905e+03	1.177242766906871907e-01
1.904492235899999969e+03	1.390448447883585459e-01
1.904687535899999830e+03	1.143014251253404723e-01
1.904882835899999918e+03	1.317549046417614278e-01
1.905078135900000007e+03	1.490155794966483427e-01
1.905273435899999868e+03	1.674898625126282070e-01
1.905468735899999956e+03	1.467059584772467673e-01
1.905664035900000044e+03	1.291403221405857948e-01
1.905859335899999905e+03	1.010435797612263542e-01
1.906054735899999969e+03	1.084106758934577641e-01
1.906250035899999830e+03	1.281531124663679577e-01
1.906445335899999918e+03	1.233222465941601342e-01
1.906640635900000007e+03	1.423448395239148567e-01
1.906835935899999868e+03	9.248879043536817335e-02
1.907031235899999956e+03	6.689215325312858340e-02
1.907226535900000044e+03	1.170253132535652441e-01
1.907421835899999905e+03	1.289782699273587241e-01
1.907617235899999969e+03	1.208629735361554935e-01
1.907812535899999830e+03	1.408544082768621308e-01
1.908007835899999918e+03	8.294309409778222175e-02
1.908203135900000007e+03	1.426500211991328371e-01
1.908398435899999868e+03	1.439595997363181112e-01
1.908593735899999956e+03	1.075096901580714359e-01
1.908789035900000044e+03	1.144299638408092790e-01
1.908984335899999905e+03	1.207226139655244168e-01
1.909179735899999969e+03	8.156399625382704244e-02
1.909375035899999830e+03	9.634504052055703482e-02
1.909570335899999918e+03	9.454315830747184179e-02
1.909765635900000007e+03	1.227974017961290798e-01
1.909960935899999868e+03	1.175117320380003605e-01
1.910156235899999956e+03	9.011359232334648084e-02
1.910351535900000044e+03	1.127697814873780402e-01
1.910546835899999905e+03	1.106288930749954602e-01
1.910742235899999969e+03	1.059271907313519279e-01
1.910937535899999830e+03	1.288241024755709674e-01
1.911132835899999918e+03	1.149826711298267412e-01
1.911328135900000007e+03	1.087706652703239740e-01
1.911523435899999868e+03	1.000819759676652154e-01
1.911718735899999956e+03	1.230168299602478754e-01
1.911914035900000044e+03	1.480607464738010748e-01
1.912109335899999905e+03	1.228487948900109927e-01
1.912304735899999969e+03	1.167662744461868130e-01
1.912500035899999830e+03	1.352741772985908142e-01
1.912695335899999918e+03	1.188937921243571338e-01
1.912890635900000007e+03	1.086569389177078904e-01
1.913085935899999868e+03	9.807457037313582759e-02
1.913281235899999956e+03	1.140136927270916090e-01
1.913476535900000044e+03	9.190490533817907703e-02
1.913671835899999905e+03	8.847259218806158287e-02
1.913867235899999969e+03	8.441912780907223635e-02
1.914062535899999830e+03	1.026669357178242592e-01
1.914257835899999918e+03	1.063267904729485736e-01
1.914453135900000007e+03	1.194572875727946126e-01
1.914648435899999868e+03	8.038283531964829365e-02
1.914843735899999956e+03	1.024878879339929938e-01
1.915039035900000044e+03	1.272933606929882444e-01
1.915234335899999905e+03	9.211075015337755190e-02
1.915429735899999969e+03	1.141076220849779332e-01
1.915625035899999830e+03	9.440759033491552543e-02
1.915820335899999918e+03	1.036234954572492484e-01
1.916015635900000007e+03	1.147562423280579225e-01
1.916210935899999868e+03	9.754622365678322637e-02
1.916406235899999956e+03	9.106864516622614758e-02
1.916601535900000044e+03	1.154256197609768719e-01
1.916796835899999905e+03	1.012918864107028583e-01
1.916992235899999969e+03	9.191876360009842983e-02
1.917187535899999830e+03	1.395140543120874099e-01
1.917382835899999918e+03	1.219018732102821190e-01
1.917578135900000007e+03	1.268950788608869118e-01
1.917773435899999868e+03	9.040753393186662379e-02
1.917968735899999956e+03	9.051739218817367316e-02
1.918164035900000044e+03	1.132948442074663831e-01
1.918359335899999905e+03	1.135667611801025600e-01
1.918554735899999969e+03	1.156035817771812191e-01
1.918750035899999830e+03	1.051299773743519239e-01
1.918945335899999918e+03	1.234724828428284127e-01
1.919140635900000007e+03	1.203776130929039567e-01
1.919335935899999868e+03	1.562333872315502248e-01
1.919531235899999956e+03	1.436396218297115723e-01
1.919726535900000044e+03	1.464472256116788884e-01
1.919921835899999905e+03	1.531080048808242111e-01
1.920117235899999969e+03	1.426826159980620901e-01
1.920312535899999830e+03	1.275749988525198830e-01
1.920507835899999918e+03	1.358323665285894322e-01
1.920703135900000007e+03	1.510643435952268021e-01
1.920898435899999868e+03	1.570734099006809714e-01
1.921093735899999956e+03	1.728784711933339935e-01
1.921289035900000044e+03	1.330018314188805562e-01
1.921484335899999905e+03	1.116929341478982707e-01
1.921679735899999969e+03	1.216369580003462403e-01
1.921875035899999830e+03	1.337418426671206362e-01
1.922070335899999918e+03	1.282608340295219307e-01
1.922265635900000007e+03	1.549244576426431763e-01
1.922460935899999868e+03	1.347723089657684170e-01
1.922656235899999956e+03	1.498538677289218413e-01
1.922851535900000044e+03	1.267033593877986419e-01
1.923046835899999905e+03	1.442795820468987245e-01
1.923242235899999969e+03	1.344877727125588507e-01
1.923437535899999830e+03	1.196391781289030121e-01
1.923632835899999918e+03	1.515431831609177493e-01
1.923828135900000007e+03	1.280374959011822966e-01
1.924023435899999868e+03	1.499555592779788782e-01
1.924218735899999956e+03	1.289980225106841516e-01
1.924414035900000044e+03	1.577880387119616756e-01
1.924609335899999905e+03	1.402548578755862252e-01
1.924804735899999969e+03	1.455900765352211579e-01
1.925000035899999830e+03	1.253543290782310748e-01
1.925195335899999918e+03	8.868737181725983021e-02
1.925390635900000007e+03	1.386793662482954659e-01
1.925585935899999868e+03	1.077529885426837808e-01
1.925781235899999956e+03	1.134827079437794595e-01
1.925976535900000044e+03	9.735229996791616713e-02
1.926171835899999905e+03	1.279307665687863249e-01
1.926367235899999969e+03	1.340678874490706107e-01
1.926562535899999830e+03	1.128706464986439784e-01
1.926757835899999918e+03	1.117789640332862433e-01
1.926953135900000007e+03	1.216300379021433287e-01
1.927148435899999868e+03	1.049825967652218139e-01
1.927343735899999956e+03	9.332005699723566750e-02
1.927539035900000044e+03	9.520119108028879396e-02
1.927734335899999905e+03	1.131000481265900248e-01
1.927929735899999969e+03	1.147967805376097772e-01
1.928125035899999830e+03	7.784311528745391229e-02
1.928320335899999918e+03	1.396967839292440061e-01
1.928515635900000007e+03	1.395505901600841980e-01
1.928710935899999868e+03	1.200019702815744438e-01
1.928906235899999956e+03	1.247563866635310603e-01
1.929101535900000044e+03	1.284713269123471946e-01
1.929296835899999905e+03	1.302431084521735727e-01
1.929492235899999969e+03	1.542778492874692375e-01
1.929687535899999830e+03	1.358303892625638554e-01
1.929882835899999918e+03	1.447407789919648025e-01
1.930078135900000007e+03	1.417305029551592099e-01
1.930273435899999868e+03	1.133512000782683771e-01
1.930468735899999956e+03	1.074394731847299056e-01
1.930664035900000044e+03	1.274188533490914210e-01
1.930859335899999905e+03	1.260619662987387812e-01
1.931054735899999969e+03	1.415438345090684891e-01
1.931250035899999830e+03	1.353057972645075324e-01
1.931445335899999918e+03	1.603591824669017285e-01
1.931640635900000007e+03	8.900509046117122125e-02
1.931835935899999868e+03	1.339503206934793411e-01
1.932031235899999956e+03	1.366562703973848159e-01
1.932226535900000044e+03	1.283636062518240806e-01
1.932421835899999905e+03	1.755634574615445587e-01
1.932617235899999969e+03	1.512578531770536472e-01
1.932812535899999830e+03	1.231285215900399521e-01
1.933007835899999918e+03	1.602841705209900880e-01
1.933203135900000007e+03	1.680384364388842755e-01
1.933398435899999868e+03	1.334642115788557959e-01
1.933593735899999956e+03	1.179971393362428955e-01
1.933789035900000044e+03	1.218188327815177274e-01
1.933984335899999905e+03	1.384116665788504008e-01
1.934179735899999969e+03	1.492268823049602844e-01
1.934375035899999830e+03	1.270117023978141191e-01
1.934570335899999918e+03	1.587681655920682999e-01
1.934765635900000007e+03	1.378604757734471775e-01
1.934960935899999868e+03	1.119490522690025358e-01
1.935156235899999956e+03	1.381469424087029552e-01
1.935351535900000044e+03	1.521513516140942102e-01
1.935546835899999905e+03	1.425838473490959046e-01
1.935742235899999969e+03	1.470663919339152415e-01
1.935937535899999830e+03	1.314723118087623988e-01
1.936132835899999918e+03	1.030012947588243577e-01
1.936328135900000007e+03	1.223773210812328927e-01
1.936523435899999868e+03	1.276856855115653389e-01
1.936718735899999956e+03	1.351072171082439155e-01
1.936914035900000044e+03	1.459821155745988364e-01
1.937109335899999905e+03	1.405916782704164092e-01
1.937304735899999969e+03	1.300474590872759961e-01
1.937500035899999830e+03	1.428119936867293660e-01
1.937695335899999918e+03	1.559797045205613131e-01
1.937890635900000007e+03	1.264187402011511807e-01
1.938085935899999868e+03	1.727857359843234519e-01
1.938281235899999956e+03	1.350084356251191053e-01
1.938476535900000044e+03	1.374613771595285527e-01
1.938671835899999905e+03	1.247633059007959844e-01
1.938867235899999969e+03	1.260412096541490001e-01
1.939062535899999830e+03	1.388858177729641596e-01
1.939257835899999918e+03	1.266322027711215270e-01
1.939453135900000007e+03	1.451199965516725143e-01
1.939648435899999868e+03	9.747498447557489953e-02
1.939843735899999956e+03	1.452977652696141320e-01
1.940039035900000044e+03	1.588826656798012493e-01
1.940234335899999905e+03	1.452296218742894496e-01
1.940429735899999969e+03	1.382388045066598181e-01
1.940625035899999830e+03	1.460008792767233388e-01
1.940820335899999918e+03	1.200237169250293334e-01
1.941015635900000007e+03	1.230860100567419124e-01
1.941210935899999868e+03	1.188255855430764285e-01
1.941406235899999956e+03	1.654266573646872018e-01
1.941601535900000044e+03	1.416742022283372648e-01
1.941796835899999905e+03	1.281382996542177466e-01
1.941992235899999969e+03	1.855600989147720981e-01
1.942187535899999830e+03	1.279278039808318113e-01
1.942382835899999918e+03	1.402963561435388584e-01
1.942578135900000007e+03	1.632221515291014668e-01
1.942773435899999868e+03	1.614507216214295937e-01
1.942968735899999956e+03	1.501411898192870353e-01
1.943164035900000044e+03	1.804434369946488204e-01
1.943359335899999905e+03	1.167465122454238724e-01
1.943554735899999969e+03	1.278863022463916366e-01
1.943750035899999830e+03	1.460255723552066343e-01
1.943945335899999918e+03	1.751955367437894040e-01
1.944140635900000007e+03	1.558049792519646815e-01
1.944335935899999868e+03	1.738658883833501534e-01
1.944531235899999956e+03	1.352771559927301581e-01
1.944726535900000044e+03	1.523369574289556994e-01
1.944921835899999905e+03	1.354836270074954996e-01
1.945117235899999969e+03	1.693605124737480594e-01
1.945312535899999830e+03	1.682051860911002450e-01
1.945507835899999918e+03	1.650585878022532427e-01
1.945703135900000007e+03	1.638004363409741870e-01
1.945898435899999868e+03	1.716621416677099887e-01
1.946093735899999956e+03	1.327538293310226436e-01
1.946289035900000044e+03	1.547734088858057078e-01
1.946484335899999905e+03	1.523033999043406084e-01
1.946679735899999969e+03	1.191389589485361000e-01
1.946875035899999830e+03	1.261963704633153327e-01
1.947070335899999918e+03	1.114654903711738143e-01
1.947265635900000007e+03	1.356575009320000191e-01
1.947460935899999868e+03	1.024918477155711827e-01
1.947656235899999956e+03	1.098684162788146068e-01
1.947851535900000044e+03	1.189422295542374997e-01
