# time(sec)	crack length FEA(mm)
4.797226433589999942e+04	2.104250657435549954e+00
4.797246033590000297e+04	2.110074303431058951e+00
4.797265533590000268e+04	2.126585374020738328e+00
4.797285033590000239e+04	2.123205304612856281e+00
4.797304633589999867e+04	2.138441145912153729e+00
4.797324133589999838e+04	2.146499276688969005e+00
4.797343633589999808e+04	2.093987668463462626e+00
4.797363233590000164e+04	2.114167947914729950e+00
4.797382733590000134e+04	2.129835900720317809e+00
4.797402233590000105e+04	2.115889173695899572e+00
4.797421733590000076e+04	2.090347042160448865e+00
4.797441333589999704e+04	2.120022649965626726e+00
4.797460833589999675e+04	2.116298207820182853e+00
4.797480333589999645e+04	2.127196600271028970e+00
4.797499933590000001e+04	2.066264033370334374e+00
4.797519433589999971e+04	2.103453072787740297e+00
4.797538933589999942e+04	2.115294889981251814e+00
4.797558533590000297e+04	2.092124645718719478e+00
4.797578033590000268e+04	2.079187514897956390e+00
4.797597533590000239e+04	2.052622941646692567e+00
4.797617133589999867e+04	2.103231334205876379e+00
4.797636633589999838e+04	2.109352511349955606e+00
4.797656133589999808e+04	2.123498714715779556e+00
4.797675733590000164e+04	2.082683531270227206e+00
4.797695233590000134e+04	2.076349395498473527e+00
4.797714733590000105e+04	2.106579048289491496e+00
4.797734233590000076e+04	2.101535535457113468e+00
4.797753833589999704e+04	2.105738984317698126e+00
4.797773333589999675e+04	2.119542972700287464e+00
4.797792833589999645e+04	2.162359408204117983e+00
4.797812433590000001e+04	2.139227189640681814e+00
4.797831933589999971e+04	2.099381136606091047e+00
4.797851433589999942e+04	2.097030199297989839e+00
4.797871033590000297e+04	2.090399715082128296e+00
4.797890533590000268e+04	2.110116154788750364e+00
4.797910033590000239e+04	2.097114732012094862e+00
4.797929633589999867e+04	2.128510828314478687e+00
4.797949133589999838e+04	2.082162009284671100e+00
4.797968633589999808e+04	2.109497902325095708e+00
4.797988233590000164e+04	2.086031505487603965e+00
4.798007733590000134e+04	2.087675721731423906e+00
4.798027233590000105e+04	2.084656542893082332e+00
4.798046733590000076e+04	2.097737779829817129e+00
4.798066333589999704e+04	2.110320569436435534e+00
4.798085833589999675e+04	2.117346752909698537e+00
4.798105333589999645e+04	2.058779793955253012e+00
4.798124933590000001e+04	2.079459688360925540e+00
4.798144433589999971e+04	2.112184888457655063e+00
4.798163933589999942e+04	2.125951191555124353e+00
4.798183533590000297e+04	2.114194334434095879e+00
4.798203033590000268e+04	2.074002295752638503e+00
4.798222533590000239e+04	2.077072956162593798e+00
4.798242133589999867e+04	2.100991799753735734e+00
4.798261633589999838e+04	2.093560098056615359e+00
4.798281133589999808e+04	2.075246923454184156e+00
4.798300733590000164e+04	2.099611350035608837e+00
4.798320233590000134e+04	2.089603746815878793e+00
4.798339733590000105e+04	2.100910718653320686e+00
4.798359233590000076e+04	2.091368749692357198e+00
4.798378833589999704e+04	2.092599519480257797e+00
4.798398333589999675e+04	2.081072723261668145e+00
4.798417833589999645e+04	2.118620739651241536e+00
4.798437433590000001e+04	2.090105870494483042e+00
4.798456933589999971e+04	2.102854943748223349e+00
4.798476433589999942e+04	2.060097261904861199e+00
4.798496033590000297e+04	2.123366056369812682e+00
4.798515533590000268e+04	2.090750994974184707e+00
4.798535033590000239e+04	2.063832001851132247e+00
4.798554633589999867e+04	2.089793031180850136e+00
4.798574133589999838e+04	2.099909522511570259e+00
4.798593633589999808e+04	2.082415149489225570e+00
4.798613233590000164e+04	2.102731301342634751e+00
4.798632733590000134e+04	2.114585054249381812e+00
4.798652233590000105e+04	2.113024710351592006e+00
4.798671733590000076e+04	2.113940694679342869e+00
4.798691333589999704e+04	2.074602368996409041e+00
4.798710833589999675e+04	2.080854202964717459e+00
4.798730333589999645e+04	2.084351600867801579e+00
4.798749933590000001e+04	2.091486906527801892e+00
4.798769433589999971e+04	2.106944365141860231e+00
4.798788933589999942e+04	2.112064810945625482e+00
4.798808533590000297e+04	2.084688357933160319e+00
4.798828033590000268e+04	2.069622518078656270e+00
4.798847533590000239e+04	2.094202466377375060e+00
4.798867133589999867e+04	2.096030626528936125e+00
4.798886633589999838e+04	2.092425731074090578e+00
4.798906133589999808e+04	2.117333171236044365e+00
4.798925733590000164e+04	2.101535535457113468e+00
4.798945233590000134e+04	2.115448438856745383e+00
4.798964733590000105e+04	2.070873724618696343e+00
4.798984233590000076e+04	2.121429154831115937e+00
4.799003833589999704e+04	2.091948196722416498e+00
4.799023333589999675e+04	2.082470655451897912e+00
4.799042833589999645e+04	2.077691088209514092e+00
4.799062433590000001e+04	2.066648236583215947e+00
4.799081933589999971e+04	2.073838451771241154e+00
4.799101433589999942e+04	2.106030749443892347e+00
4.799121033590000297e+04	2.041138386232281832e+00
4.799140533590000268e+04	2.093923048971493728e+00
4.799160033590000239e+04	2.092139180427903256e+00
4.799179633589999867e+04	2.063392119056416618e+00
4.799199133589999838e+04	2.084819447928719427e+00
4.799218633589999808e+04	2.046785283003520917e+00
4.799238233590000164e+04	2.071275369326443183e+00
4.799257733590000134e+04	2.115213002020643884e+00
4.799277233590000105e+04	2.057825001976372192e+00
4.799296733590000076e+04	2.104545253583026465e+00
4.799316333589999704e+04	2.076917267085534036e+00
4.799335833589999675e+04	2.100887128528473369e+00
4.799355333589999645e+04	2.110190643765205820e+00
4.799374933590000001e+04	2.106188032384558539e+00
4.799394433589999971e+04	2.095705994067543543e+00
4.799413933589999942e+04	2.100190583733517968e+00
4.799433533590000297e+04	2.101324557262181258e+00
4.799453033590000268e+04	2.090508889867949804e+00
4.799472533590000239e+04	2.096183370137696400e+00
4.799492133589999867e+04	2.118148213155262027e+00
4.799511633589999838e+04	2.094540794306421816e+00
4.799531133589999808e+04	2.080297064291656284e+00
4.799550733590000164e+04	2.104224181080663669e+00
4.799570233590000134e+04	2.105834495643872373e+00
4.799589733590000105e+04	2.093378268765896166e+00
4.799609233590000076e+04	2.097456765926835942e+00
4.799628833589999704e+04	2.125380817687620549e+00
4.799648333589999675e+04	2.120849612499613457e+00
4.799667833589999645e+04	2.084000455100465388e+00
4.799687433590000001e+04	2.100240655693031755e+00
4.799706933589999971e+04	2.100246983030958248e+00
4.799726433589999942e+04	2.110578778851245119e+00
4.799746033590000297e+04	2.087913324288436456e+00
4.799765533590000268e+04	2.123480454731369704e+00
4.799785033590000239e+04	2.124319852352126503e+00
4.799804633589999867e+04	2.115074908107406060e+00
4.799824133589999838e+04	2.100832527448732279e+00
4.799843633589999808e+04	2.101645437046091303e+00
4.799863233590000164e+04	2.088056040928274015e+00
4.799882733590000134e+04	2.084219648250883239e+00
4.799902233590000105e+04	2.116376188858211549e+00
4.799921733590000076e+04	2.052548261021073017e+00
4.799941333589999704e+04	2.112098460820593715e+00
4.799960833589999675e+04	2.108788975744353422e+00
4.799980333589999645e+04	2.103983237001052942e+00
4.799999933590000001e+04	2.101256365809707205e+00
4.800019433589999971e+04	2.069231091040908410e+00
4.800038933589999942e+04	2.088543662278121715e+00
4.800058533590000297e+04	2.116810582755590531e+00
4.800078033590000268e+04	2.068114422598609892e+00
4.800097533590000239e+04	2.098136208840500672e+00
4.800117133589999867e+04	2.092293826023571057e+00
4.800136633589999838e+04	2.076970206184880041e+00
4.800156133589999808e+04	2.097273093270644040e+00
4.800175733590000164e+04	2.096810975263476706e+00
4.800195233590000134e+04	2.102381224824402040e+00
4.800214733590000105e+04	2.109289810224190376e+00
4.800234233590000076e+04	2.081849762609238041e+00
4.800253833589999704e+04	2.077887823434567238e+00
4.800273333589999675e+04	2.088753901257636159e+00
4.800292833589999645e+04	2.113165471314095711e+00
4.800312433590000001e+04	2.101376345133640910e+00
4.800331933589999971e+04	2.088774925047026443e+00
4.800351433589999942e+04	2.091255906206562543e+00
4.800371033590000297e+04	2.092770571589678497e+00
4.800390533590000268e+04	2.069392230896795581e+00
4.800410033590000239e+04	2.092533254995302627e+00
4.800429633589999867e+04	2.079312225642553358e+00
4.800449133589999838e+04	2.080033110513152650e+00
4.800468633589999808e+04	2.085114221735473450e+00
4.800488233590000164e+04	2.064956081496383433e+00
4.800507733590000134e+04	2.105329913206686498e+00
4.800527233590000105e+04	2.088980472580068692e+00
4.800546733590000076e+04	2.088168978697959588e+00
4.800566333589999704e+04	2.120559679609428372e+00
4.800585833589999675e+04	2.094210436285781185e+00
4.800605333589999645e+04	2.118941527466780883e+00
4.800624933590000001e+04	2.104582429279320266e+00
4.800644433589999971e+04	2.114901450327192123e+00
4.800663933589999942e+04	2.119081470684635704e+00
4.800683533590000297e+04	2.094009468709481681e+00
4.800703033590000268e+04	2.083166813628359648e+00
4.800722533590000239e+04	2.031941951419263148e+00
4.800742133589999867e+04	2.103474160879395427e+00
4.800761633589999838e+04	2.113968018275357963e+00
4.800781133589999808e+04	2.079142087175259945e+00
4.800800733590000164e+04	2.071543884549875258e+00
4.800820233590000134e+04	2.081585827123014099e+00
4.800839733590000105e+04	2.049816846022100236e+00
4.800859233590000076e+04	2.091487844277972741e+00
4.800878833589999704e+04	2.079037470141740229e+00
4.800898333589999675e+04	2.103800555141134510e+00
4.800917833589999645e+04	2.068905053071851796e+00
4.800937433590000001e+04	2.091563333037676387e+00
4.800956933589999971e+04	2.082816431049259620e+00
4.800976433589999942e+04	2.076419461402245759e+00
4.800996033590000297e+04	2.102800425576528909e+00
4.801015533590000268e+04	2.065109975953554056e+00
4.801035033590000239e+04	2.071943718328007833e+00
4.801054633589999867e+04	2.091648824141437046e+00
4.801074133589999838e+04	2.064689130395912287e+00
4.801093633589999808e+04	2.057748538599152965e+00
4.801113233590000164e+04	2.124033788061252537e+00
4.801132733590000134e+04	2.094489693833882171e+00
4.801152233590000105e+04	2.086847766545982807e+00
4.801171733590000076e+04	2.096292594851490776e+00
4.801191333589999704e+04	2.102836745003672902e+00
4.801210833589999675e+04	2.100748008776452735e+00
4.801230333589999645e+04	2.108770781826695639e+00
4.801249933590000001e+04	2.131841030080490640e+00
4.801269433589999971e+04	2.119482095252942955e+00
4.801288933589999942e+04	2.102433010250269518e+00
4.801308533590000297e+04	2.090640805434411220e+00
4.801328033590000268e+04	2.082030981915760748e+00
4.801347533590000239e+04	2.066343127666957713e+00
4.801367133589999867e+04	2.094342330044243639e+00
4.801386633589999838e+04	2.099225602541427094e+00
4.801406133589999808e+04	2.074778954674618703e+00
4.801425733590000164e+04	2.090518033329793468e+00
4.801445233590000134e+04	2.112319408857798564e+00
4.801464733590000105e+04	2.072892512862543057e+00
4.801484233590000076e+04	2.107894410919893602e+00
4.801503833589999704e+04	2.108957093090108259e+00
4.801523333589999675e+04	2.087410916964065777e+00
4.801542833589999645e+04	2.104311498262115165e+00
4.801562433590000001e+04	2.079574389602868223e+00
4.801581933589999971e+04	2.087438272973486164e+00
4.801601433589999942e+04	2.085273605903763539e+00
4.801621033590000297e+04	2.098740088700875361e+00
4.801640533590000268e+04	2.099040147653168376e+00
4.801660033590000239e+04	2.117633839460037137e+00
4.801679633589999867e+04	2.096611827976758491e+00
4.801699133589999838e+04	2.103570384808310934e+00
4.801718633589999808e+04	2.130749480075460056e+00
4.801738233590000164e+04	2.118715259361913184e+00
4.801757733590000134e+04	2.099711340200457244e+00
4.801777233590000105e+04	2.092694227342338564e+00
4.801796733590000076e+04	2.081139021663798161e+00
4.801816333589999704e+04	2.105742498641912874e+00
4.801835833589999675e+04	2.101340023335893648e+00
4.801855333589999645e+04	2.157967145247511098e+00
4.801874933590000001e+04	2.095831550429835488e+00
4.801894433589999971e+04	2.101471875085824337e+00
4.801913933589999942e+04	2.119812782672884310e+00
4.801933533590000297e+04	2.102386614263449971e+00
4.801953033590000268e+04	2.111700358475602002e+00
4.801972533590000239e+04	2.080013173119805714e+00
4.801992133589999867e+04	2.133133300778006003e+00
4.802011633589999838e+04	2.090444494783078255e+00
4.802031133589999808e+04	2.146515646970888369e+00
4.802050733590000164e+04	2.109356259356886198e+00
4.802070233590000134e+04	2.133404818663375835e+00
4.802089733590000105e+04	2.132627462187862477e+00
4.802109233590000076e+04	2.114023524106167784e+00
4.802128833589999704e+04	2.090341571671867626e+00
4.802148333589999675e+04	2.128160219027016353e+00
4.802167833589999645e+04	2.073280356553880210e+00
4.802187433590000001e+04	2.145362136334156844e+00
4.802206933589999971e+04	2.112862010497767784e+00
4.802226433589999942e+04	2.106858151527305267e+00
4.802246033590000297e+04	2.111595893497515419e+00
4.802265533590000268e+04	2.112825551203087571e+00
4.802285033590000239e+04	2.122982591287209786e+00
4.802304633589999867e+04	2.081964607974050807e+00
4.802324133589999838e+04	2.114256163079399897e+00
4.802343633589999808e+04	2.090105870494483042e+00
4.802363233590000164e+04	2.142357989138826468e+00
4.802382733590000134e+04	2.116687954174427233e+00
4.802402233590000105e+04	2.118835067008724593e+00
4.802421733590000076e+04	2.093112593747694206e+00
4.802441333589999704e+04	2.116669844740698636e+00
4.802460833589999675e+04	2.138585411963765281e+00
4.802480333589999645e+04	2.120293390691179169e+00
4.802499933590000001e+04	2.146599057268460342e+00
4.802519433589999971e+04	2.084124279169428107e+00
4.802538933589999942e+04	2.064745697380354628e+00
4.802558533590000297e+04	2.104446144124427320e+00
4.802578033590000268e+04	2.116478914214843243e+00
4.802597533590000239e+04	2.097369421993304783e+00
4.802617133589999867e+04	2.092832459468105810e+00
4.802636633589999838e+04	2.103443231671500158e+00
4.802656133589999808e+04	2.085592839836429846e+00
4.802675733590000164e+04	2.111421315658660092e+00
4.802695233590000134e+04	2.099147405448638537e+00
4.802714733590000105e+04	2.105324290183968827e+00
4.802734233590000076e+04	2.083241392345435372e+00
4.802753833589999704e+04	2.132974335312978198e+00
4.802773333589999675e+04	2.108067220268550201e+00
4.802792833589999645e+04	2.093701137808688273e+00
4.802812433590000001e+04	2.102817530862466811e+00
4.802831933589999971e+04	2.075144947132974593e+00
4.802851433589999942e+04	2.116934147348244366e+00
4.802871033590000297e+04	2.106039808471480868e+00
4.802890533590000268e+04	2.079519736528101959e+00
4.802910033590000239e+04	2.051156682232697648e+00
4.802929633589999867e+04	2.082099153768968591e+00
4.802949133589999838e+04	2.119947335228591356e+00
4.802968633589999808e+04	2.131050981925442400e+00
4.802988233590000164e+04	2.113270007029541375e+00
4.803007733590000134e+04	2.138236832395342901e+00
4.803027233590000105e+04	2.115016828784504810e+00
4.803046733590000076e+04	2.112618348857701278e+00
4.803066333589999704e+04	2.103636929036570180e+00
4.803085833589999675e+04	2.090897444629597146e+00
4.803105333589999645e+04	2.112662849900111439e+00
4.803124933590000001e+04	2.077502639891836367e+00
4.803144433589999971e+04	2.079275868036344121e+00
4.803163933589999942e+04	2.064664563224063443e+00
4.803183533590000297e+04	2.100661536939405494e+00
4.803203033590000268e+04	2.090768265767783518e+00
4.803222533590000239e+04	2.098125271668223490e+00
4.803242133589999867e+04	2.121040271566947411e+00
4.803261633589999838e+04	2.108948894177800071e+00
4.803281133589999808e+04	2.084326273530045626e+00
4.803300733590000164e+04	2.126331796823723863e+00
4.803320233590000134e+04	2.099317470105578565e+00
4.803339733590000105e+04	2.123349669107717830e+00
4.803359233590000076e+04	2.108101657037501298e+00
4.803378833589999704e+04	2.099543934539498835e+00
4.803398333589999675e+04	2.106962560545220242e+00
4.803417833589999645e+04	2.109124272160819658e+00
4.803437433590000001e+04	2.088056040928274015e+00
4.803456933589999971e+04	2.112407475170128279e+00
4.803476433589999942e+04	2.121111212245578415e+00
4.803496033590000297e+04	2.078820650175543960e+00
4.803515533590000268e+04	2.091483389964320594e+00
4.803535033590000239e+04	2.102498542465047748e+00
4.803554633589999867e+04	2.082387709166733103e+00
4.803574133589999838e+04	2.119402095791173224e+00
4.803593633589999808e+04	2.088693877839517654e+00
4.803613233590000164e+04	2.081199065330391562e+00
4.803632733590000134e+04	2.076948389348158841e+00
4.803652233590000105e+04	2.109579811217630052e+00
4.803671733590000076e+04	2.096773708526619373e+00
4.803691333589999704e+04	2.116828770132688220e+00
4.803710833589999675e+04	2.083991387149326968e+00
4.803730333589999645e+04	2.106923514597065505e+00
4.803749933590000001e+04	2.084151482850449710e+00
4.803769433589999971e+04	2.093147131678353645e+00
4.803788933589999942e+04	2.110326191203251156e+00
4.803808533590000297e+04	2.088429085111124905e+00
4.803828033590000268e+04	2.116133736410672483e+00
4.803847533590000239e+04	2.084682964231758362e+00
4.803867133589999867e+04	2.056619558204204168e+00
4.803886633589999838e+04	2.115781918089712832e+00
4.803906133589999808e+04	2.083596380508074830e+00
4.803925733590000164e+04	2.066625549140002960e+00
4.803945233590000134e+04	2.085952324315369921e+00
4.803964733590000105e+04	2.044830784805498070e+00
4.803984233590000076e+04	2.063980505336196813e+00
4.804003833589999704e+04	2.088280743542538787e+00
4.804023333589999675e+04	2.085542891438603164e+00
4.804042833589999645e+04	2.083931116449754484e+00
4.804062433590000001e+04	2.087749503847934562e+00
4.804081933589999971e+04	2.105596146095113141e+00
4.804101433589999942e+04	2.084809364110144614e+00
4.804121033590000297e+04	2.070111479384202369e+00
4.804140533590000268e+04	2.084924116134029504e+00
4.804160033590000239e+04	2.097386687681613182e+00
4.804179633589999867e+04	2.065769355194664314e+00
4.804199133589999838e+04	2.094775511186437456e+00
4.804218633589999808e+04	2.065092607135301961e+00
4.804238233590000164e+04	2.094203169604703874e+00
4.804257733590000134e+04	2.062201528538928130e+00
4.804277233590000105e+04	2.100918920512093280e+00
4.804296733590000076e+04	2.082051073871124203e+00
4.804316333589999704e+04	2.093992356690201007e+00
4.804335833589999675e+04	2.064824014643358296e+00
4.804355333589999645e+04	2.073874818199881176e+00
4.804374933590000001e+04	2.075344207180915390e+00
4.804394433589999971e+04	2.106621687118064301e+00
4.804413933589999942e+04	2.090239664040216994e+00
4.804433533590000297e+04	2.078135382078375670e+00
4.804453033590000268e+04	2.108940695262489839e+00
4.804472533590000239e+04	2.112431131221521596e+00
4.804492133589999867e+04	2.077365251468046736e+00
4.804511633589999838e+04	2.083616392886181501e+00
4.804531133589999808e+04	2.102499323539156251e+00
4.804550733590000164e+04	2.103065048353657929e+00
4.804570233590000134e+04	2.099095612418576451e+00
4.804589733590000105e+04	2.081399287904570627e+00
4.804609233590000076e+04	2.088575549952924604e+00
4.804628833589999704e+04	2.074929966389690961e+00
4.804648333589999675e+04	2.127321979948249009e+00
4.804667833589999645e+04	2.119211344699694521e+00
4.804687433590000001e+04	2.071587763370370538e+00
4.804706933589999971e+04	2.078230072927478744e+00
4.804726433589999942e+04	2.047773351778065631e+00
4.804746033590000297e+04	2.079558908487928903e+00
4.804765533590000268e+04	2.085796696931067729e+00
4.804785033590000239e+04	2.107258995160648851e+00
4.804804633589999867e+04	2.094589941286935542e+00
4.804824133589999838e+04	2.097586765568790312e+00
4.804843633589999808e+04	2.069699879648032592e+00
4.804863233590000164e+04	2.093877572989871538e+00
4.804882733590000134e+04	2.068477942416857118e+00
4.804902233590000105e+04	2.068596220028201316e+00
4.804921733590000076e+04	2.087466410548310947e+00
4.804941333589999704e+04	2.055989965539627207e+00
4.804960833589999675e+04	2.060668362373769824e+00
4.804980333589999645e+04	2.072433567557341760e+00
4.804999933590000001e+04	2.098229877689901102e+00
4.805019433589999971e+04	2.094487115366579388e+00
4.805038933589999942e+04	2.083044938649592837e+00
4.805058533590000297e+04	2.051216727945504914e+00
4.805078033590000268e+04	2.092512156592182038e+00
4.805097533590000239e+04	2.064785755794801503e+00
4.805117133589999867e+04	2.091162130023903387e+00
4.805136633589999838e+04	2.082184759185324197e+00
4.805156133589999808e+04	2.066933235854232720e+00
4.805175733590000164e+04	2.079600816935984753e+00
4.805195233590000134e+04	2.085865873475976073e+00
4.805214733590000105e+04	2.096420882425533705e+00
4.805234233590000076e+04	2.070088013239770319e+00
4.805253833589999704e+04	2.097384812675384680e+00
4.805273333589999675e+04	2.105551630989690892e+00
4.805292833589999645e+04	2.083195894667067449e+00
4.805312433590000001e+04	2.066273890834985139e+00
4.805331933589999971e+04	2.074973760378778564e+00
4.805351433589999942e+04	2.078724319823969324e+00
4.805371033590000297e+04	2.097358562571663754e+00
4.805390533590000268e+04	2.082342209754520113e+00
4.805410033590000239e+04	2.107121789216094498e+00
4.805429633589999867e+04	2.084890425375991896e+00
4.805449133589999838e+04	2.050701754410262367e+00
4.805468633589999808e+04	2.091348666094177133e+00
4.805488233590000164e+04	2.105875261596775516e+00
4.805507733590000134e+04	2.090883768741811366e+00
4.805527233590000105e+04	2.072896032345447281e+00
4.805546733590000076e+04	2.092637730868865731e+00
4.805566333589999704e+04	2.070880216693584686e+00
4.805585833589999675e+04	2.072225834623244722e+00
4.805605333589999645e+04	2.112704774485361980e+00
4.805624933590000001e+04	2.105096166084463150e+00
4.805644433589999971e+04	2.104267058701616122e+00
4.805663933589999942e+04	2.067966181170380224e+00
4.805683533590000297e+04	2.075402389529514835e+00
4.805703033590000268e+04	2.072434506105384600e+00
4.805722533590000239e+04	2.097353171921554349e+00
4.805742133589999867e+04	2.088041503568449642e+00
4.805761633589999838e+04	2.052327662082507942e+00
4.805781133589999808e+04	2.053137871104366852e+00
4.805800733590000164e+04	2.078765291550087824e+00
4.805820233590000134e+04	2.081710524518962657e+00
4.805839733590000105e+04	2.111154137096360017e+00
4.805859233590000076e+04	2.124845776598654368e+00
4.805878833589999704e+04	2.089173357294358269e+00
4.805898333589999675e+04	2.095306584204115197e+00
4.805917833589999645e+04	2.084183298607889867e+00
4.805937433590000001e+04	2.092063771753554846e+00
4.805956933589999971e+04	2.093259965632466191e+00
4.805976433589999942e+04	2.067514488580712850e+00
4.805996033590000297e+04	2.131727532582935680e+00
4.806015533590000268e+04	2.079779239712586048e+00
4.806035033590000239e+04	2.086979703680921006e+00
4.806054633589999867e+04	2.098347998315571061e+00
4.806074133589999838e+04	2.059844808639441638e+00
4.806093633589999808e+04	2.081906286303482290e+00
4.806113233590000164e+04	2.088003284335503196e+00
4.806132733590000134e+04	2.103463148211787370e+00
4.806152233590000105e+04	2.072219499364207351e+00
4.806171733590000076e+04	2.079930374108201363e+00
4.806191333589999704e+04	2.085575721383989389e+00
4.806210833589999675e+04	2.085447293490211962e+00
4.806230333589999645e+04	2.118111918586135900e+00
4.806249933590000001e+04	2.078341965562040983e+00
4.806269433589999971e+04	2.066519934878076725e+00
4.806288933589999942e+04	2.073768299590593500e+00
4.806308533590000297e+04	2.091928113643993115e+00
4.806328033590000268e+04	2.072283321151198621e+00
4.806347533590000239e+04	2.102956637747858792e+00
4.806367133589999867e+04	2.092133788520758486e+00
4.806386633589999838e+04	2.125396267130613026e+00
4.806406133589999808e+04	2.087774827314943238e+00
4.806425733590000164e+04	2.100551474289504839e+00
4.806445233590000134e+04	2.109064381437004698e+00
4.806464733590000105e+04	2.110655062102427593e+00
4.806484233590000076e+04	2.094906464008642999e+00
4.806503833589999704e+04	2.089163431743854105e+00
4.806523333589999675e+04	2.095570358027325497e+00
4.806542833589999645e+04	2.092449408260961263e+00
4.806562433590000001e+04	2.092593189980142654e+00
4.806581933589999971e+04	2.117016029004638256e+00
4.806601433589999942e+04	2.092951702549479265e+00
4.806621033590000297e+04	2.148619050325788038e+00
4.806640533590000268e+04	2.108983563843608522e+00
4.806660033590000239e+04	2.138476471685574865e+00
4.806679633589999867e+04	2.121646342759930803e+00
4.806699133589999838e+04	2.119727399134493595e+00
4.806718633589999808e+04	2.116714337719720618e+00
4.806738233590000164e+04	2.122540123399637935e+00
4.806757733590000134e+04	2.102754811416771119e+00
4.806777233590000105e+04	2.111694893204841605e+00
4.806796733590000076e+04	2.103902401047804460e+00
4.806816333589999704e+04	2.120224398554773515e+00
4.806835833589999675e+04	2.134847528679173934e+00
4.806855333589999645e+04	2.114941262987997561e+00
4.806874933590000001e+04	2.118830618136902544e+00
4.806894433589999971e+04	2.128652505984792498e+00
4.806913933589999942e+04	2.097645046413132874e+00
4.806933533590000297e+04	2.094347955827089436e+00
4.806953033590000268e+04	2.131617622772708387e+00
4.806972533590000239e+04	2.131428848096136974e+00
4.806992133589999867e+04	2.080997042770377448e+00
4.807011633589999838e+04	2.131728468647128949e+00
4.807031133589999808e+04	2.127644359310123079e+00
4.807050733590000164e+04	2.128629881306981275e+00
4.807070233590000134e+04	2.119865464309453884e+00
4.807089733590000105e+04	2.126469821199595600e+00
4.807109233590000076e+04	2.115694645681118757e+00
4.807128833589999704e+04	2.108421658763163009e+00
4.807148333589999675e+04	2.109022606195722460e+00
4.807167833589999645e+04	2.123841906006047608e+00
4.807187433590000001e+04	2.146874153133380148e+00
4.807206933589999971e+04	2.104232381724903789e+00
