# time(sec)	crack length FEA(mm)
5.006249933590000001e+04	2.230527675060024251e+00
5.006269433589999971e+04	2.214700678295301373e+00
5.006288933589999942e+04	2.206846232300986088e+00
5.006308533590000297e+04	2.215567265232390781e+00
5.006328033590000268e+04	2.260865062544398896e+00
5.006347533590000239e+04	2.230184958913044468e+00
5.006367133589999867e+04	2.245846642127142800e+00
5.006386633589999838e+04	2.233178207309478580e+00
5.006406133589999808e+04	2.225603486102912143e+00
5.006425733590000164e+04	2.231521234635112094e+00
5.006445233590000134e+04	2.226824227565732173e+00
5.006464733590000105e+04	2.219748416062079954e+00
5.006484233590000076e+04	2.227304474151717173e+00
5.006503833589999704e+04	2.269001910197401273e+00
5.006523333589999675e+04	2.244675530933744056e+00
5.006542833589999645e+04	2.216015971614899271e+00
5.006562433590000001e+04	2.211406158226356666e+00
5.006581933589999971e+04	2.219871488863933706e+00
5.006601433589999942e+04	2.231420824545661930e+00
5.006621033590000297e+04	2.228776451046298845e+00
5.006640533590000268e+04	2.239812390933099806e+00
5.006660033590000239e+04	2.235906374915243688e+00
5.006679633589999867e+04	2.236735101216357435e+00
5.006699133589999838e+04	2.222497112589930879e+00
5.006718633589999808e+04	2.246647059883377651e+00
5.006738233590000164e+04	2.248345271569716530e+00
5.006757733590000134e+04	2.233787524056655371e+00
5.006777233590000105e+04	2.257356250122754204e+00
5.006796733590000076e+04	2.225697553004113871e+00
5.006816333589999704e+04	2.235712892292838205e+00
5.006835833589999675e+04	2.243406175239009315e+00
5.006855333589999645e+04	2.210984563684643689e+00
5.006874933590000001e+04	2.244987367642609755e+00
5.006894433589999971e+04	2.226974446521005291e+00
5.006913933589999942e+04	2.259504494187547508e+00
5.006933533590000297e+04	2.238343009031604325e+00
5.006953033590000268e+04	2.240869729856509451e+00
5.006972533590000239e+04	2.272814510276353062e+00
5.006992133589999867e+04	2.232391746996968962e+00
5.007011633589999838e+04	2.240498296882922347e+00
5.007031133589999808e+04	2.217064653391485507e+00
5.007050733590000164e+04	2.237062344084236543e+00
5.007070233590000134e+04	2.237698571149064009e+00
5.007089733590000105e+04	2.226595557256612068e+00
5.007109233590000076e+04	2.219894953424256911e+00
5.007128833589999704e+04	2.221573615229065268e+00
5.007148333589999675e+04	2.255594576464858392e+00
5.007167833589999645e+04	2.252013706673675841e+00
5.007187433590000001e+04	2.247430221369857151e+00
5.007206933589999971e+04	2.257632538839349223e+00
5.007226433589999942e+04	2.222184105125595721e+00
5.007246033590000297e+04	2.249912610811684033e+00
5.007265533590000268e+04	2.211600785456589335e+00
5.007285033590000239e+04	2.239567552460027144e+00
5.007304633589999867e+04	2.247851357118179294e+00
5.007324133589999838e+04	2.212377256522648494e+00
5.007343633589999808e+04	2.221148484330640827e+00
5.007363233590000164e+04	2.222028493170855157e+00
5.007382733590000134e+04	2.252653151345619165e+00
5.007402233590000105e+04	2.228460891402917810e+00
5.007421733590000076e+04	2.251890889600186796e+00
5.007441333589999704e+04	2.262440434736845418e+00
5.007460833589999675e+04	2.236830052609562358e+00
5.007480333589999645e+04	2.259905235735477191e+00
5.007499933590000001e+04	2.242256823722160064e+00
5.007519433589999971e+04	2.232252513905768510e+00
5.007538933589999942e+04	2.221493204581184600e+00
5.007558533590000297e+04	2.229883864471505106e+00
5.007578033590000268e+04	2.245775244142755867e+00
5.007597533590000239e+04	2.254307615247139296e+00
5.007617133589999867e+04	2.257882762537036569e+00
5.007636633589999838e+04	2.210903259687576394e+00
5.007656133589999808e+04	2.250773401415965935e+00
5.007675733590000164e+04	2.280287651582625585e+00
5.007695233590000134e+04	2.269214793732013291e+00
5.007714733590000105e+04	2.243742400524762814e+00
5.007734233590000076e+04	2.244275290086379826e+00
5.007753833589999704e+04	2.204751819884238628e+00
5.007773333589999675e+04	2.233887845791237226e+00
5.007792833589999645e+04	2.213176084026127199e+00
5.007812433590000001e+04	2.244362137608693075e+00
5.007831933589999971e+04	2.226391119035191934e+00
5.007851433589999942e+04	2.237174374163499735e+00
5.007871033590000297e+04	2.235874697298015690e+00
5.007890533590000268e+04	2.268774372182997823e+00
5.007910033590000239e+04	2.222878713141200890e+00
5.007929633589999867e+04	2.248344573190985685e+00
5.007949133589999838e+04	2.266351005435467414e+00
5.007968633589999808e+04	2.248764527630893184e+00
5.007988233590000164e+04	2.236821900625272974e+00
5.008007733590000134e+04	2.203478313837761604e+00
5.008027233590000105e+04	2.200270005544528118e+00
5.008046733590000076e+04	2.245858283081062723e+00
5.008066333589999704e+04	2.249315608769562047e+00
5.008085833589999675e+04	2.198271023215133013e+00
5.008105333589999645e+04	2.216685595027987787e+00
5.008124933590000001e+04	2.255869025434162012e+00
5.008144433589999971e+04	2.202456283947380911e+00
5.008163933589999942e+04	2.247842277990720561e+00
5.008183533590000297e+04	2.226906483055447694e+00
5.008203033590000268e+04	2.245388526935151674e+00
5.008222533590000239e+04	2.241438084009921283e+00
5.008242133589999867e+04	2.234013557912870596e+00
5.008261633589999838e+04	2.229024204551331323e+00
5.008281133589999808e+04	2.206338565905848981e+00
5.008300733590000164e+04	2.217317899317423624e+00
5.008320233590000134e+04	2.192122622269723209e+00
5.008339733590000105e+04	2.216491012330926935e+00
5.008359233590000076e+04	2.220199679668386494e+00
5.008378833589999704e+04	2.217070015179265496e+00
5.008398333589999675e+04	2.220038692739557007e+00
5.008417833589999645e+04	2.224728202057317361e+00
5.008437433590000001e+04	2.229746479553346816e+00
5.008456933589999971e+04	2.243840814533298200e+00
5.008476433589999942e+04	2.218113984999149579e+00
5.008496033590000297e+04	2.233305787057272340e+00
5.008515533590000268e+04	2.196392264008801831e+00
5.008535033590000239e+04	2.225386454919476620e+00
5.008554633589999867e+04	2.218939801472103568e+00
5.008574133589999838e+04	2.233694345568792983e+00
5.008593633589999808e+04	2.215764575926996827e+00
5.008613233590000164e+04	2.178387768663935020e+00
5.008632733590000134e+04	2.197589256363146504e+00
5.008652233590000105e+04	2.227775545337561169e+00
5.008671733590000076e+04	2.213017844158930103e+00
5.008691333589999704e+04	2.240277918141417857e+00
5.008710833589999675e+04	2.228629972281586547e+00
5.008730333589999645e+04	2.210337621257457030e+00
5.008749933590000001e+04	2.229462620514190974e+00
5.008769433589999971e+04	2.212589751483481137e+00
5.008788933589999942e+04	2.221767143430588121e+00
5.008808533590000297e+04	2.215683988824658002e+00
5.008828033590000268e+04	2.215889458159047365e+00
5.008847533590000239e+04	2.233362626976544973e+00
5.008867133589999867e+04	2.203519990261849415e+00
5.008886633589999838e+04	2.195039406225539835e+00
5.008906133589999808e+04	2.216088397912784558e+00
5.008925733590000164e+04	2.189306757136959547e+00
5.008945233590000134e+04	2.193460255086375099e+00
5.008964733590000105e+04	2.220431290572655314e+00
5.008984233590000076e+04	2.197197265960110002e+00
5.009003833589999704e+04	2.202333192424505981e+00
5.009023333589999675e+04	2.195936783333326758e+00
5.009042833589999645e+04	2.200805105676479911e+00
5.009062433590000001e+04	2.203369690402627867e+00
5.009081933589999971e+04	2.184764865673772150e+00
5.009101433589999942e+04	2.177384669968914110e+00
5.009121033590000297e+04	2.211334882572270288e+00
5.009140533590000268e+04	2.209349487814256108e+00
5.009160033590000239e+04	2.214123323479883609e+00
5.009179633589999867e+04	2.211758258158180723e+00
5.009199133589999838e+04	2.209175596035112932e+00
5.009218633589999808e+04	2.212310103340005440e+00
5.009238233590000164e+04	2.193299852300679476e+00
5.009257733590000134e+04	2.202131252423738417e+00
5.009277233590000105e+04	2.198522694586312554e+00
5.009296733590000076e+04	2.209593726898251731e+00
5.009316333589999704e+04	2.190291346836453101e+00
5.009335833589999675e+04	2.225752781197268604e+00
5.009355333589999645e+04	2.208483358009193154e+00
5.009374933590000001e+04	2.212892945786324006e+00
5.009394433589999971e+04	2.198205071779216979e+00
5.009413933589999942e+04	2.227858729334668553e+00
5.009433533590000297e+04	2.208341254150560928e+00
5.009453033590000268e+04	2.207153003342252617e+00
5.009472533590000239e+04	2.210464244055765803e+00
5.009492133589999867e+04	2.201730244066828490e+00
5.009511633589999838e+04	2.234252168276578132e+00
5.009531133589999808e+04	2.232760753173179680e+00
5.009550733590000164e+04	2.224871910094192273e+00
5.009570233590000134e+04	2.190701663970378021e+00
5.009589733590000105e+04	2.193842276656694068e+00
5.009609233590000076e+04	2.242288414609131308e+00
5.009628833589999704e+04	2.227486146482302587e+00
5.009648333589999675e+04	2.214362303097018980e+00
5.009667833589999645e+04	2.228342370919616400e+00
5.009687433590000001e+04	2.211436238504688845e+00
5.009706933589999971e+04	2.172546649380780792e+00
5.009726433589999942e+04	2.178066121884915773e+00
5.009746033590000297e+04	2.212772476871363025e+00
5.009765533590000268e+04	2.216282051618311044e+00
5.009785033590000239e+04	2.242639093718350907e+00
5.009804633589999867e+04	2.223776831395076314e+00
5.009824133589999838e+04	2.201375419124039112e+00
5.009843633589999808e+04	2.223412336955284729e+00
5.009863233590000164e+04	2.226428169718781547e+00
5.009882733590000134e+04	2.228090182700515953e+00
5.009902233590000105e+04	2.258709039134526364e+00
5.009921733590000076e+04	2.199497777599539461e+00
5.009941333589999704e+04	2.241682203250284999e+00
5.009960833589999675e+04	2.211867773313036523e+00
5.009980333589999645e+04	2.217146867328585458e+00
5.009999933590000001e+04	2.235519485625903968e+00
5.010019433589999971e+04	2.244129844948625774e+00
5.010038933589999942e+04	2.232805014865563820e+00
5.010058533590000297e+04	2.218029676641190662e+00
5.010078033590000268e+04	2.239853145331005990e+00
5.010097533590000239e+04	2.228576615248563542e+00
5.010117133589999867e+04	2.265482523229056966e+00
5.010136633589999838e+04	2.242713140789437176e+00
5.010156133589999808e+04	2.250354416113296452e+00
5.010175733590000164e+04	2.240096117616175775e+00
5.010195233590000134e+04	2.238929593485714520e+00
5.010214733590000105e+04	2.237926428388192335e+00
5.010234233590000076e+04	2.228204044443966581e+00
5.010253833589999704e+04	2.234237725938964303e+00
5.010273333589999675e+04	2.241534878192322111e+00
5.010292833589999645e+04	2.190095677203764524e+00
5.010312433590000001e+04	2.203421164136678101e+00
5.010331933589999971e+04	2.232186585606401152e+00
5.010351433589999942e+04	2.224660231715901659e+00
5.010371033590000297e+04	2.217512397066720098e+00
5.010390533590000268e+04	2.199684343484037186e+00
5.010410033590000239e+04	2.218961479906509382e+00
5.010429633589999867e+04	2.215004543225091993e+00
5.010449133589999838e+04	2.197267886963519601e+00
5.010468633589999808e+04	2.239063195320092348e+00
5.010488233590000164e+04	2.223986653805830827e+00
5.010507733590000134e+04	2.203324436960965471e+00
5.010527233590000105e+04	2.223340789070618939e+00
5.010546733590000076e+04	2.211423413584794773e+00
5.010566333589999704e+04	2.245734500624738672e+00
5.010585833589999675e+04	2.233773081416659423e+00
5.010605333589999645e+04	2.232335836435064280e+00
5.010624933590000001e+04	2.234808113483211400e+00
5.010644433589999971e+04	2.223349878228354726e+00
5.010663933589999942e+04	2.214918591060300201e+00
5.010683533590000297e+04	2.231293466934221925e+00
5.010703033590000268e+04	2.219249979780945736e+00
5.010722533590000239e+04	2.216279254064758675e+00
5.010742133589999867e+04	2.208317699648587151e+00
5.010761633589999838e+04	2.197322252539173348e+00
5.010781133589999808e+04	2.229986067736968280e+00
5.010800733590000164e+04	2.226835179447386182e+00
5.010820233590000134e+04	2.210154720386302785e+00
5.010839733590000105e+04	2.222414685388230282e+00
5.010859233590000076e+04	2.216138287993519640e+00
5.010878833589999704e+04	2.211419915878085618e+00
5.010898333589999675e+04	2.203924465230109320e+00
5.010917833589999645e+04	2.253365658113660075e+00
5.010937433590000001e+04	2.207409160915123181e+00
5.010956933589999971e+04	2.264958982819004873e+00
5.010976433589999942e+04	2.238917716003037128e+00
5.010996033590000297e+04	2.203029276515049872e+00
5.011015533590000268e+04	2.205351887381725717e+00
5.011035033590000239e+04	2.212669417139323969e+00
5.011054633589999867e+04	2.207022707796294725e+00
5.011074133589999838e+04	2.204246671473466535e+00
5.011093633589999808e+04	2.206187274413212052e+00
5.011113233590000164e+04	2.253125391350248918e+00
5.011132733590000134e+04	2.193905751810504512e+00
5.011152233590000105e+04	2.196691945916935396e+00
5.011171733590000076e+04	2.228464386427223332e+00
5.011191333589999704e+04	2.219466138556462909e+00
5.011210833589999675e+04	2.205513835966407044e+00
5.011230333589999645e+04	2.195572765432725504e+00
5.011249933590000001e+04	2.208563116122611802e+00
5.011269433589999971e+04	2.187396349922106964e+00
5.011288933589999942e+04	2.225877529606171024e+00
5.011308533590000297e+04	2.253006226758460073e+00
5.011328033590000268e+04	2.236576097482823045e+00
5.011347533590000239e+04	2.198281055904633519e+00
5.011367133589999867e+04	2.197395439749483259e+00
5.011386633589999838e+04	2.228542208825928128e+00
5.011406133589999808e+04	2.229388606876742784e+00
5.011425733590000164e+04	2.221406345216102807e+00
5.011445233590000134e+04	2.235853811785448286e+00
5.011464733590000105e+04	2.216041383014541566e+00
5.011484233590000076e+04	2.230992387528758059e+00
5.011503833589999704e+04	2.220714488144786003e+00
5.011523333589999675e+04	2.258498536597478790e+00
5.011542833589999645e+04	2.241436453951909158e+00
5.011562433590000001e+04	2.224819553868451649e+00
5.011581933589999971e+04	2.226493338381203557e+00
5.011601433589999942e+04	2.223604916924122321e+00
5.011621033590000297e+04	2.222374132024969029e+00
5.011640533590000268e+04	2.241823007212065733e+00
5.011660033590000239e+04	2.192405091587911414e+00
5.011679633589999867e+04	2.241171606745190559e+00
5.011699133589999838e+04	2.219372977645504008e+00
5.011718633589999808e+04	2.247098708111995080e+00
5.011738233590000164e+04	2.208716023908198878e+00
5.011757733590000134e+04	2.223420493865607028e+00
5.011777233590000105e+04	2.233699936289095689e+00
5.011796733590000076e+04	2.231022208317551048e+00
5.011816333589999704e+04	2.226298919266998411e+00
5.011835833589999675e+04	2.208973018558950230e+00
5.011855333589999645e+04	2.209297794602251841e+00
5.011874933590000001e+04	2.230109938085231391e+00
5.011894433589999971e+04	2.204651366473910912e+00
5.011913933589999942e+04	2.200041061808189369e+00
5.011933533590000297e+04	2.186488823757702704e+00
5.011953033590000268e+04	2.179390121628511423e+00
5.011972533590000239e+04	2.225902774373265558e+00
5.011992133589999867e+04	2.180512918210549600e+00
5.012011633589999838e+04	2.205952094175147593e+00
5.012031133589999808e+04	2.199921456432587519e+00
5.012050733590000164e+04	2.180831727633735895e+00
5.012070233590000134e+04	2.203991565998261848e+00
5.012089733590000105e+04	2.211531997672601335e+00
5.012109233590000076e+04	2.247943467372074622e+00
5.012128833589999704e+04	2.221518376641389736e+00
5.012148333589999675e+04	2.234565005637826118e+00
5.012167833589999645e+04	2.219999844367688269e+00
5.012187433590000001e+04	2.210935672502170490e+00
5.012206933589999971e+04	2.218497448009294715e+00
5.012226433589999942e+04	2.250929665388518686e+00
5.012246033590000297e+04	2.221088816184915160e+00
5.012265533590000268e+04	2.193932044161863715e+00
5.012285033590000239e+04	2.223615870393736316e+00
5.012304633589999867e+04	2.194238993396890436e+00
5.012324133589999838e+04	2.256001827106992152e+00
5.012343633589999808e+04	2.226538544659220520e+00
5.012363233590000164e+04	2.241645178024821661e+00
5.012382733590000134e+04	2.234848799429054012e+00
5.012402233590000105e+04	2.208504113803096303e+00
5.012421733590000076e+04	2.211635218131773328e+00
5.012441333589999704e+04	2.273939800637887032e+00
5.012460833589999675e+04	2.219300717453842609e+00
5.012480333589999645e+04	2.233457592801045166e+00
5.012499933590000001e+04	2.224511162318625779e+00
5.012519433589999971e+04	2.216066716674552239e+00
5.012538933589999942e+04	2.224695653999788192e+00
5.012558533590000297e+04	2.228127230548796689e+00
5.012578033590000268e+04	2.240528104899668804e+00
5.012597533590000239e+04	2.197249687299063226e+00
5.012617133589999867e+04	2.189713357894845558e+00
5.012636633589999838e+04	2.229498734109203184e+00
5.012656133589999808e+04	2.246152874787561871e+00
5.012675733590000164e+04	2.203376921614150774e+00
5.012695233590000134e+04	2.223283923486469860e+00
5.012714733590000105e+04	2.193261812867115523e+00
5.012734233590000076e+04	2.199932421581578978e+00
5.012753833589999704e+04	2.216362481132318152e+00
5.012773333589999675e+04	2.214630967519495286e+00
5.012792833589999645e+04	2.262899128186841580e+00
5.012812433590000001e+04	2.244118203087403174e+00
5.012831933589999971e+04	2.166304064589677836e+00
5.012851433589999942e+04	2.172710627695032315e+00
5.012871033590000297e+04	2.188702599734719811e+00
5.012890533590000268e+04	2.195728562712059073e+00
5.012910033590000239e+04	2.220107454191197149e+00
5.012929633589999867e+04	2.195203374512448846e+00
5.012949133589999838e+04	2.202141283371950919e+00
5.012968633589999808e+04	2.201847973467545572e+00
5.012988233590000164e+04	2.208576642323986761e+00
5.013007733590000134e+04	2.209105945660635228e+00
5.013027233590000105e+04	2.215680414076608429e+00
5.013046733590000076e+04	2.201718579957525179e+00
5.013066333589999704e+04	2.211191786484993926e+00
5.013085833589999675e+04	2.176047005007482937e+00
5.013105333589999645e+04	2.199917023711247310e+00
5.013124933590000001e+04	2.236298614605352952e+00
5.013144433589999971e+04	2.208683374647284481e+00
5.013163933589999942e+04	2.197937842025599053e+00
5.013183533590000297e+04	2.183247323454340361e+00
5.013203033590000268e+04	2.189870985658439295e+00
5.013222533590000239e+04	2.198912095202928185e+00
5.013242133589999867e+04	2.208907798479753382e+00
5.013261633589999838e+04	2.205351109901275919e+00
5.013281133589999808e+04	2.204406995330696617e+00
5.013300733590000164e+04	2.189199931786705022e+00
5.013320233590000134e+04	2.174533462023795494e+00
5.013339733590000105e+04	2.205945796752750709e+00
5.013359233590000076e+04	2.236389841172064408e+00
5.013378833589999704e+04	2.211058716401590019e+00
5.013398333589999675e+04	2.203982546671564791e+00
5.013417833589999645e+04	2.186427194985466116e+00
5.013437433590000001e+04	2.186685303237057454e+00
5.013456933589999971e+04	2.214985658645957756e+00
5.013476433589999942e+04	2.211048922660697968e+00
5.013496033590000297e+04	2.216989432811997673e+00
5.013515533590000268e+04	2.181845645129820710e+00
5.013535033590000239e+04	2.213401395134177108e+00
5.013554633589999867e+04	2.207075105977585494e+00
5.013574133589999838e+04	2.203273662800800281e+00
5.013593633589999808e+04	2.221507655211830468e+00
5.013613233590000164e+04	2.200234777602659619e+00
5.013632733590000134e+04	2.212705558049997023e+00
5.013652233590000105e+04	2.209074229792795663e+00
5.013671733590000076e+04	2.216942342112979247e+00
5.013691333589999704e+04	2.223117443213752153e+00
5.013710833589999675e+04	2.246201688472668323e+00
5.013730333589999645e+04	2.224937161003916586e+00
5.013749933590000001e+04	2.228620885285021558e+00
5.013769433589999971e+04	2.211068743322313068e+00
5.013788933589999942e+04	2.238398205768170612e+00
5.013808533590000297e+04	2.247826913305008389e+00
5.013828033590000268e+04	2.222395807107648835e+00
5.013847533590000239e+04	2.252463383594660584e+00
5.013867133589999867e+04	2.239812390933099806e+00
5.013886633589999838e+04	2.198330752648711695e+00
5.013906133589999808e+04	2.234631858619655631e+00
5.013925733590000164e+04	2.230385634498173175e+00
5.013945233590000134e+04	2.237363341151283436e+00
5.013964733590000105e+04	2.232184799560233301e+00
5.013984233590000076e+04	2.217191160155353558e+00
5.014003833589999704e+04	2.234308229304513560e+00
5.014023333589999675e+04	2.221614325436402027e+00
5.014042833589999645e+04	2.249207209351764547e+00
5.014062433590000001e+04	2.230593608286962848e+00
5.014081933589999971e+04	2.241818582845391816e+00
5.014101433589999942e+04	2.213638361820182254e+00
5.014121033590000297e+04	2.231076491369311299e+00
5.014140533590000268e+04	2.199973171449606468e+00
5.014160033590000239e+04	2.237292769855635299e+00
5.014179633589999867e+04	2.232538200940066275e+00
5.014199133589999838e+04	2.251178102664121994e+00
5.014218633589999808e+04	2.222717745630070851e+00
5.014238233590000164e+04	2.206439944623870275e+00
5.014257733590000134e+04	2.222924781330949173e+00
5.014277233590000105e+04	2.224804173232683979e+00
5.014296733590000076e+04	2.237659676033887379e+00
5.014316333589999704e+04	2.252196107780415346e+00
5.014335833589999675e+04	2.237420170678355191e+00
5.014355333589999645e+04	2.208558451913333442e+00
5.014374933590000001e+04	2.214435511948366297e+00
5.014394433589999971e+04	2.205471385803377871e+00
5.014413933589999942e+04	2.213053051849641406e+00
5.014433533590000297e+04	2.188565815910658685e+00
5.014453033590000268e+04	2.195254944933505925e+00
5.014472533590000239e+04	2.185207735033007026e+00
5.014492133589999867e+04	2.214306191690983638e+00
5.014511633589999838e+04	2.220491115875001142e+00
5.014531133589999808e+04	2.231358466001607255e+00
5.014550733590000164e+04	2.212425989087156708e+00
5.014570233590000134e+04	2.223088544037883807e+00
5.014589733590000105e+04	2.215533926623741934e+00
5.014609233590000076e+04	2.241661245583085105e+00
5.014628833589999704e+04	2.209778342502437098e+00
5.014648333589999675e+04	2.239355082641495187e+00
5.014667833589999645e+04	2.238418933621117546e+00
5.014687433590000001e+04	2.214043818471619574e+00
5.014706933589999971e+04	2.221919960373275771e+00
5.014726433589999942e+04	2.197227054362238974e+00
5.014746033590000297e+04	2.190824819874297447e+00
5.014765533590000268e+04	2.209561078926576272e+00
5.014785033590000239e+04	2.187799484160318997e+00
5.014804633589999867e+04	2.176067791081138125e+00
5.014824133589999838e+04	2.212520111807938505e+00
5.014843633589999808e+04	2.216617600069973548e+00
5.014863233590000164e+04	2.209871543650228531e+00
5.014882733590000134e+04	2.229472639130310796e+00
5.014902233590000105e+04	2.253470546113337747e+00
5.014921733590000076e+04	2.186011274125288395e+00
5.014941333589999704e+04	2.195969451315185950e+00
5.014960833589999675e+04	2.211590059239876283e+00
5.014980333589999645e+04	2.185194194613854890e+00
5.014999933590000001e+04	2.210390089355334098e+00
5.015019433589999971e+04	2.206496853333529629e+00
5.015038933589999942e+04	2.209582999712846885e+00
5.015058533590000297e+04	2.185904432956551346e+00
5.015078033590000268e+04	2.184918870971356952e+00
5.015097533590000239e+04	2.214084542480115658e+00
5.015117133589999867e+04	2.241229357988338222e+00
5.015136633589999838e+04	2.225045446019063178e+00
5.015156133589999808e+04	2.171938299534104999e+00
5.015175733590000164e+04	2.199054259337325234e+00
5.015195233590000134e+04	2.187590253655688599e+00
5.015214733590000105e+04	2.196200303686275390e+00
5.015234233590000076e+04	2.214264535486272223e+00
5.015253833589999704e+04	2.224429674768051868e+00
5.015273333589999675e+04	2.186898277252392830e+00
5.015292833589999645e+04	2.218756038983025647e+00
5.015312433590000001e+04	2.214049180988455490e+00
5.015331933589999971e+04	2.229073832585605430e+00
5.015351433589999942e+04	2.202651844883490639e+00
5.015371033590000297e+04	2.249693256717684164e+00
5.015390533590000268e+04	2.222893162870363426e+00
5.015410033590000239e+04	2.211077837502312349e+00
5.015429633589999867e+04	2.238914222624570627e+00
5.015449133589999838e+04	2.216233094380273272e+00
5.015468633589999808e+04	2.211777223205892540e+00
5.015488233590000164e+04	2.226131684843535297e+00
5.015507733590000134e+04	2.231596173036949793e+00
5.015527233590000105e+04	2.205504039782130832e+00
5.015546733590000076e+04	2.243476649474573037e+00
5.015566333589999704e+04	2.207564797549693481e+00
5.015585833589999675e+04	2.214852611279649608e+00
5.015605333589999645e+04	2.241857470669641472e+00
5.015624933590000001e+04	2.205791003994564292e+00
5.015644433589999971e+04	2.219049125834235525e+00
5.015663933589999942e+04	2.220708894153624158e+00
5.015683533590000297e+04	2.228377709662034079e+00
5.015703033590000268e+04	2.234122031604851344e+00
5.015722533590000239e+04	2.242261403239275808e+00
5.015742133589999867e+04	2.222318040852591992e+00
5.015761633589999838e+04	2.235466145152631867e+00
5.015781133589999808e+04	2.196853957579651961e+00
5.015800733590000164e+04	2.216686527528823447e+00
5.015820233590000134e+04	2.230477118354055932e+00
5.015839733590000105e+04	2.231861134559540716e+00
5.015859233590000076e+04	2.245025318600328390e+00
5.015878833589999704e+04	2.206070500933254408e+00
5.015898333589999675e+04	2.207258809604976335e+00
5.015917833589999645e+04	2.209715845433803949e+00
5.015937433590000001e+04	2.223274911987092040e+00
5.015956933589999971e+04	2.230564718840605920e+00
5.015976433589999942e+04	2.220428648932216475e+00
5.015996033590000297e+04	2.213786804734301228e+00
5.016015533590000268e+04	2.201389882841864321e+00
5.016035033590000239e+04	2.228004203493622271e+00
5.016054633589999867e+04	2.235921747860247777e+00
5.016074133589999838e+04	2.297726319896277403e+00
5.016093633589999808e+04	2.228634399278563549e+00
5.016113233590000164e+04	2.244546386722079845e+00
5.016132733590000134e+04	2.206905938704668557e+00
5.016152233590000105e+04	2.182901231519716490e+00
5.016171733590000076e+04	2.227281871803956648e+00
5.016191333589999704e+04	2.212672059702525118e+00
5.016210833589999675e+04	2.230792649337649536e+00
5.016230333589999645e+04	2.180017182283833677e+00
