# time(sec)	crack length FEA(mm)
1.313535133589999896e+04	6.566937944557018625e-01
1.313554733589999887e+04	6.701409026218065890e-01
1.313574233590000040e+04	6.576049901357823302e-01
1.313593733590000011e+04	6.482252278764875086e-01
1.313613233589999982e+04	7.013379925439355844e-01
1.313632833589999973e+04	6.553791518208349487e-01
1.313652333589999944e+04	6.421600342828490682e-01
1.313671833589999915e+04	6.714189659481633043e-01
1.313691433589999906e+04	6.763440883692872774e-01
1.313710933590000059e+04	6.788260677136630505e-01
1.313730433590000030e+04	6.655984307027456026e-01
1.313750033590000021e+04	6.334201526963276763e-01
1.313769533589999992e+04	6.650220812157741079e-01
1.313789033589999963e+04	6.029116077593421608e-01
1.313808633589999954e+04	6.641759310200079369e-01
1.313828133589999925e+04	6.554284787900837017e-01
1.313847633589999896e+04	6.852686036124122637e-01
1.313867233589999887e+04	6.910998736642177676e-01
1.313886733590000040e+04	6.185751522441496064e-01
1.313906233590000011e+04	6.291430029124622791e-01
1.313925733589999982e+04	6.606856414125061860e-01
1.313945333589999973e+04	6.217149466283196091e-01
1.313964833589999944e+04	6.176595688597412703e-01
1.313984333589999915e+04	6.487660996963899862e-01
1.314003933589999906e+04	6.287013566703869571e-01
1.314023433590000059e+04	6.201649432194340505e-01
1.314042933590000030e+04	6.372754442616894721e-01
1.314062533590000021e+04	6.689777659510465213e-01
1.314082033589999992e+04	6.537703033398205577e-01
1.314101533589999963e+04	6.264331623485279721e-01
1.314121133589999954e+04	6.479029849261923601e-01
1.314140633589999925e+04	6.164319210533335536e-01
1.314160133589999896e+04	6.512499496098218543e-01
1.314179733589999887e+04	6.369443830069343448e-01
1.314199233590000040e+04	6.088973193202242840e-01
1.314218733590000011e+04	6.468607263036716404e-01
1.314238233589999982e+04	6.424562381653746712e-01
1.314257833589999973e+04	6.100371230340826401e-01
1.314277333589999944e+04	5.840888765326432974e-01
1.314296833589999915e+04	6.179453589297967397e-01
1.314316433589999906e+04	6.350380780446140960e-01
1.314335933590000059e+04	6.100855593105372066e-01
1.314355433590000030e+04	6.147362602731050174e-01
1.314375033590000021e+04	5.875843100145079489e-01
1.314394533589999992e+04	5.996762567920761455e-01
1.314414033589999963e+04	6.061115841381159441e-01
1.314433633589999954e+04	6.199905924735062968e-01
1.314453133589999925e+04	5.742750974752031112e-01
1.314472633589999896e+04	6.103414591041342874e-01
1.314492233589999887e+04	6.225471017119961203e-01
1.314511733590000040e+04	5.985824884598507367e-01
1.314531233590000011e+04	6.200332003788915358e-01
1.314550733589999982e+04	6.274181247965149311e-01
1.314570333589999973e+04	6.203190042985191610e-01
1.314589833589999944e+04	6.451033061465523133e-01
1.314609333589999915e+04	6.146587169968480424e-01
1.314628933589999906e+04	6.355415266081330117e-01
1.314648433590000059e+04	6.537838741474732984e-01
1.314667933590000030e+04	6.475991248852430715e-01
1.314687533590000021e+04	6.457342864716508757e-01
1.314707033589999992e+04	6.565525432391794425e-01
1.314726533589999963e+04	6.210407391834884550e-01
1.314746133589999954e+04	6.487854751034110024e-01
1.314765633589999925e+04	6.211569570615100844e-01
1.314785133589999896e+04	6.189839923855782189e-01
1.314804733589999887e+04	6.331180419214472721e-01
1.314824233590000040e+04	5.921083387352528149e-01
1.314843733590000011e+04	6.041776571161072695e-01
1.314863233589999982e+04	6.307970048490414428e-01
1.314882833589999973e+04	6.593306022795371035e-01
1.314902333589999944e+04	6.325787112898773046e-01
1.314921833589999915e+04	6.737429246332560240e-01
1.314941433589999906e+04	6.299302763862186794e-01
1.314960933590000059e+04	6.162061981968207647e-01
1.314980433590000030e+04	6.089593535967345872e-01
1.315000033590000021e+04	6.429353481913757662e-01
1.315019533589999992e+04	6.107669121823295910e-01
1.315039033589999963e+04	6.651332803656284653e-01
1.315058633589999954e+04	6.476775029338455170e-01
1.315078133589999925e+04	6.453568607606445795e-01
1.315097633589999896e+04	6.406016579681796941e-01
1.315117233589999887e+04	6.634139188223215911e-01
1.315136733590000040e+04	6.387285596261342846e-01
1.315156233590000011e+04	6.549805769419165813e-01
1.315175733589999982e+04	6.413198835341802351e-01
1.315195333589999973e+04	6.357797119199410929e-01
1.315214833589999944e+04	6.297008100849019741e-01
1.315234333589999915e+04	6.530563169588905481e-01
1.315253933589999906e+04	6.406258458343483397e-01
1.315273433590000059e+04	6.306469277294830533e-01
1.315292933590000030e+04	6.307079086279738789e-01
1.315312533590000021e+04	6.515595653323895675e-01
1.315332033589999992e+04	6.437599381553162914e-01
1.315351533589999963e+04	6.509674331576853490e-01
1.315371133589999954e+04	6.346720889145665012e-01
1.315390633589999925e+04	6.452174725551262924e-01
1.315410133589999896e+04	6.220898588641095017e-01
1.315429733589999887e+04	6.633936163357390114e-01
1.315449233590000040e+04	6.632804321552363547e-01
1.315468733590000011e+04	6.709549232476241798e-01
1.315488233589999982e+04	6.594766479734577302e-01
1.315507833589999973e+04	6.726534580315686185e-01
1.315527333589999944e+04	6.755756316360379543e-01
1.315546833589999915e+04	6.656225854841135714e-01
1.315566433589999906e+04	6.833515815320510001e-01
1.315585933590000059e+04	6.721933002408704283e-01
1.315605433590000030e+04	6.812536634374914968e-01
1.315625033590000021e+04	6.574918206218072214e-01
1.315644533589999992e+04	6.750237217020398361e-01
1.315664033589999963e+04	6.164639149355455316e-01
1.315683633589999954e+04	6.419848510997319124e-01
1.315703133589999925e+04	6.911626866550832915e-01
1.315722633589999896e+04	6.703274687188720549e-01
1.315742233589999887e+04	6.611711809877629520e-01
1.315761733590000040e+04	6.362734733143078358e-01
1.315781233590000011e+04	6.570632673403373758e-01
1.315800733589999982e+04	6.292920993498700710e-01
1.315820333589999973e+04	6.465704197896791072e-01
1.315839833589999944e+04	6.475778200439048504e-01
1.315859333589999915e+04	6.502204675655605115e-01
1.315878933589999906e+04	6.478197531704239509e-01
1.315898433590000059e+04	6.393141953026297841e-01
1.315917933590000030e+04	6.520559329777242397e-01
1.315937533590000021e+04	6.183203290083518766e-01
1.315957033589999992e+04	6.193152971842774690e-01
1.315976533589999963e+04	6.265048195565636746e-01
1.315996133589999954e+04	6.181623853716544659e-01
1.316015633589999925e+04	6.480655408051845257e-01
1.316035133589999896e+04	6.440232171061666122e-01
1.316054733589999887e+04	6.669763363225555963e-01
1.316074233590000040e+04	6.642919851848603230e-01
1.316093733590000011e+04	6.381380452244389545e-01
1.316113233589999982e+04	6.298499114353575123e-01
1.316132833589999973e+04	6.452310481218006544e-01
1.316152333589999944e+04	6.242712754472705683e-01
1.316171833589999915e+04	6.261338853649061065e-01
1.316191433589999906e+04	6.101824732015899144e-01
1.316210933590000059e+04	6.062754092499371694e-01
1.316230433590000030e+04	6.408262158987536594e-01
1.316250033590000021e+04	6.188386529373417488e-01
1.316269533589999992e+04	6.482455429960722881e-01
1.316289033589999963e+04	6.473078379632379864e-01
1.316308633589999954e+04	6.196476377386943568e-01
1.316328133589999925e+04	6.698508316502032045e-01
1.316347633589999896e+04	6.324799481913334631e-01
1.316367233589999887e+04	6.396646569590718201e-01
1.316386733590000040e+04	6.790734771849198381e-01
1.316406233590000011e+04	6.026265412947999778e-01
1.316425733589999982e+04	6.704309203119844796e-01
1.316445333589999973e+04	6.634361485304580697e-01
1.316464833589999944e+04	6.672992658426686319e-01
1.316484333589999915e+04	6.766176014392009108e-01
1.316503933589999906e+04	6.445768185928670846e-01
1.316523433590000059e+04	6.731097541839403675e-01
1.316542933590000030e+04	6.246074175298037545e-01
1.316562533590000021e+04	6.443212772417954426e-01
1.316582033589999992e+04	6.336031406964721668e-01
1.316601533589999963e+04	6.621479633027860245e-01
1.316621133589999954e+04	6.389018286906189559e-01
1.316640633589999925e+04	6.825949666496171631e-01
1.316660133589999896e+04	6.142604673013920547e-01
1.316679733589999887e+04	6.239681112595629742e-01
1.316699233590000040e+04	6.693374520457755494e-01
1.316718733590000011e+04	6.737448510565542392e-01
1.316738233589999982e+04	6.652358153836992471e-01
1.316757833589999973e+04	6.576049901357823302e-01
1.316777333589999944e+04	6.491231582973107095e-01
1.316796833589999915e+04	6.121856766254687443e-01
1.316816433589999906e+04	6.615512281973678910e-01
1.316835933590000059e+04	6.650810989796873685e-01
1.316855433590000030e+04	6.372260722614662143e-01
1.316875033590000021e+04	6.431366387742407653e-01
1.316894533589999992e+04	6.515015038532077085e-01
1.316914033589999963e+04	6.647958188259259771e-01
1.316933633589999954e+04	6.429198341731119370e-01
1.316953133589999925e+04	6.077797512402689506e-01
1.316972633589999896e+04	6.191777409092722451e-01
1.316992233589999887e+04	6.758095654048350553e-01
1.317011733590000040e+04	6.442051778812505347e-01
1.317031233590000011e+04	6.581766543342979503e-01
1.317050733589999982e+04	6.540673053461265596e-01
1.317070333589999973e+04	6.668767323004765046e-01
1.317089833589999944e+04	6.518894892097293337e-01
1.317109333589999915e+04	6.509858094596943090e-01
1.317128933589999906e+04	6.502194784892267876e-01
1.317148433590000059e+04	6.058071954153341210e-01
1.317167933590000030e+04	6.542627118955977039e-01
1.317187533590000021e+04	6.478033029575787083e-01
1.317207033589999992e+04	6.354447132618119554e-01
1.317226533589999963e+04	6.736008255842484971e-01
1.317246133589999954e+04	6.724021219764342305e-01
1.317265633589999925e+04	6.281745152484994321e-01
1.317285133589999896e+04	6.847980438159613215e-01
1.317304733589999887e+04	6.317033705246970499e-01
1.317324233590000040e+04	6.388931058113183070e-01
1.317343733590000011e+04	6.573737980522427193e-01
1.317363233589999982e+04	6.520201211099632133e-01
1.317382833589999973e+04	6.695375863351511470e-01
1.317402333589999944e+04	6.417244768463170601e-01
1.317421833589999915e+04	6.352830130763624794e-01
1.317441433589999906e+04	6.408562488166875681e-01
1.317460933590000059e+04	6.441209358726602829e-01
1.317480433590000030e+04	6.658846400654496733e-01
1.317500033590000021e+04	6.426275518839119627e-01
1.317519533589999992e+04	6.515343992802264950e-01
1.317539033589999963e+04	6.372173986792759592e-01
1.317558633589999954e+04	6.444703308848698242e-01
1.317578133589999925e+04	6.431250407703696936e-01
1.317597633589999896e+04	6.398176055729525302e-01
1.317617233589999887e+04	6.167846421348919250e-01
1.317636733590000040e+04	6.314574097430245558e-01
1.317656233590000011e+04	6.579367599076846318e-01
1.317675733589999982e+04	6.024539974798095443e-01
1.317695333589999973e+04	6.601846472830157353e-01
1.317714833589999944e+04	6.006138097296158662e-01
1.317734333589999915e+04	6.228812788291229197e-01
1.317753933589999906e+04	6.386859843258196889e-01
1.317773433590000059e+04	6.360933827951686936e-01
1.317792933590000030e+04	6.474278377568527532e-01
1.317812533590000021e+04	6.322679064450369424e-01
1.317832033589999992e+04	6.556499752631559375e-01
1.317851533589999963e+04	6.333184819380299757e-01
1.317871133589999954e+04	6.602465513803341679e-01
1.317890633589999925e+04	6.267546904982950196e-01
1.317910133589999896e+04	6.899928863360358378e-01
1.317929733589999887e+04	6.553152576249043904e-01
1.317949233590000040e+04	6.411214465253607386e-01
1.317968733590000011e+04	6.378291988312128069e-01
1.317988233589999982e+04	6.360256291628729741e-01
1.318007833589999973e+04	6.688888589088985981e-01
1.318027333589999944e+04	6.516331268505144436e-01
1.318046833589999915e+04	6.595095243354016645e-01
1.318066433589999906e+04	6.529431263331133550e-01
1.318085933590000059e+04	6.505697752346595308e-01
1.318105433590000030e+04	6.668148450400028793e-01
1.318125033590000021e+04	6.189713925615407675e-01
1.318144533589999992e+04	6.455475320946995055e-01
1.318164033589999963e+04	6.651767979944427367e-01
1.318183633589999954e+04	6.413431228252477467e-01
1.318203133589999925e+04	6.252757274687148481e-01
1.318222633589999896e+04	6.570139436780202402e-01
1.318242233589999887e+04	6.349925688100768184e-01
1.318261733590000040e+04	6.444403522956854147e-01
1.318281233590000011e+04	6.273774681775297068e-01
1.318300733589999982e+04	6.201794730855887394e-01
1.318320333589999973e+04	6.289483351510583020e-01
1.318339833589999944e+04	6.154901135944950141e-01
1.318359333589999915e+04	6.217711401438474894e-01
1.318378933589999906e+04	6.063830044899187754e-01
1.318398433590000059e+04	6.327084984026587478e-01
1.318417933590000030e+04	6.021292180671267147e-01
1.318437533590000021e+04	6.218660771845385682e-01
1.318457033589999992e+04	6.213546077351885799e-01
1.318476533589999963e+04	5.959236281736668417e-01
1.318496133589999954e+04	6.057674937072441423e-01
1.318515633589999925e+04	5.955134026571009542e-01
1.318535133589999896e+04	5.931364066813209490e-01
1.318554733589999887e+04	5.958547634803057491e-01
1.318574233590000040e+04	6.176120963743727543e-01
1.318593733590000011e+04	6.142662773237361762e-01
1.318613233589999982e+04	6.418135328693512776e-01
1.318632833589999973e+04	6.561278872484130886e-01
1.318652333589999944e+04	6.121081752048098679e-01
1.318671833589999915e+04	6.279440424702631418e-01
1.318691433589999906e+04	6.132855875919211996e-01
1.318710933590000059e+04	6.374623118460895910e-01
1.318730433590000030e+04	6.296252525198759997e-01
1.318750033590000021e+04	6.184598209033893568e-01
1.318769533589999992e+04	6.220907991539075255e-01
1.318789033589999963e+04	6.328730934867508040e-01
1.318808633589999954e+04	5.992951954249097213e-01
1.318828133589999925e+04	6.188764525952894502e-01
1.318847633589999896e+04	6.617601411455620308e-01
1.318867233589999887e+04	6.512499496098218543e-01
1.318886733590000040e+04	6.552756280154348190e-01
1.318906233590000011e+04	6.380557614097277508e-01
1.318925733589999982e+04	6.451362102023026068e-01
1.318945333589999973e+04	6.600289101357823540e-01
1.318964833589999944e+04	6.526838579838987187e-01
1.318984333589999915e+04	6.699059261332767079e-01
1.319003933589999906e+04	6.641856333720461691e-01
1.319023433590000059e+04	6.740251772366523397e-01
1.319042933590000030e+04	6.706639152430646789e-01
1.319062533590000021e+04	6.562884605152614625e-01
1.319082033589999992e+04	6.728149106208114461e-01
1.319101533589999963e+04	6.915896530414933352e-01
1.319121133589999954e+04	6.494812090901209700e-01
1.319140633589999925e+04	6.535013288726698732e-01
1.319160133589999896e+04	6.809676345909014827e-01
1.319179733589999887e+04	7.156849527351951679e-01
1.319199233590000040e+04	6.493941093983970347e-01
1.319218733590000011e+04	6.834704162570037766e-01
1.319238233589999982e+04	6.770979750479355630e-01
1.319257833589999973e+04	6.744485832229170086e-01
1.319277333589999944e+04	6.936315817257536764e-01
1.319296833589999915e+04	6.898605327303855006e-01
1.319316433589999906e+04	6.478400603152927317e-01
1.319335933590000059e+04	7.001464851887195806e-01
1.319355433590000030e+04	6.821891253856335879e-01
1.319375033590000021e+04	6.546825971627221463e-01
1.319394533589999992e+04	6.617031008690297256e-01
1.319414033589999963e+04	6.454275147392696255e-01
1.319433633589999954e+04	6.910892443956981879e-01
1.319453133589999925e+04	7.055272177381866072e-01
1.319472633589999896e+04	6.861729382952042045e-01
1.319492233589999887e+04	6.435924900010192573e-01
1.319511733590000040e+04	6.746409618176159029e-01
1.319531233590000011e+04	6.726331632416666650e-01
1.319550733589999982e+04	6.555009899185186839e-01
1.319570333589999973e+04	6.311252797361373013e-01
1.319589833589999944e+04	6.425897889729483836e-01
1.319609333589999915e+04	6.722252210928978400e-01
1.319628933589999906e+04	6.563851828794255994e-01
1.319648433590000059e+04	6.355028129588884411e-01
1.319667933590000030e+04	6.333891707733521059e-01
1.319687533590000021e+04	6.644950848736712601e-01
1.319707033589999992e+04	6.512199793505768497e-01
1.319726533589999963e+04	6.802824449961146769e-01
1.319746133589999954e+04	6.826568138305013633e-01
1.319765633589999925e+04	6.558482941272387734e-01
1.319785133589999896e+04	6.525116175738450153e-01
1.319804733589999887e+04	6.776711165552544713e-01
1.319824233590000040e+04	6.931003587337016825e-01
1.319843733590000011e+04	6.520530075265895675e-01
1.319863233589999982e+04	6.422006746061796889e-01
1.319882833589999973e+04	6.642909966791670229e-01
1.319902333589999944e+04	6.929853793347398039e-01
1.319921833589999915e+04	6.539947400928891597e-01
1.319941433589999906e+04	6.418580316585487111e-01
1.319960933590000059e+04	6.644960235308783325e-01
1.319980433590000030e+04	6.816315215098889269e-01
1.320000033590000021e+04	6.619787139960582323e-01
1.320019533589999992e+04	6.747724017982736910e-01
1.320039033589999963e+04	6.886703385995467386e-01
1.320058633589999954e+04	6.407178326774278787e-01
1.320078133589999925e+04	6.673775888957464986e-01
1.320097633589999896e+04	6.603065195265678256e-01
1.320117233589999887e+04	6.477597459988597706e-01
1.320136733590000040e+04	6.720927708742934215e-01
1.320156233590000011e+04	6.770738233387856297e-01
1.320175733589999982e+04	6.797509305944782199e-01
1.320195333589999973e+04	6.729840846824153289e-01
1.320214833589999944e+04	6.881854049558882025e-01
1.320234333589999915e+04	6.475274796972030344e-01
1.320253933589999906e+04	6.645211762079483719e-01
1.320273433590000059e+04	6.531907987067526733e-01
1.320292933590000030e+04	6.608065225044938984e-01
1.320312533590000021e+04	6.982576274067593403e-01
1.320332033589999992e+04	6.931746826945488493e-01
1.320351533589999963e+04	6.505262315268431905e-01
1.320371133589999954e+04	6.631440704793618579e-01
1.320390633589999925e+04	7.033878112848945818e-01
1.320410133589999896e+04	6.869342886320772834e-01
1.320429733589999887e+04	6.907376461544281199e-01
1.320449233590000040e+04	6.354911614275149390e-01
1.320468733590000011e+04	6.695627338090801572e-01
1.320488233589999982e+04	6.808642194396483660e-01
1.320507833589999973e+04	6.589098581727128590e-01
1.320527333589999944e+04	6.519049892141186575e-01
1.320546833589999915e+04	6.703661271282985723e-01
1.320566433589999906e+04	6.539192992582734121e-01
1.320585933590000059e+04	6.709597730747685063e-01
1.320605433590000030e+04	6.683821946967754002e-01
1.320625033590000021e+04	6.878675489299101997e-01
1.320644533589999992e+04	6.827969260414086250e-01
1.320664033589999963e+04	6.987916576453567785e-01
1.320683633589999954e+04	7.004457920707007901e-01
1.320703133589999925e+04	7.002797201300694496e-01
1.320722633589999896e+04	7.121006997422725249e-01
1.320742233589999887e+04	7.259349065539986157e-01
1.320761733590000040e+04	7.293927267219064703e-01
1.320781233590000011e+04	7.207178530950955064e-01
1.320800733589999982e+04	6.888384648199199489e-01
1.320820333589999973e+04	6.881032401270008592e-01
1.320839833589999944e+04	6.894354611885376016e-01
1.320859333589999915e+04	7.082803665867061227e-01
1.320878933589999906e+04	6.984189102704689844e-01
1.320898433590000059e+04	7.096452950457496911e-01
1.320917933590000030e+04	6.895755426860681325e-01
1.320937533590000021e+04	6.493873768012079495e-01
1.320957033589999992e+04	6.972542618883803556e-01
1.320976533589999963e+04	6.537325576734360766e-01
1.320996133589999954e+04	6.720579766222023466e-01
1.321015633589999925e+04	7.278534129243237061e-01
1.321035133589999896e+04	6.810778229595584321e-01
1.321054733589999887e+04	6.539976570008416701e-01
1.321074233590000040e+04	6.849787127632911421e-01
1.321093733590000011e+04	6.703593920156247776e-01
1.321113233589999982e+04	6.663874523620787471e-01
1.321132833589999973e+04	6.424988068891135384e-01
1.321152333589999944e+04	6.715427086219598607e-01
1.321171833589999915e+04	6.648073982216651245e-01
1.321191433589999906e+04	7.063159330635997435e-01
1.321210933590000059e+04	6.750585117183032224e-01
1.321230433590000030e+04	6.896547733070157449e-01
1.321250033590000021e+04	6.502059472560244302e-01
1.321269533589999992e+04	7.215273158626338557e-01
1.321289033589999963e+04	6.642649050984754666e-01
1.321308633589999954e+04	6.921933607865593530e-01
1.321328133589999925e+04	6.725374935072352400e-01
1.321347633589999896e+04	6.517269588118406176e-01
1.321367233589999887e+04	6.366355215107120102e-01
1.321386733590000040e+04	6.521449512961208228e-01
1.321406233590000011e+04	6.544736152513142002e-01
1.321425733589999982e+04	6.580644346874908734e-01
1.321445333589999973e+04	6.197222358587222146e-01
1.321464833589999944e+04	6.602813625000862885e-01
1.321484333589999915e+04	6.857265889283148397e-01
1.321503933589999906e+04	6.665431488874151711e-01
1.321523433590000059e+04	6.553230273143224593e-01
1.321542933590000030e+04	6.623733115349690337e-01
1.321562533590000021e+04	6.508793995912203201e-01
1.321582033589999992e+04	6.561326901693753655e-01
1.321601533589999963e+04	6.822142099967116735e-01
1.321621133589999954e+04	7.050484001339079043e-01
1.321640633589999925e+04	6.543594921559652278e-01
1.321660133589999896e+04	6.400721547101557718e-01
1.321679733589999887e+04	6.685678274548294553e-01
1.321699233590000040e+04	6.721333613375612970e-01
1.321718733590000011e+04	6.958549228180466173e-01
1.321738233589999982e+04	6.599312550842029168e-01
1.321757833589999973e+04	6.832249771319496290e-01
1.321777333589999944e+04	6.840491929201135690e-01
1.321796833589999915e+04	6.483365036534554093e-01
1.321816433589999906e+04	6.506500802999131139e-01
1.321835933590000059e+04	6.416605967633266516e-01
1.321855433590000030e+04	6.749985798646029878e-01
1.321875033590000021e+04	6.728303558054893330e-01
1.321894533589999992e+04	7.117098258165892588e-01
1.321914033589999963e+04	6.924811909936714471e-01
1.321933633589999954e+04	6.675207126198401397e-01
1.321953133589999925e+04	6.639438625669420446e-01
1.321972633589999896e+04	6.807550262434336474e-01
1.321992233589999887e+04	6.740387450747782339e-01
1.322011733590000040e+04	6.531220952640204302e-01
1.322031233590000011e+04	6.334763276048569480e-01
1.322050733589999982e+04	6.426072404003146943e-01
1.322070333589999973e+04	6.769336781942136838e-01
1.322089833589999944e+04	6.767451783819993238e-01
1.322109333589999915e+04	6.916514690749551164e-01
1.322128933589999906e+04	6.446251864216776539e-01
1.322148433590000059e+04	6.567808182256875682e-01
1.322167933590000030e+04	6.877690095654784841e-01
1.322187533590000021e+04	6.299515966367348341e-01
1.322207033589999992e+04	7.130001824982770131e-01
1.322226533589999963e+04	6.980480899799452743e-01
1.322246133589999954e+04	6.921556746076937827e-01
1.322265633589999925e+04	6.752885397305448123e-01
1.322285133589999896e+04	6.669212352152200651e-01
1.322304733589999887e+04	6.378998829224755696e-01
1.322324233590000040e+04	6.571697000850740267e-01
1.322343733590000011e+04	6.795770052266050243e-01
1.322363233589999982e+04	6.895658919340341697e-01
1.322382833589999973e+04	6.322349933552189327e-01
1.322402333589999944e+04	6.765083892002827781e-01
1.322421833589999915e+04	6.506558733584615339e-01
1.322441433589999906e+04	6.501411002959009977e-01
1.322460933590000059e+04	6.875767429634027650e-01
1.322480433590000030e+04	6.524129434244407832e-01
1.322500033590000021e+04	6.523297187451717605e-01
1.322519533589999992e+04	6.647348649289455125e-01
1.322539033589999963e+04	6.583246345834385949e-01
1.322558633589999954e+04	6.950571570910231145e-01
1.322578133589999925e+04	6.752373183329485329e-01
1.322597633589999896e+04	6.468230198199638181e-01
1.322617233589999887e+04	6.577945686673825065e-01
1.322636733590000040e+04	5.967895724470686503e-01
1.322656233590000011e+04	6.209206096258732543e-01
1.322675733589999982e+04	6.670391617321769218e-01
1.322695333589999973e+04	6.536764875499372351e-01
1.322714833589999944e+04	6.119289054025287555e-01
1.322734333589999915e+04	6.285309351542789358e-01
1.322753933589999906e+04	6.515441066640583756e-01
1.322773433590000059e+04	6.558724668811031222e-01
1.322792933590000030e+04	6.663274908689036380e-01
1.322812533590000021e+04	6.450597526806234328e-01
1.322832033589999992e+04	6.306275379179560048e-01
1.322851533589999963e+04	6.366365111377945141e-01
1.322871133589999954e+04	6.257329023708848581e-01
1.322890633589999925e+04	6.363605616355378913e-01
1.322910133589999896e+04	6.497153934257831054e-01
1.322929733589999887e+04	6.526470497494898382e-01
1.322949233590000040e+04	6.596275365668784474e-01
1.322968733590000011e+04	6.746476874434428339e-01
1.322988233589999982e+04	6.375000826913108654e-01
1.323007833589999973e+04	6.637050134173350102e-01
1.323027333589999944e+04	6.791498280936352216e-01
1.323046833589999915e+04	6.374129402238182251e-01
1.323066433589999906e+04	6.845912539113214734e-01
1.323085933590000059e+04	6.797287157677551761e-01
1.323105433590000030e+04	6.641817208658231664e-01
1.323125033590000021e+04	6.865342959374576282e-01
1.323144533589999992e+04	6.486480930777478449e-01
1.323164033589999963e+04	6.594408386938077626e-01
1.323183633589999954e+04	6.026013747405283283e-01
1.323203133589999925e+04	6.345239651351359811e-01
1.323222633589999896e+04	6.444122525308433325e-01
1.323242233589999887e+04	6.791662571640380008e-01
1.323261733590000040e+04	6.590520429087689536e-01
1.323281233590000011e+04	6.857275267676996577e-01
1.323300733589999982e+04	6.611972758802515671e-01
1.323320333589999973e+04	6.532981874429282243e-01
1.323339833589999944e+04	6.233946966466277217e-01
1.323359333589999915e+04	6.574192655586870160e-01
1.323378933589999906e+04	6.605048005181757276e-01
1.323398433590000059e+04	6.765257582465515895e-01
1.323417933590000030e+04	6.606740600585503387e-01
1.323437533590000021e+04	6.675835283203639392e-01
1.323457033589999992e+04	6.590529817755967912e-01
1.323476533589999963e+04	6.776295473544351466e-01
1.323496133589999954e+04	6.218098755661216614e-01
