# time(sec)	crack length FEA(mm)
5.749804654700000356e+03	6.911620934557678453e-01
5.749999954699999762e+03	7.213291229814089434e-01
5.750195354700000280e+03	6.818021948919188446e-01
5.750390654699999686e+03	7.023615505064277897e-01
5.750585954700000002e+03	6.850465104078988787e-01
5.750781254700000318e+03	6.989504295882724705e-01
5.750976554699999724e+03	6.871622254399234464e-01
5.751171854700000040e+03	6.802576092839025534e-01
5.751367154700000356e+03	6.672998145391275671e-01
5.751562454699999762e+03	7.119562345002155013e-01
5.751757854700000280e+03	7.091086067106608937e-01
5.751953154699999686e+03	6.790552693824594144e-01
5.752148454700000002e+03	7.199323807269397690e-01
5.752343754700000318e+03	6.700971964338027220e-01
5.752539054699999724e+03	6.907844656487469592e-01
5.752734354700000040e+03	6.905651832105910159e-01
5.752929654700000356e+03	6.956204766041889087e-01
5.753124954699999762e+03	7.122097260707587196e-01
5.753320354700000280e+03	6.317459127195217405e-01
5.753515654699999686e+03	6.805448808397791538e-01
5.753710954700000002e+03	6.774819919364603038e-01
5.753906254700000318e+03	6.845517341362210573e-01
5.754101554699999724e+03	6.874120553303590953e-01
5.754296854700000040e+03	7.126135903951169581e-01
5.754492154700000356e+03	6.934572666461829016e-01
5.754687454699999762e+03	6.487796381569559401e-01
5.754882854700000280e+03	7.048414067191703936e-01
5.755078154699999686e+03	6.948909199286710248e-01
5.755273454700000002e+03	6.837863894977509460e-01
5.755468754700000318e+03	6.490643615759594809e-01
5.755664054699999724e+03	6.892109322572004260e-01
5.755859354700000040e+03	7.442494737124683013e-01
5.756054654700000356e+03	6.820009030341172007e-01
5.756249954699999762e+03	6.935408373625513434e-01
5.756445354700000280e+03	7.123895250584091343e-01
5.756640654699999686e+03	7.175061278776801998e-01
5.756835954700000002e+03	6.544237801916921171e-01
5.757031254700000318e+03	7.356314766525926530e-01
5.757226554699999724e+03	7.116801456310746232e-01
5.757421854700000040e+03	6.755533597192364681e-01
5.757617154700000356e+03	7.110797548264322643e-01
5.757812454699999762e+03	7.220981718762828905e-01
5.758007854700000280e+03	7.267138771954222420e-01
5.758203154699999686e+03	6.476063703225509727e-01
5.758398454700000002e+03	7.286364915024545752e-01
5.758593754700000318e+03	7.302408562600994912e-01
5.758789054699999724e+03	6.863016233681680234e-01
5.758984354700000040e+03	7.034859914763700317e-01
5.759179654700000356e+03	6.715312705184679487e-01
5.759374954699999762e+03	7.162565398079259182e-01
5.759570354700000280e+03	6.735546980163356068e-01
5.759765654699999686e+03	6.599296774495027051e-01
5.759960954700000002e+03	7.115042661610715413e-01
5.760156254700000318e+03	7.162978303526337243e-01
5.760351554699999724e+03	7.038074196361918666e-01
5.760546854700000040e+03	6.587923369448560607e-01
5.760742154700000356e+03	7.073259400692712973e-01
5.760937454699999762e+03	6.972977937461735110e-01
5.761132854700000280e+03	6.730714811112825657e-01
5.761328154699999686e+03	7.104381078462207455e-01
5.761523454700000002e+03	7.204185910702705087e-01
5.761718754700000318e+03	6.733785427635226029e-01
5.761914054699999724e+03	6.924188592396429698e-01
5.762109354700000040e+03	6.929734901138360215e-01
5.762304654700000356e+03	6.617719343413082100e-01
5.762499954699999762e+03	6.478920636902074648e-01
5.762695354700000280e+03	6.851025645894015526e-01
5.762890654699999686e+03	6.990634787011309470e-01
5.763085954700000002e+03	6.525041183862523297e-01
5.763281254700000318e+03	6.767007035278105320e-01
5.763476554699999724e+03	7.144017093438730370e-01
5.763671854700000040e+03	6.976114496807284127e-01
5.763867154700000356e+03	6.839998856810396433e-01
5.764062454699999762e+03	6.953933407830437119e-01
5.764257854700000280e+03	6.520707084253114516e-01
5.764453154699999686e+03	6.644803778348222778e-01
5.764648454700000002e+03	6.696976227224897826e-01
5.764843754700000318e+03	6.597799996974469394e-01
5.765039054699999724e+03	7.011495361634949575e-01
5.765234354700000040e+03	6.341570657207427075e-01
5.765429654700000356e+03	6.771110489436686919e-01
5.765624954699999762e+03	6.700775476385167906e-01
5.765820354700000280e+03	6.540120373634756845e-01
5.766015654699999686e+03	6.350175801130006903e-01
5.766210954700000002e+03	6.493372265101342578e-01
5.766406254700000318e+03	6.598715522471536588e-01
5.766601554699999724e+03	6.091407413129790172e-01
5.766796854700000040e+03	6.768542161902928456e-01
5.766992154700000356e+03	7.259489052974732459e-01
5.767187454699999762e+03	6.717566169807209775e-01
5.767382854700000280e+03	6.342566397380977605e-01
5.767578154699999686e+03	6.807868684938505055e-01
5.767773454700000002e+03	7.220834329996463907e-01
5.767968754700000318e+03	6.570237297405761012e-01
5.768164054699999724e+03	6.314048180164277824e-01
5.768359354700000040e+03	6.796072299155593299e-01
5.768554654700000356e+03	6.482585096187172269e-01
5.768749954699999762e+03	6.512147719889682662e-01
5.768945354700000280e+03	6.423499378102075497e-01
5.769140654699999686e+03	6.748782731995284223e-01
5.769335954700000002e+03	6.839388942053652443e-01
5.769531254700000318e+03	6.485333975727574085e-01
5.769726554699999724e+03	6.691139424820171655e-01
5.769921854700000040e+03	6.719190291523524650e-01
5.770117154700000356e+03	6.380867728681103301e-01
5.770312454699999762e+03	6.477807401469490856e-01
5.770507854700000280e+03	6.690785157172669528e-01
5.770703154699999686e+03	6.687270946404328953e-01
5.770898454700000002e+03	6.336119500490369205e-01
5.771093754700000318e+03	7.108351056485808783e-01
5.771289054699999724e+03	6.788289846827133545e-01
5.771484354700000040e+03	6.248403319852346982e-01
5.771679654700000356e+03	6.650897752570905652e-01
5.771874954699999762e+03	6.678106602074862508e-01
5.772070354700000280e+03	6.558143972252281628e-01
5.772265654699999686e+03	6.529680213830424407e-01
5.772460954700000002e+03	6.871691196640679067e-01
5.772656254700000318e+03	6.756832456259296293e-01
5.772851554699999724e+03	6.701041039454196380e-01
5.773046854700000040e+03	6.865750348383912183e-01
5.773242154700000356e+03	6.683589438563721785e-01
5.773437454699999762e+03	6.883041307286301702e-01
5.773632854700000280e+03	6.375664233791429325e-01
5.773828154699999686e+03	6.893761510741303056e-01
5.774023454700000002e+03	7.278332698618079633e-01
5.774218754700000318e+03	6.461965650425973706e-01
5.774414054699999724e+03	6.912653629080978135e-01
5.774609354700000040e+03	6.863773694677544057e-01
5.774804654700000356e+03	7.123237263624240256e-01
5.774999954699999762e+03	6.864983346128674668e-01
5.775195354700000280e+03	6.463098592262621622e-01
5.775390654699999686e+03	6.826885437309435645e-01
5.775585954700000002e+03	6.629425587626549543e-01
5.775781254700000318e+03	6.755267586349322784e-01
5.775976554699999724e+03	7.210796413069964217e-01
5.776171854700000040e+03	6.868347390949320896e-01
5.776367154700000356e+03	7.060768415894091987e-01
5.776562454699999762e+03	6.878635084208575279e-01
5.776757854700000280e+03	6.848900751281927768e-01
5.776953154699999686e+03	6.598243127307625855e-01
5.777148454700000002e+03	6.437806510345360778e-01
5.777343754700000318e+03	7.275652057010280060e-01
5.777539054699999724e+03	6.774032514394878746e-01
5.777734354700000040e+03	6.682162174518282427e-01
5.777929654700000356e+03	6.921828832446088597e-01
5.778124954699999762e+03	6.740152249600299683e-01
5.778320354700000280e+03	6.999620260806675986e-01
5.778515654699999686e+03	6.673165483606506854e-01
5.778710954700000002e+03	6.857124010707735806e-01
5.778906254700000318e+03	6.847071069332812954e-01
5.779101554699999724e+03	6.901531046188029705e-01
5.779296854700000040e+03	6.955044385302766585e-01
5.779492154700000356e+03	6.921710489071131178e-01
5.779687454699999762e+03	6.607291978737919180e-01
5.779882854700000280e+03	6.404746896865383121e-01
5.780078154699999686e+03	6.956853661308599612e-01
5.780273454700000002e+03	6.901678544157405781e-01
5.780468754700000318e+03	6.363797388633312124e-01
5.780664054699999724e+03	7.144488936946142843e-01
5.780859354700000040e+03	6.957659647123364266e-01
5.781054654700000356e+03	6.733962276655063306e-01
5.781249954699999762e+03	6.757688468727458542e-01
5.781445354700000280e+03	7.140873162667649154e-01
5.781640654699999686e+03	6.745013986711700937e-01
5.781835954700000002e+03	6.109433821446685897e-01
5.782031254700000318e+03	6.694613672442955021e-01
5.782226554699999724e+03	7.147505051076343818e-01
5.782421854700000040e+03	6.555947574751801454e-01
5.782617154700000356e+03	7.153881141162123924e-01
5.782812454699999762e+03	6.825035900415663548e-01
5.783007854700000280e+03	6.959931055004613398e-01
5.783203154699999686e+03	6.606730875812516501e-01
5.783398454700000002e+03	6.610728684830906587e-01
5.783593754700000318e+03	7.014758757430108460e-01
5.783789054699999724e+03	6.816428232660971531e-01
5.783984354700000040e+03	6.667485305861848843e-01
5.784179654700000356e+03	6.728225100481139975e-01
5.784374954699999762e+03	6.907766094278642299e-01
5.784570354700000280e+03	6.186271787627326546e-01
5.784765654699999686e+03	6.633294899790165289e-01
5.784960954700000002e+03	7.151680491655749705e-01
5.785156254700000318e+03	6.773796698113194736e-01
5.785351554699999724e+03	6.176141675354589466e-01
5.785546854700000040e+03	6.815365467668250687e-01
5.785742154700000356e+03	6.545665873733614859e-01
5.785937454699999762e+03	6.491263966028384402e-01
5.786132854700000280e+03	6.679091414639977131e-01
5.786328154699999686e+03	6.891303204091077106e-01
5.786523454700000002e+03	6.493983046473807974e-01
5.786718754700000318e+03	6.229627220414393207e-01
5.786914054699999724e+03	6.560103480851857682e-01
5.787109354700000040e+03	6.779021454372973210e-01
5.787304654700000356e+03	6.426947731596772684e-01
5.787499954699999762e+03	6.453147447541205395e-01
5.787695354700000280e+03	6.644685892245618675e-01
5.787890654699999686e+03	6.917177075112519447e-01
5.788085954700000002e+03	6.301665991230223085e-01
5.788281254700000318e+03	6.494830420591775066e-01
5.788476554699999724e+03	6.727959059814487830e-01
5.788671854700000040e+03	6.751931733305518435e-01
5.788867154700000356e+03	6.747070641453252193e-01
5.789062454699999762e+03	7.044954406111862966e-01
5.789257854700000280e+03	7.109873902389836076e-01
5.789453154699999686e+03	6.740674244524704761e-01
5.789648454700000002e+03	6.768729044017707253e-01
5.789843754700000318e+03	7.060836798020293514e-01
5.790039054699999724e+03	6.807199785938866654e-01
5.790234354700000040e+03	6.978414867977722480e-01
5.790429654700000356e+03	7.007091464226018473e-01
5.790624954699999762e+03	6.866203045870911126e-01
5.790820354700000280e+03	6.790867600946803861e-01
5.791015654699999686e+03	6.621057034339710157e-01
5.791210954700000002e+03	6.963775525413034018e-01
5.791406254700000318e+03	6.645631009065375849e-01
5.791601554699999724e+03	6.575505754621424614e-01
5.791796854700000040e+03	6.911040934223002807e-01
5.791992154700000356e+03	7.189157759822073501e-01
5.792187454699999762e+03	6.693550883109171679e-01
5.792382854700000280e+03	6.823107759935265193e-01
5.792578154699999686e+03	7.251672152385353343e-01
5.792773454700000002e+03	6.565549635861689381e-01
5.792968754700000318e+03	6.459531758407894841e-01
5.793164054699999724e+03	6.689032835279213884e-01
5.793359354700000040e+03	7.023802275852535359e-01
5.793554654700000356e+03	6.687615664795352188e-01
5.793749954699999762e+03	7.010689131979059852e-01
5.793945354700000280e+03	7.267040250287983838e-01
5.794140654699999686e+03	7.329260110563460273e-01
5.794335954700000002e+03	6.868897837397511807e-01
5.794531254700000318e+03	7.166691805024427708e-01
5.794726554699999724e+03	7.154607991644716947e-01
5.794921854700000040e+03	6.750248912340577334e-01
5.795117154700000356e+03	6.809993853180706935e-01
5.795312454699999762e+03	7.143182018486129436e-01
5.795507854700000280e+03	6.859406411719568553e-01
5.795703154699999686e+03	6.907441285737547787e-01
5.795898454700000002e+03	7.021147955651159123e-01
5.796093754700000318e+03	7.232747474623799633e-01
5.796289054699999724e+03	6.154480173092640172e-01
5.796484354700000040e+03	6.577248742051082786e-01
5.796679654700000356e+03	7.101973687457920903e-01
5.796874954699999762e+03	7.454112629271119062e-01
5.797070354700000280e+03	6.611919886789134893e-01
5.797265654699999686e+03	6.823363640613049341e-01
5.797460954700000002e+03	7.078684044254437424e-01
5.797656254700000318e+03	6.989366900360227675e-01
5.797851554699999724e+03	6.934798697912381016e-01
5.798046854700000040e+03	6.640757732334208185e-01
5.798242154700000356e+03	7.396783017322068332e-01
5.798437454699999762e+03	6.527483982992432487e-01
5.798632854700000280e+03	7.020558168456112469e-01
5.798828154699999686e+03	7.184805935428819623e-01
5.799023454700000002e+03	6.908444854030655335e-01
5.799218754700000318e+03	7.042074385194005970e-01
5.799414054699999724e+03	6.926686351749040682e-01
5.799609354700000040e+03	7.087027257609808117e-01
5.799804654700000356e+03	6.891657180151948836e-01
5.799999954699999762e+03	7.055854138916135554e-01
5.800195354700000280e+03	7.086457214112691361e-01
5.800390654699999686e+03	7.152829891935912343e-01
5.800585954700000002e+03	6.971228152169572923e-01
5.800781254700000318e+03	7.237049173393561574e-01
5.800976554699999724e+03	7.162231393936391299e-01
5.801171854700000040e+03	6.718402706705859373e-01
5.801367154700000356e+03	7.034801066080973442e-01
5.801562454699999762e+03	7.148398847987103011e-01
5.801757854700000280e+03	7.181976849158679954e-01
5.801953154699999686e+03	7.040354309527412369e-01
5.802148454700000002e+03	6.751164372444939943e-01
5.802343754700000318e+03	7.264016088057125842e-01
5.802539054699999724e+03	7.200365321112087713e-01
5.802734354700000040e+03	6.805271504211916067e-01
5.802929654700000356e+03	7.128906223673059372e-01
5.803124954699999762e+03	6.657730057954047709e-01
5.803320354700000280e+03	6.475472510106055068e-01
5.803515654699999686e+03	6.578538993053069106e-01
5.803710954700000002e+03	6.740486833682162171e-01
5.803906254700000318e+03	6.621529385296121006e-01
5.804101554699999724e+03	6.702625957119749955e-01
5.804296854700000040e+03	7.018179584823069916e-01
5.804492154700000356e+03	6.666579593826860162e-01
5.804687454699999762e+03	6.566948313428682127e-01
5.804882854700000280e+03	6.905444865227732265e-01
5.805078154699999686e+03	7.356137863627374429e-01
5.805273454700000002e+03	6.403721613364687926e-01
5.805468754700000318e+03	6.582852355869945882e-01
5.805664054699999724e+03	7.219439405211947047e-01
5.805859354700000040e+03	6.676758450044069093e-01
5.806054654700000356e+03	7.283222910269504524e-01
5.806249954699999762e+03	6.797735196350132014e-01
5.806445354700000280e+03	7.221433249217881212e-01
5.806640654699999686e+03	6.481994426610668825e-01
5.806835954700000002e+03	6.566229265240064450e-01
5.807031254700000318e+03	6.984903150381498449e-01
5.807226554699999724e+03	6.765442737886928626e-01
5.807421854700000040e+03	6.854704623682028597e-01
5.807617154700000356e+03	6.628785883396925982e-01
5.807812454699999762e+03	6.949734806358520700e-01
5.808007854700000280e+03	6.803677704497310685e-01
5.808203154699999686e+03	6.284886025433493728e-01
5.808398454700000002e+03	6.929282237343095119e-01
5.808593754700000318e+03	7.164412370254602536e-01
5.808789054699999724e+03	6.873019175858079421e-01
5.808984354700000040e+03	6.864885168313676900e-01
5.809179654700000356e+03	6.990044841373794782e-01
5.809374954699999762e+03	7.077976551309479447e-01
5.809570354700000280e+03	7.053348165555703986e-01
5.809765654699999686e+03	6.815030986441268368e-01
5.809960954700000002e+03	7.181593593528123876e-01
5.810156254700000318e+03	6.694682749361735574e-01
5.810351554699999724e+03	7.056679889598846955e-01
5.810546854700000040e+03	7.015181539952450862e-01
5.810742154700000356e+03	7.112330507380093536e-01
5.810937454699999762e+03	6.971287100689238514e-01
5.811132854700000280e+03	6.629770387848274993e-01
5.811328154699999686e+03	7.233366442738375923e-01
5.811523454700000002e+03	7.190248171781270514e-01
5.811718754700000318e+03	6.809315410425487158e-01
5.811914054699999724e+03	7.217701010960713148e-01
5.812109354700000040e+03	7.084462768867147986e-01
5.812304654700000356e+03	7.131628236290588063e-01
5.812499954699999762e+03	7.133789400773000722e-01
5.812695354700000280e+03	6.967776936361236295e-01
5.812890654699999686e+03	7.322957436949089072e-01
5.813085954700000002e+03	7.212092843527972974e-01
5.813281254700000318e+03	7.249816226818204257e-01
5.813476554699999724e+03	7.945575916617890755e-01
5.813671854700000040e+03	7.172595688073144515e-01
5.813867154700000356e+03	7.254942278802793965e-01
5.814062454699999762e+03	7.321710341942289091e-01
5.814257854700000280e+03	7.061613229282315274e-01
5.814453154699999686e+03	6.987085717999441670e-01
5.814648454700000002e+03	7.147043256124376853e-01
5.814843754700000318e+03	7.314425738727354798e-01
5.815039054699999724e+03	6.968435935296728445e-01
5.815234354700000040e+03	6.677181312632303190e-01
5.815429654700000356e+03	7.234829705097958197e-01
5.815624954699999762e+03	7.229034898273507537e-01
5.815820354700000280e+03	6.976841794453072509e-01
5.816015654699999686e+03	6.895423656310306626e-01
5.816210954700000002e+03	7.616165221108914807e-01
5.816406254700000318e+03	7.202938711899093960e-01
5.816601554699999724e+03	6.957482960531731209e-01
5.816796854700000040e+03	7.109923195103036164e-01
5.816992154700000356e+03	7.309330038180501532e-01
5.817187454699999762e+03	7.168450225989086988e-01
5.817382854700000280e+03	6.836270308595633338e-01
5.817578154699999686e+03	7.086398377916740543e-01
5.817773454700000002e+03	7.017963172243177894e-01
5.817968754700000318e+03	6.844228503473619440e-01
5.818164054699999724e+03	6.966036741561492107e-01
5.818359354700000040e+03	7.250090807854832065e-01
5.818554654700000356e+03	7.113480093766444412e-01
5.818749954699999762e+03	7.022377005087037105e-01
5.818945354700000280e+03	7.164471693887186632e-01
5.819140654699999686e+03	7.320728633826831810e-01
5.819335954700000002e+03	7.145874249337680340e-01
5.819531254700000318e+03	7.168852657714488430e-01
5.819726554699999724e+03	7.589923795436082088e-01
5.819921854700000040e+03	7.145196151934669615e-01
5.820117154700000356e+03	7.051647756364509689e-01
5.820312454699999762e+03	7.031203754998944788e-01
5.820507854700000280e+03	7.461628612468214072e-01
5.820703154699999686e+03	6.992119102822602628e-01
5.820898454700000002e+03	7.125674068394474148e-01
5.821093754700000318e+03	7.131323391298494130e-01
5.821289054699999724e+03	7.273855189868942972e-01
5.821484354700000040e+03	6.722447970935157002e-01
5.821679654700000356e+03	7.483292210704028946e-01
5.821874954699999762e+03	7.341658961434234243e-01
5.822070354700000280e+03	7.451639924912427659e-01
5.822265654699999686e+03	7.515695882191835153e-01
5.822460954700000002e+03	7.473137626757981877e-01
5.822656254700000318e+03	6.944041988062146231e-01
5.822851554699999724e+03	7.063893712683029236e-01
5.823046854700000040e+03	7.013667642439855854e-01
5.823242154700000356e+03	7.391179069017717040e-01
5.823437454699999762e+03	7.518677727379259323e-01
5.823632854700000280e+03	6.642598520772029502e-01
5.823828154699999686e+03	7.499833184255422225e-01
5.824023454700000002e+03	7.086162357681899948e-01
5.824218754700000318e+03	7.152751408829800539e-01
5.824414054699999724e+03	6.609783432670752745e-01
5.824609354700000040e+03	7.199844817871117186e-01
5.824804654700000356e+03	7.524269209713256856e-01
5.824999954699999762e+03	7.020509279804070246e-01
5.825195354700000280e+03	6.934818378518272652e-01
5.825390654699999686e+03	7.432564014149960485e-01
5.825585954700000002e+03	7.053161417458575499e-01
5.825781254700000318e+03	7.106287324247730908e-01
5.825976554699999724e+03	7.412250511073548154e-01
5.826171854700000040e+03	7.133298378327666001e-01
5.826367154700000356e+03	7.114217109138678552e-01
5.826562454699999762e+03	6.804947150462510308e-01
5.826757854700000280e+03	7.347008723328478652e-01
5.826953154699999686e+03	6.902986676588795945e-01
5.827148454700000002e+03	6.768453496389916779e-01
5.827343754700000318e+03	7.068817366589001949e-01
5.827539054699999724e+03	7.292177415437368637e-01
5.827734354700000040e+03	7.293620756269802996e-01
5.827929654700000356e+03	6.893387853785810648e-01
5.828124954699999762e+03	7.241095439094014097e-01
5.828320354700000280e+03	7.245681699040105173e-01
5.828515654699999686e+03	6.753063328348147820e-01
5.828710954700000002e+03	6.824032579714174318e-01
5.828906254700000318e+03	7.161730386861293596e-01
5.829101554699999724e+03	6.770637921232243173e-01
5.829296854700000040e+03	7.243039839645426525e-01
5.829492154700000356e+03	7.396802576241654492e-01
5.829687454699999762e+03	7.768025883802067710e-01
5.829882854700000280e+03	6.733293174644394696e-01
5.830078154699999686e+03	6.662720872763401303e-01
5.830273454700000002e+03	6.998558295523338302e-01
5.830468754700000318e+03	6.878753448531682579e-01
5.830664054699999724e+03	6.714879340962109922e-01
5.830859354700000040e+03	7.279383404888051246e-01
5.831054654700000356e+03	7.235782065238645089e-01
5.831249954699999762e+03	7.213173112588648905e-01
5.831445354700000280e+03	6.879481121724460024e-01
5.831640654699999686e+03	7.259685090154022191e-01
5.831835954700000002e+03	6.919301289265291643e-01
5.832031254700000318e+03	6.553633058131040912e-01
5.832226554699999724e+03	7.313925045472089437e-01
5.832421854700000040e+03	6.963126648608088942e-01
5.832617154700000356e+03	6.920805722080043410e-01
5.832812454699999762e+03	6.977608444215626093e-01
5.833007854700000280e+03	7.080875815796527917e-01
5.833203154699999686e+03	7.047893238448672548e-01
5.833398454700000002e+03	6.761240968621873293e-01
5.833593754700000318e+03	7.066478088351573206e-01
5.833789054699999724e+03	7.133092111470045182e-01
5.833984354700000040e+03	7.010049922026126978e-01
5.834179654700000356e+03	6.687792547332058746e-01
5.834374954699999762e+03	7.126548449298493182e-01
5.834570354700000280e+03	7.236253730571124976e-01
5.834765654699999686e+03	6.878654769356966625e-01
5.834960954700000002e+03	6.694338040968652592e-01
5.835156254700000318e+03	6.872871660519521697e-01
5.835351554699999724e+03	6.641279432825886175e-01
5.835546854700000040e+03	6.299447552072621193e-01
5.835742154700000356e+03	6.908434716997895464e-01
5.835937454699999762e+03	7.337408277669510426e-01
5.836132854700000280e+03	7.203675456006397582e-01
5.836328154699999686e+03	6.560802836258101678e-01
5.836523454700000002e+03	6.905769676433397564e-01
5.836718754700000318e+03	6.977077920810614842e-01
5.836914054699999724e+03	6.380877803021807182e-01
5.837109354700000040e+03	6.913951650189851250e-01
5.837304654700000356e+03	7.308623300885521701e-01
5.837499954699999762e+03	6.838670697446591618e-01
5.837695354700000280e+03	6.789765846819957318e-01
5.837890654699999686e+03	7.129397761383149401e-01
5.838085954700000002e+03	7.108665468141559529e-01
5.838281254700000318e+03	7.034614303739612495e-01
5.838476554699999724e+03	6.746864131447001256e-01
5.838671854700000040e+03	7.246084424642891264e-01
5.838867154700000356e+03	7.280925337840393752e-01
5.839062454699999762e+03	7.011524577699219662e-01
5.839257854700000280e+03	6.856307637149186007e-01
5.839453154699999686e+03	7.116555928051973012e-01
5.839648454700000002e+03	6.989966390149895403e-01
5.839843754700000318e+03	6.582950647410754641e-01
5.840039054699999724e+03	6.955083658778740130e-01
5.840234354700000040e+03	7.108419931664542446e-01
5.840429654700000356e+03	6.685971716415473054e-01
5.840624954699999762e+03	6.941711560629322264e-01
5.840820354700000280e+03	6.834962324577489312e-01
5.841015654699999686e+03	7.220568827511151255e-01
5.841210954700000002e+03	6.409516372406969253e-01
5.841406254700000318e+03	7.004918702476636838e-01
5.841601554699999724e+03	6.888785397222356721e-01
5.841796854700000040e+03	6.937621117048209385e-01
5.841992154700000356e+03	6.826265856268047827e-01
5.842187454699999762e+03	7.609310698782483229e-01
5.842382854700000280e+03	6.881733574554438349e-01
5.842578154699999686e+03	6.406658625998247203e-01
5.842773454700000002e+03	6.868838864069353178e-01
5.842968754700000318e+03	6.863075208420514883e-01
5.843164054699999724e+03	6.838523161292044961e-01
5.843359354700000040e+03	6.517702909420997059e-01
5.843554654700000356e+03	7.079538925298738405e-01
5.843749954699999762e+03	6.840431491455483126e-01
5.843945354700000280e+03	6.567332030511998653e-01
5.844140654699999686e+03	6.692989978739039003e-01
5.844335954700000002e+03	7.380353220996589414e-01
5.844531254700000318e+03	6.646960136816844056e-01
5.844726554699999724e+03	6.142395554982709172e-01
5.844921854700000040e+03	6.761801715869015794e-01
5.845117154700000356e+03	6.948200906424375489e-01
5.845312454699999762e+03	6.541312512820702807e-01
5.845507854700000280e+03	6.553908848756648808e-01
5.845703154699999686e+03	7.171132050832866867e-01
5.845898454700000002e+03	6.930216705454466108e-01
5.846093754700000318e+03	6.472644816818053926e-01
5.846289054699999724e+03	6.867088414278583741e-01
5.846484354700000040e+03	7.037631781347908344e-01
5.846679654700000356e+03	6.241027415249611465e-01
5.846874954699999762e+03	6.496278413170699650e-01
5.847070354700000280e+03	7.008536499214308435e-01
5.847265654699999686e+03	6.594205866410014494e-01
5.847460954700000002e+03	6.598735145670708846e-01
5.847656254700000318e+03	6.925978501008707156e-01
5.847851554699999724e+03	7.015161865846959444e-01
5.848046854700000040e+03	6.794212978010207848e-01
5.848242154700000356e+03	6.203621153182936609e-01
5.848437454699999762e+03	6.849176292384591136e-01
5.848632854700000280e+03	6.783537833498183289e-01
5.848828154699999686e+03	6.644705511744408710e-01
5.849023454700000002e+03	5.982517832959608484e-01
5.849218754700000318e+03	7.038988067880591615e-01
5.849414054699999724e+03	6.501223710114896193e-01
5.849609354700000040e+03	6.502011489207415451e-01
