# time(sec)	crack length FEA(mm)
4.992324445310000010e+04	1.561895133158621718e+00
4.992343945309999981e+04	1.612749634656051256e+00
4.992363445309999952e+04	1.602466781022666709e+00
4.992383045310000307e+04	1.588451502082966371e+00
4.992402545310000278e+04	1.619174903999542892e+00
4.992422045310000249e+04	1.607448519461087244e+00
4.992441645309999876e+04	1.580229486264947525e+00
4.992461145309999847e+04	1.600963256405483648e+00
4.992480645309999818e+04	1.613755733603134956e+00
4.992500245310000173e+04	1.636433179995789189e+00
4.992519745310000144e+04	1.585190491950951852e+00
4.992539245310000115e+04	1.611354857709333288e+00
4.992558745310000086e+04	1.620361117716228705e+00
4.992578345309999713e+04	1.581355694796551248e+00
4.992597845309999684e+04	1.572517079273453078e+00
4.992617345309999655e+04	1.568711245394386111e+00
4.992636945310000010e+04	1.582451809793321118e+00
4.992656445309999981e+04	1.615119360133434157e+00
4.992675945309999952e+04	1.577498852590885292e+00
4.992695545310000307e+04	1.568116265845965529e+00
4.992715045310000278e+04	1.566923135421209423e+00
4.992734545310000249e+04	1.565036337783801912e+00
4.992754145309999876e+04	1.599480195560207818e+00
4.992773645309999847e+04	1.577634744183393778e+00
4.992793145309999818e+04	1.569270822874537785e+00
4.992812745310000173e+04	1.596496344832281977e+00
4.992832245310000144e+04	1.596574379314862568e+00
4.992851745310000115e+04	1.584865339234537984e+00
4.992871245310000086e+04	1.577083822406862623e+00
4.992890845309999713e+04	1.585292078273411676e+00
4.992910345309999684e+04	1.613757751811654373e+00
4.992929845309999655e+04	1.593418178941259811e+00
4.992949445310000010e+04	1.602352420771900654e+00
4.992968945309999981e+04	1.647002817150193366e+00
4.992988445309999952e+04	1.618932591197674853e+00
4.993008045310000307e+04	1.615580672367908477e+00
4.993027545310000278e+04	1.599725925605749666e+00
4.993047045310000249e+04	1.643197438443035452e+00
4.993066645309999876e+04	1.615902181997142861e+00
4.993086145309999847e+04	1.557530920621044146e+00
4.993105645309999818e+04	1.622242206039894441e+00
4.993125245310000173e+04	1.673640235069999704e+00
4.993144745310000144e+04	1.616395491048145061e+00
4.993164245310000115e+04	1.633439260996409459e+00
4.993183745310000086e+04	1.629686184821073525e+00
4.993203345309999713e+04	1.633845854119496011e+00
4.993222845309999684e+04	1.610062391227033984e+00
4.993242345309999655e+04	1.634699438008397010e+00
4.993261945310000010e+04	1.663331276740079190e+00
4.993281445309999981e+04	1.662523518998257899e+00
4.993300945309999952e+04	1.609830625893822642e+00
4.993320545310000307e+04	1.651465259606908376e+00
4.993340045310000278e+04	1.624206491852820733e+00
4.993359545310000249e+04	1.628567742778361804e+00
4.993379145309999876e+04	1.634507423345517907e+00
4.993398645309999847e+04	1.660374913668757557e+00
4.993418145309999818e+04	1.626182254487890333e+00
4.993437745310000173e+04	1.633776469822764810e+00
4.993457245310000144e+04	1.596782775992638292e+00
4.993476745310000115e+04	1.622861376245934295e+00
4.993496245310000086e+04	1.635857082933320328e+00
4.993515845309999713e+04	1.578405975848703235e+00
4.993535345309999684e+04	1.604458357397085422e+00
4.993554845309999655e+04	1.663264178271715465e+00
4.993574445310000010e+04	1.589748393868863019e+00
4.993593945309999981e+04	1.602048895270471007e+00
4.993613445309999952e+04	1.618318543373797880e+00
4.993633045310000307e+04	1.630838765024353876e+00
4.993652545310000278e+04	1.636820474816762072e+00
4.993672045310000249e+04	1.639018290753549323e+00
4.993691645309999876e+04	1.614356968455098240e+00
4.993711145309999847e+04	1.584021665991032890e+00
4.993730645309999818e+04	1.600975097010230996e+00
4.993750245310000173e+04	1.640995898286881527e+00
4.993769745310000144e+04	1.623035423168573743e+00
4.993789245310000115e+04	1.592280805383769149e+00
4.993808745310000086e+04	1.632564273175914238e+00
4.993828345309999713e+04	1.623295940894575295e+00
4.993847845309999684e+04	1.593088918411799781e+00
4.993867345309999655e+04	1.640859371673379030e+00
4.993886945310000010e+04	1.642402899879032319e+00
4.993906445309999981e+04	1.638795338796095180e+00
4.993925945309999952e+04	1.599961005205789988e+00
4.993945545310000307e+04	1.594227353922308410e+00
4.993965045310000278e+04	1.647758907535239459e+00
4.993984545310000249e+04	1.608689748645467432e+00
4.994004145309999876e+04	1.627822848581324422e+00
4.994023645309999847e+04	1.641490869191400748e+00
4.994043145309999818e+04	1.650079237189711279e+00
4.994062745310000173e+04	1.659922005613459817e+00
4.994082245310000144e+04	1.667298434406179197e+00
4.994101745310000115e+04	1.642663198571693073e+00
4.994121245310000086e+04	1.649590771006753442e+00
4.994140845309999713e+04	1.650997247103482835e+00
4.994160345309999684e+04	1.637342203610717917e+00
4.994179845309999655e+04	1.655818143919049135e+00
4.994199445310000010e+04	1.624892819921157638e+00
4.994218945309999981e+04	1.617769784476815076e+00
4.994238445309999952e+04	1.680718369560608494e+00
4.994258045310000307e+04	1.650335144264998277e+00
4.994277545310000278e+04	1.621496006802862766e+00
4.994297045310000249e+04	1.631933630705397320e+00
4.994316645309999876e+04	1.659248349028077385e+00
4.994336145309999847e+04	1.626669017212629242e+00
4.994355645309999818e+04	1.613813344213319567e+00
4.994375245310000173e+04	1.625960278468671305e+00
4.994394745310000144e+04	1.653383370255117057e+00
4.994414245310000115e+04	1.628566642644697637e+00
4.994433745310000086e+04	1.650468317400459739e+00
4.994453345309999713e+04	1.668753704855292952e+00
4.994472845309999684e+04	1.641218828928913354e+00
4.994492345309999655e+04	1.664856180792735785e+00
4.994511945310000010e+04	1.654047583179959702e+00
4.994531445309999981e+04	1.670090832361283972e+00
4.994550945309999952e+04	1.615950155802670096e+00
4.994570545310000307e+04	1.608949327494951120e+00
4.994590045310000278e+04	1.632593146654599536e+00
4.994609545310000249e+04	1.596788100640807784e+00
4.994629145309999876e+04	1.614004522340319880e+00
4.994648645309999847e+04	1.604136688156540202e+00
4.994668145309999818e+04	1.622248716950604575e+00
4.994687745310000173e+04	1.627205828746184579e+00
4.994707245310000144e+04	1.603795924949436014e+00
4.994726745310000115e+04	1.635825097484675084e+00
4.994746245310000086e+04	1.626597502520015226e+00
4.994765845309999713e+04	1.612615050570065378e+00
4.994785345309999684e+04	1.636564509045468796e+00
4.994804845309999655e+04	1.650674120585051696e+00
4.994824445310000010e+04	1.594556414585003523e+00
4.994843945309999981e+04	1.608007158857471808e+00
4.994863445309999952e+04	1.601837425490796107e+00
4.994883045310000307e+04	1.589098304055159616e+00
4.994902545310000278e+04	1.604293806474421658e+00
4.994922045310000249e+04	1.607182500314081608e+00
4.994941645309999876e+04	1.583561926878489956e+00
4.994961145309999847e+04	1.581579202856007171e+00
4.994980645309999818e+04	1.572128703197744670e+00
4.995000245310000173e+04	1.652625266763788403e+00
4.995019745310000144e+04	1.597420806982727370e+00
4.995039245310000115e+04	1.624419957202327680e+00
4.995058745310000086e+04	1.613020910483722758e+00
4.995078345309999713e+04	1.627507922989233080e+00
4.995097845309999684e+04	1.603837591391419792e+00
4.995117345309999655e+04	1.606368548922629813e+00
4.995136945310000010e+04	1.553692635069365835e+00
4.995156445309999981e+04	1.555401387668254642e+00
4.995175945309999952e+04	1.582115043825954359e+00
4.995195545310000307e+04	1.615935204130201086e+00
4.995215045310000278e+04	1.591281390932726580e+00
4.995234545310000249e+04	1.619080987455177478e+00
4.995254145309999876e+04	1.584082657665179639e+00
4.995273645309999847e+04	1.600991068048870147e+00
4.995293145309999818e+04	1.595516301068878207e+00
4.995312745310000173e+04	1.574201008313909966e+00
4.995332245310000144e+04	1.620115515775548687e+00
4.995351745310000115e+04	1.609903201907840753e+00
4.995371245310000086e+04	1.588063393833857972e+00
4.995390845309999713e+04	1.607557532285140312e+00
4.995410345309999684e+04	1.582214438983937654e+00
4.995429845309999655e+04	1.627373425070492985e+00
4.995449445310000010e+04	1.584140342413590474e+00
4.995468945309999981e+04	1.609123479500173204e+00
4.995488445309999952e+04	1.631194070409945240e+00
4.995508045310000307e+04	1.632506709434167647e+00
4.995527545310000278e+04	1.618905810065484729e+00
4.995547045310000249e+04	1.595005376504140315e+00
4.995566645309999876e+04	1.618255624330606324e+00
4.995586145309999847e+04	1.614571625863710835e+00
4.995605645309999818e+04	1.619149315447753423e+00
4.995625245310000173e+04	1.604371814587448597e+00
4.995644745310000144e+04	1.614178544429659468e+00
4.995664245310000115e+04	1.594662274900064958e+00
4.995683745310000086e+04	1.616896219207140106e+00
4.995703345309999713e+04	1.604094012727660612e+00
4.995722845309999684e+04	1.607622682800968761e+00
4.995742345309999655e+04	1.612215697256843328e+00
4.995761945310000010e+04	1.671178523747215650e+00
4.995781445309999981e+04	1.616937953706358400e+00
4.995800945309999952e+04	1.574199905584555026e+00
4.995820545310000307e+04	1.640777272058127068e+00
4.995840045310000278e+04	1.661709324659739195e+00
4.995859545310000249e+04	1.603742511030468165e+00
4.995879145309999876e+04	1.636147241162241528e+00
4.995898645309999847e+04	1.632470411204565153e+00
4.995918145309999818e+04	1.597706216861460859e+00
4.995937745310000173e+04	1.627931673396219026e+00
4.995957245310000144e+04	1.632924959906096873e+00
4.995976745310000115e+04	1.629378893697504438e+00
4.995996245310000086e+04	1.632008337074289273e+00
4.996015845309999713e+04	1.636216618314520588e+00
4.996035345309999684e+04	1.616106092912890091e+00
4.996054845309999655e+04	1.596283722479526546e+00
4.996074445310000010e+04	1.657047245892929510e+00
4.996093945309999981e+04	1.632357299687768659e+00
4.996113445309999952e+04	1.632404230951806312e+00
4.996133045310000307e+04	1.604534162390912400e+00
4.996152545310000278e+04	1.595143276755411677e+00
4.996172045310000249e+04	1.630321197370621533e+00
4.996191645309999876e+04	1.590405811750407850e+00
4.996211145309999847e+04	1.608479440838884500e+00
4.996230645309999818e+04	1.598158238664719732e+00
4.996250245310000173e+04	1.610962822397317140e+00
4.996269745310000144e+04	1.581373792323681471e+00
4.996289245310000115e+04	1.639029928548168868e+00
4.996308745310000086e+04	1.644575447023143511e+00
4.996328345309999713e+04	1.599422365546342206e+00
4.996347845309999684e+04	1.622526208420786986e+00
4.996367345309999655e+04	1.600019751783690936e+00
4.996386945310000010e+04	1.602238151736777638e+00
4.996406445309999981e+04	1.587697779976871004e+00
4.996425945309999952e+04	1.642536210559356391e+00
4.996445545310000307e+04	1.587017783419835126e+00
4.996465045310000278e+04	1.563441839265218292e+00
4.996484545310000249e+04	1.601943160622949947e+00
4.996504145309999876e+04	1.618798043208684589e+00
4.996523645309999847e+04	1.629411988195110794e+00
4.996543145309999818e+04	1.648505355238336634e+00
4.996562745310000173e+04	1.588254785465871066e+00
4.996582245310000144e+04	1.608392913117221212e+00
4.996601745310000115e+04	1.629665925001528848e+00
4.996621245310000086e+04	1.590821612696458942e+00
4.996640845309999713e+04	1.625741509427474085e+00
4.996660345309999684e+04	1.568972285195048499e+00
4.996679845309999655e+04	1.589371970312923210e+00
4.996699445310000010e+04	1.600379846679263807e+00
4.996718945309999981e+04	1.587555518712521874e+00
4.996738445309999952e+04	1.558222360503940251e+00
4.996758045310000307e+04	1.577394016137287025e+00
4.996777545310000278e+04	1.603794823632771482e+00
4.996797045310000249e+04	1.604461477704411720e+00
4.996816645309999876e+04	1.568204047663140699e+00
4.996836145309999847e+04	1.581596381561043430e+00
4.996855645309999818e+04	1.575415173299493432e+00
4.996875245310000173e+04	1.653209552648394975e+00
4.996894745310000144e+04	1.554302977468893232e+00
4.996914245310000115e+04	1.586077933493385217e+00
4.996933745310000086e+04	1.583615295664595024e+00
4.996953345309999713e+04	1.531567068822194955e+00
4.996972845309999684e+04	1.610827126899476269e+00
4.996992345309999655e+04	1.547614269392873609e+00
4.997011945310000010e+04	1.586348420950891125e+00
4.997031445309999981e+04	1.540975162440876289e+00
4.997050945309999952e+04	1.580437019968051970e+00
4.997070545310000307e+04	1.620495564869289140e+00
4.997090045310000278e+04	1.627318965567130959e+00
4.997109545310000249e+04	1.568909139569916178e+00
4.997129145309999876e+04	1.640800729120941881e+00
4.997148645309999847e+04	1.584100844910325989e+00
4.997168145309999818e+04	1.602391978836104514e+00
4.997187745310000173e+04	1.627660481368355505e+00
4.997207245310000144e+04	1.596278397714975483e+00
4.997226745310000115e+04	1.603907983645536106e+00
4.997246245310000086e+04	1.583823809360938029e+00
4.997265845309999713e+04	1.617911859528025076e+00
4.997285345309999684e+04	1.661409876245233619e+00
4.997304845309999655e+04	1.588458940913746176e+00
4.997324445310000010e+04	1.586670246382082539e+00
4.997343945309999981e+04	1.638884868057811417e+00
4.997363445309999952e+04	1.621229049234173658e+00
4.997383045310000307e+04	1.633739073708220246e+00
4.997402545310000278e+04	1.636458840999491571e+00
4.997422045310000249e+04	1.621811931636866433e+00
4.997441645309999876e+04	1.585227875034787459e+00
4.997461145309999847e+04	1.596344589959402427e+00
4.997480645309999818e+04	1.622725842484122438e+00
4.997500245310000173e+04	1.605945503088634041e+00
4.997519745310000144e+04	1.634205420910179285e+00
4.997539245310000115e+04	1.568602140913998966e+00
4.997558745310000086e+04	1.609275150327782455e+00
4.997578345309999713e+04	1.588577594532578630e+00
4.997597845309999684e+04	1.587982208036626375e+00
4.997617345309999655e+04	1.600963256405483648e+00
4.997636945310000010e+04	1.615442894258254825e+00
4.997656445309999981e+04	1.592694552504806182e+00
4.997675945309999952e+04	1.594277576374828698e+00
4.997695545310000307e+04	1.558540439817877044e+00
4.997715045310000278e+04	1.605229702876989961e+00
4.997734545310000249e+04	1.567295604627535255e+00
4.997754145309999876e+04	1.613168335676908427e+00
4.997773645309999847e+04	1.592107628066560920e+00
4.997793145309999818e+04	1.556776097374456214e+00
4.997812745310000173e+04	1.588650329266789285e+00
4.997832245310000144e+04	1.559162424425149851e+00
4.997851745310000115e+04	1.580823051581960570e+00
4.997871245310000086e+04	1.542005833032970230e+00
4.997890845309999713e+04	1.606670824641572182e+00
4.997910345309999684e+04	1.597128049341689504e+00
4.997929845309999655e+04	1.560714554333111792e+00
4.997949445310000010e+04	1.553710754266418803e+00
4.997968945309999981e+04	1.604069416960742345e+00
4.997988445309999952e+04	1.577260420177497124e+00
4.998008045310000307e+04	1.557580119380599371e+00
4.998027545310000278e+04	1.590024164537595652e+00
4.998047045310000249e+04	1.579066932319953764e+00
4.998066645309999876e+04	1.563510332150240600e+00
4.998086145309999847e+04	1.598056708949556537e+00
4.998105645309999818e+04	1.584658029025000303e+00
4.998125245310000173e+04	1.583267799273023968e+00
4.998144745310000144e+04	1.560596768980278881e+00
4.998164245310000115e+04	1.560178216955803165e+00
4.998183745310000086e+04	1.587810100549551962e+00
4.998203345309999713e+04	1.537604457233658906e+00
4.998222845309999684e+04	1.545935947849271130e+00
4.998242345309999655e+04	1.553858558557042358e+00
4.998261945310000010e+04	1.577502160306485379e+00
4.998281445309999981e+04	1.555240809477258068e+00
4.998300945309999952e+04	1.597426131483672407e+00
4.998320545310000307e+04	1.604855826088328996e+00
4.998340045310000278e+04	1.575545655711769300e+00
4.998359545310000249e+04	1.585226772831704878e+00
4.998379145309999876e+04	1.582969442397041959e+00
4.998398645309999847e+04	1.581721409077491813e+00
4.998418145309999818e+04	1.533589341632310976e+00
4.998437745310000173e+04	1.548149794142316793e+00
4.998457245310000144e+04	1.555093105987522151e+00
4.998476745310000115e+04	1.573827639525319455e+00
4.998496245310000086e+04	1.611306690846717515e+00
4.998515845309999713e+04	1.569013095376289968e+00
4.998535345309999684e+04	1.609296529136145182e+00
4.998554845309999655e+04	1.601842748972572394e+00
4.998574445310000010e+04	1.581452980321300217e+00
4.998593945309999981e+04	1.633117079426167351e+00
4.998613445309999952e+04	1.612858622419874877e+00
4.998633045310000307e+04	1.594847276800056335e+00
4.998652545310000278e+04	1.622684210167177454e+00
4.998672045310000249e+04	1.606405805949657761e+00
4.998691645309999876e+04	1.641500489956897013e+00
4.998711145309999847e+04	1.602137649587437096e+00
4.998730645309999818e+04	1.634959823830675063e+00
4.998750245310000173e+04	1.590333082546813159e+00
4.998769745310000144e+04	1.603820521007989441e+00
4.998789245310000115e+04	1.613347684905273027e+00
4.998808745310000086e+04	1.628241184128032870e+00
4.998828345309999713e+04	1.624291859891012990e+00
4.998847845309999684e+04	1.597365266856538568e+00
4.998867345309999655e+04	1.590700858555596398e+00
4.998886945310000010e+04	1.625039068884117199e+00
4.998906445309999981e+04	1.593082582901008237e+00
4.998925945309999952e+04	1.605576868754070574e+00
4.998945545310000307e+04	1.625373191557812902e+00
4.998965045310000278e+04	1.598536538489110370e+00
4.998984545310000249e+04	1.586949268339585828e+00
4.999004145309999876e+04	1.602803341970378881e+00
4.999023645309999847e+04	1.587167395401781533e+00
4.999043145309999818e+04	1.612036155734624998e+00
4.999062745310000173e+04	1.577071050715543876e+00
4.999082245310000144e+04	1.601367302134509174e+00
4.999101745310000115e+04	1.584989430543091160e+00
4.999121245310000086e+04	1.604707246467182102e+00
4.999140845309999713e+04	1.573864030152535065e+00
4.999160345309999684e+04	1.612863851617811761e+00
4.999179845309999655e+04	1.632796909889155046e+00
4.999199445310000010e+04	1.597106567449415593e+00
4.999218945309999981e+04	1.586728016511159467e+00
4.999238445309999952e+04	1.628551790835068402e+00
4.999258045310000307e+04	1.594095783432535995e+00
4.999277545310000278e+04	1.645340137009300818e+00
4.999297045310000249e+04	1.675417978710424194e+00
4.999316645309999876e+04	1.624171189188178488e+00
4.999336145309999847e+04	1.598317509062818331e+00
4.999355645309999818e+04	1.626895203887750441e+00
4.999375245310000173e+04	1.615534807575983223e+00
4.999394745310000144e+04	1.619067046685497502e+00
4.999414245310000115e+04	1.622548675363169934e+00
4.999433745310000086e+04	1.583891231448504300e+00
4.999453345309999713e+04	1.625238681173978961e+00
4.999472845309999684e+04	1.607440994987889837e+00
4.999492345309999655e+04	1.599443845282699783e+00
4.999511945310000010e+04	1.611743491799382255e+00
4.999531445309999981e+04	1.571572411566412697e+00
4.999550945309999952e+04	1.596622485146767190e+00
4.999570545310000307e+04	1.613294293106937616e+00
4.999590045310000278e+04	1.567261317856127434e+00
4.999609545310000249e+04	1.569959981647668812e+00
4.999629145309999876e+04	1.618845002105260278e+00
4.999648645309999847e+04	1.651634785856925802e+00
4.999668145309999818e+04	1.647413384457470542e+00
4.999687745310000173e+04	1.599791190037901600e+00
4.999707245310000144e+04	1.631739393011994110e+00
4.999726745310000115e+04	1.595279064546533121e+00
4.999746245310000086e+04	1.644542465932115505e+00
4.999765845309999713e+04	1.606210343536464080e+00
4.999785345309999684e+04	1.653893917535945945e+00
4.999804845309999655e+04	1.638355751483217659e+00
4.999824445310000010e+04	1.589657479739564394e+00
4.999843945309999981e+04	1.628333963193542289e+00
4.999863445309999952e+04	1.611110169004403403e+00
4.999883045310000307e+04	1.666161500299434550e+00
4.999902545310000278e+04	1.601133246520451081e+00
4.999922045310000249e+04	1.569570459648534921e+00
4.999941645309999876e+04	1.615378958331074699e+00
4.999961145309999847e+04	1.637771179906806651e+00
4.999980645309999818e+04	1.575405524922850020e+00
5.000000245310000173e+04	1.616207634922803393e+00
5.000019745310000144e+04	1.612837155173810544e+00
5.000039245310000115e+04	1.564419935198696265e+00
5.000058745310000086e+04	1.594416490925665286e+00
5.000078345309999713e+04	1.604333269435162634e+00
5.000097845309999684e+04	1.599095393757208328e+00
5.000117345309999655e+04	1.600558377496540174e+00
5.000136945310000010e+04	1.593021614998114899e+00
5.000156445309999981e+04	1.616562065316038854e+00
5.000175945309999952e+04	1.598967155661906503e+00
5.000195545310000307e+04	1.593613749759461129e+00
5.000215045310000278e+04	1.609422599474235938e+00
5.000234545310000249e+04	1.650713595751769347e+00
5.000254145309999876e+04	1.588519920868321833e+00
5.000273645309999847e+04	1.622177096831595833e+00
5.000293145309999818e+04	1.645841427112246791e+00
5.000312745310000173e+04	1.589628644274270641e+00
5.000332245310000144e+04	1.637188609641482273e+00
5.000351745310000115e+04	1.621234368240315860e+00
5.000371245310000086e+04	1.590727580629025084e+00
5.000390845309999713e+04	1.548158349925907729e+00
5.000410345309999684e+04	1.564323681141567945e+00
5.000429845309999655e+04	1.612863851617811761e+00
5.000449445310000010e+04	1.570074410529706199e+00
5.000468945309999981e+04	1.561843828882922836e+00
5.000488445309999952e+04	1.575342396873386619e+00
5.000508045310000307e+04	1.573011408429586311e+00
5.000527545310000278e+04	1.546203685187169441e+00
5.000547045310000249e+04	1.577487091820483300e+00
5.000566645309999876e+04	1.579370668276123268e+00
5.000586145309999847e+04	1.607718756535659210e+00
5.000605645309999818e+04	1.577846527661282749e+00
5.000625245310000173e+04	1.550943871302601806e+00
5.000644745310000144e+04	1.621940042737142207e+00
5.000664245310000115e+04	1.580228383823300220e+00
5.000683745310000086e+04	1.540078441702856793e+00
5.000703345309999713e+04	1.605588615221559934e+00
5.000722845309999684e+04	1.573360070004380162e+00
5.000742345309999655e+04	1.543469030392373043e+00
5.000761945310000010e+04	1.626062693940351522e+00
5.000781445309999981e+04	1.565771586667853654e+00
5.000800945309999952e+04	1.586180618069384707e+00
5.000820545310000307e+04	1.580583551052374247e+00
5.000840045310000278e+04	1.551530646275615766e+00
5.000859545310000249e+04	1.609201471278415951e+00
5.000879145309999876e+04	1.620748682892385162e+00
5.000898645309999847e+04	1.591072852747705824e+00
5.000918145309999818e+04	1.631276295875165872e+00
5.000937745310000173e+04	1.594847276800056335e+00
5.000957245310000144e+04	1.574022273577158515e+00
5.000976745310000115e+04	1.643598545392562116e+00
5.000996245310000086e+04	1.640530788194789480e+00
5.001015845309999713e+04	1.626774638506374160e+00
5.001035345309999684e+04	1.584522086893667137e+00
5.001054845309999655e+04	1.664287202674918476e+00
5.001074445310000010e+04	1.597354617825331502e+00
5.001093945309999981e+04	1.620774269668245893e+00
5.001113445309999952e+04	1.573085111183027962e+00
5.001133045310000307e+04	1.618125383199780387e+00
5.001152545310000278e+04	1.629813243735455330e+00
5.001172045310000249e+04	1.637441452629303740e+00
5.001191645309999876e+04	1.577402652988432408e+00
5.001211145309999847e+04	1.603732874485523041e+00
5.001230645309999818e+04	1.654241541090629042e+00
5.001250245310000173e+04	1.605435818907709589e+00
5.001269745310000144e+04	1.655390694414982988e+00
5.001289245310000115e+04	1.641443956448675578e+00
5.001308745310000086e+04	1.599410707732339176e+00
5.001328345309999713e+04	1.655990842985922029e+00
5.001347845309999684e+04	1.635895575391392853e+00
5.001367345309999655e+04	1.634760295782138328e+00
5.001386945310000010e+04	1.633382799345742598e+00
5.001406445309999981e+04	1.613449147329031774e+00
5.001425945309999952e+04	1.614629234434865168e+00
5.001445545310000307e+04	1.619285970825130150e+00
5.001465045310000278e+04	1.613771695792987515e+00
5.001484545310000249e+04	1.631931522423986536e+00
5.001504145309999876e+04	1.629121561729318657e+00
5.001523645309999847e+04	1.566208330717419273e+00
5.001543145309999818e+04	1.597050016731405009e+00
5.001562745310000173e+04	1.611305589888679890e+00
5.001582245310000144e+04	1.591851165315521399e+00
5.001601745310000115e+04	1.624708242318442686e+00
5.001621245310000086e+04	1.630707494981152195e+00
5.001640845309999713e+04	1.628839840891195934e+00
5.001660345309999684e+04	1.636976270706329117e+00
5.001679845309999655e+04	1.641926090272924910e+00
5.001699445310000010e+04	1.655862005575880147e+00
5.001718945309999981e+04	1.666335128475914473e+00
5.001738445309999952e+04	1.657506711529169507e+00
5.001758045310000307e+04	1.668588697689092015e+00
5.001777545310000278e+04	1.628120534112296625e+00
5.001797045310000249e+04	1.676009096020861122e+00
5.001816645309999876e+04	1.663982387174350208e+00
5.001836145309999847e+04	1.671247795297448491e+00
5.001855645309999818e+04	1.648417878572914219e+00
5.001875245310000173e+04	1.650839439566507139e+00
5.001894745310000144e+04	1.603799045346377738e+00
5.001914245310000115e+04	1.617794273912217307e+00
5.001933745310000086e+04	1.654110404476512031e+00
5.001953345309999713e+04	1.607546796196555050e+00
5.001972845309999684e+04	1.592823835481667061e+00
5.001992345309999655e+04	1.626665808224771581e+00
5.002011945310000010e+04	1.636418333259157976e+00
5.002031445309999981e+04	1.654331101840059048e+00
5.002050945309999952e+04	1.586620007376494002e+00
5.002070545310000307e+04	1.657280733961920660e+00
5.002090045310000278e+04	1.630672293948478568e+00
5.002109545310000249e+04	1.601397132581375615e+00
5.002129145309999876e+04	1.649171724153077889e+00
5.002148645309999847e+04	1.631070319156329163e+00
5.002168145309999818e+04	1.626292187296487057e+00
5.002187745310000173e+04	1.650380939790585089e+00
5.002207245310000144e+04	1.617562586302074834e+00
5.002226745310000115e+04	1.576683853786766676e+00
5.002246245310000086e+04	1.609704557786606927e+00
5.002265845309999713e+04	1.591263209342947960e+00
5.002285345309999684e+04	1.646325575770624994e+00
