# time(sec)	crack length FEA(mm)
2.804550745309999911e+04	1.036537038631228924e+00
2.804570345309999902e+04	1.063571773399853981e+00
2.804589845309999873e+04	1.057922890279829886e+00
2.804609345309999844e+04	1.073428209193686200e+00
2.804628945309999835e+04	1.037418109711666148e+00
2.804648445309999806e+04	1.032413407826922480e+00
2.804667945310000141e+04	1.073394413335755360e+00
2.804687545310000132e+04	1.035805812363035372e+00
2.804707045310000103e+04	1.064677141258465909e+00
2.804726545310000074e+04	1.090448086536770944e+00
2.804746045310000045e+04	1.046985662160667019e+00
2.804765645310000036e+04	1.072604233725776623e+00
2.804785145310000007e+04	1.013012987207986271e+00
2.804804645309999978e+04	1.132377054273497663e+00
2.804824245309999969e+04	1.087741790216936622e+00
2.804843745309999940e+04	1.086370934145929112e+00
2.804863245309999911e+04	1.099546777298520794e+00
2.804882845309999902e+04	1.089705379723611145e+00
2.804902345309999873e+04	1.113104733149665293e+00
2.804921845309999844e+04	1.073329825562680639e+00
2.804941445309999835e+04	1.117762105700151665e+00
2.804960945309999806e+04	1.135838097735744512e+00
2.804980445310000141e+04	1.088403593345558917e+00
2.805000045310000132e+04	1.159551311927074835e+00
2.805019545310000103e+04	1.095700501338756183e+00
2.805039045310000074e+04	1.099464912206276068e+00
2.805058545310000045e+04	1.121386612816074546e+00
2.805078145310000036e+04	1.053446490067052821e+00
2.805097645310000007e+04	1.122806694539493222e+00
2.805117145309999978e+04	1.115627094123787799e+00
2.805136745309999969e+04	1.112157759453522132e+00
2.805156245309999940e+04	1.148870860266592686e+00
2.805175745309999911e+04	1.105527323721126720e+00
2.805195345309999902e+04	1.108884204916535055e+00
2.805214845309999873e+04	1.098407111083153254e+00
2.805234345309999844e+04	1.139053263737475064e+00
2.805253945309999835e+04	1.115740671379089832e+00
2.805273445309999806e+04	1.115665328111978383e+00
2.805292945310000141e+04	1.148989706052889304e+00
2.805312545310000132e+04	1.083587602770975877e+00
2.805332045310000103e+04	1.093366060835094800e+00
2.805351545310000074e+04	1.092048997219542628e+00
2.805371045310000045e+04	1.141028060770759467e+00
2.805390645310000036e+04	1.073583481768727310e+00
2.805410145310000007e+04	1.072825039793254831e+00
2.805429645309999978e+04	1.084409133670272141e+00
2.805449245309999969e+04	1.065468616986692041e+00
2.805468745309999940e+04	1.095657920885395598e+00
2.805488245309999911e+04	1.118555002206935711e+00
2.805507845309999902e+04	1.093486122830615415e+00
2.805527345309999873e+04	1.115946833325709875e+00
2.805546845309999844e+04	1.063522561267502553e+00
2.805566445309999835e+04	1.084565272942130676e+00
2.805585945309999806e+04	1.059521763155332863e+00
2.805605445310000141e+04	1.079865538794063440e+00
2.805625045310000132e+04	1.117396569806039963e+00
2.805644545310000103e+04	1.048258044822187429e+00
2.805664045310000074e+04	1.059648665159782510e+00
2.805683545310000045e+04	1.068695664914374177e+00
2.805703145310000036e+04	1.113560774112766438e+00
2.805722645310000007e+04	1.067735934756605332e+00
2.805742145309999978e+04	1.050954737746483403e+00
2.805761745309999969e+04	1.078901847692959493e+00
2.805781245309999940e+04	1.067745700330181791e+00
2.805800745309999911e+04	1.066894108481172054e+00
2.805820345309999902e+04	1.058253269553059539e+00
2.805839845309999873e+04	1.070876299194987169e+00
2.805859345309999844e+04	1.088684389703832522e+00
2.805878945309999835e+04	1.099232350039336836e+00
2.805898445309999806e+04	1.080707938778493471e+00
2.805917945310000141e+04	1.081608117561865257e+00
2.805937545310000132e+04	1.093204351376641625e+00
2.805957045310000103e+04	1.082482080493932131e+00
2.805976545310000074e+04	1.073343062315338159e+00
2.805996045310000045e+04	1.093831203893669723e+00
2.806015645310000036e+04	1.080306920312914087e+00
2.806035145310000007e+04	1.061777531000551278e+00
2.806054645309999978e+04	1.062986856210610398e+00
2.806074245309999969e+04	1.086439708699716178e+00
2.806093745309999940e+04	1.046941866703953394e+00
2.806113245309999911e+04	1.108793654375904936e+00
2.806132845309999902e+04	1.044315965899983212e+00
2.806152345309999873e+04	1.060821842646946678e+00
2.806171845309999844e+04	1.026275443978954982e+00
2.806191445309999835e+04	1.034875410419322961e+00
2.806210945309999806e+04	1.059760161773821707e+00
2.806230445310000141e+04	1.052234519395424783e+00
2.806250045310000132e+04	1.087877173330582536e+00
2.806269545310000103e+04	1.051283992101911480e+00
2.806289045310000074e+04	1.056304369578262126e+00
2.806308545310000045e+04	1.072135389561410079e+00
2.806328145310000036e+04	1.048472404401854519e+00
2.806347645310000007e+04	1.065486083999642730e+00
2.806367145309999978e+04	1.074185599333222996e+00
2.806386745309999969e+04	1.067277887296512517e+00
2.806406245309999940e+04	1.087075465145254327e+00
2.806425745309999911e+04	1.055600054691439027e+00
2.806445345309999902e+04	1.054505257942796703e+00
2.806464845309999873e+04	1.089053369653791847e+00
2.806484345309999844e+04	1.060241272602684859e+00
2.806503945309999835e+04	1.034955241175470775e+00
2.806523445309999806e+04	1.043517207616012854e+00
2.806542945310000141e+04	1.077662732109827104e+00
2.806562545310000132e+04	1.018764443940298747e+00
2.806582045310000103e+04	1.077206001972438543e+00
2.806601545310000074e+04	1.083298113106982541e+00
2.806621045310000045e+04	1.057339055597301680e+00
2.806640645310000036e+04	1.071088295956798220e+00
2.806660145310000007e+04	1.105919198363364941e+00
2.806679645309999978e+04	1.086841749690526271e+00
2.806699245309999969e+04	1.090426322564468364e+00
2.806718745309999940e+04	1.064325063215466827e+00
2.806738245309999911e+04	1.077975285906562775e+00
2.806757845309999902e+04	1.112699949627668161e+00
2.806777345309999873e+04	1.064934082631879164e+00
2.806796845309999844e+04	1.078293279370267754e+00
2.806816445309999835e+04	1.084010335806265601e+00
2.806835945309999806e+04	1.069647751119614298e+00
2.806855445310000141e+04	1.097771657561184000e+00
2.806875045310000132e+04	1.118918271517340912e+00
2.806894545310000103e+04	1.107088971348634487e+00
2.806914045310000074e+04	1.039149600211286995e+00
2.806933545310000045e+04	1.041891034285383100e+00
2.806953145310000036e+04	1.049058899651363674e+00
2.806972645310000007e+04	1.075024914914013863e+00
2.806992145309999978e+04	1.117757701686727501e+00
2.807011745309999969e+04	1.098898319268089452e+00
2.807031245309999940e+04	1.098318677527096554e+00
2.807050745309999911e+04	1.062185436230942415e+00
2.807070345309999902e+04	1.051429448913111742e+00
2.807089845309999873e+04	1.099938656806891402e+00
2.807109345309999844e+04	1.091489919600473257e+00
2.807128945309999835e+04	1.091809889960728697e+00
2.807148445309999806e+04	1.138643492641781663e+00
2.807167945310000141e+04	1.119546600926451418e+00
2.807187545310000132e+04	1.125311632229513137e+00
2.807207045310000103e+04	1.099050143493684573e+00
2.807226545310000074e+04	1.040188227360626883e+00
2.807246045310000045e+04	1.085314708414848894e+00
2.807265645310000036e+04	1.079192517107482985e+00
2.807285145310000007e+04	1.130070098175364635e+00
2.807304645309999978e+04	1.153340361612503528e+00
2.807324245309999969e+04	1.124650762789196179e+00
2.807343745309999940e+04	1.093290646584136994e+00
2.807363245309999911e+04	1.124533012751756544e+00
2.807382845309999902e+04	1.116270785095496265e+00
2.807402345309999873e+04	1.091187393092337032e+00
2.807421845309999844e+04	1.135926391653537593e+00
2.807441445309999835e+04	1.099347037231062529e+00
2.807460945309999806e+04	1.105187943808179085e+00
2.807480445310000141e+04	1.116231614997806432e+00
2.807500045310000132e+04	1.111855589670360800e+00
2.807519545310000103e+04	1.103405463415638721e+00
2.807539045310000074e+04	1.085990747076301943e+00
2.807558545310000045e+04	1.107631464722178549e+00
2.807578145310000036e+04	1.081255163697123933e+00
2.807597645310000007e+04	1.106989789433857396e+00
2.807617145309999978e+04	1.101163484764960288e+00
2.807636745309999969e+04	1.101735462111580688e+00
2.807656245309999940e+04	1.110010339837998572e+00
2.807675745309999911e+04	1.108134574772359215e+00
2.807695345309999902e+04	1.079467791003050792e+00
2.807714845309999873e+04	1.099040296985920762e+00
2.807734345309999844e+04	1.077884617570209258e+00
2.807753945309999835e+04	1.087399810728676641e+00
2.807773445309999806e+04	1.103539819769114416e+00
2.807792945310000141e+04	1.113433222230709063e+00
2.807812545310000132e+04	1.057892360260757059e+00
2.807832045310000103e+04	1.094172997106262812e+00
2.807851545310000074e+04	1.090187105176891436e+00
2.807871045310000045e+04	1.046508606885304005e+00
2.807890645310000036e+04	1.095459179831109964e+00
2.807910145310000007e+04	1.109675335744114477e+00
2.807929645309999978e+04	1.094157708436917176e+00
2.807949245309999969e+04	1.082815309704251661e+00
2.807968745309999940e+04	1.098371006224613922e+00
2.807988245309999911e+04	1.084710620417757454e+00
2.808007845309999902e+04	1.080890379765779841e+00
2.808027345309999873e+04	1.030158057464809929e+00
2.808046845309999844e+04	1.064655165880738608e+00
2.808066445309999835e+04	1.043572946736087914e+00
2.808085945309999806e+04	1.027337582113428738e+00
2.808105445310000141e+04	1.052250962545082658e+00
2.808125045310000132e+04	1.102281265690457701e+00
2.808144545310000103e+04	1.038517075928524491e+00
2.808164045310000074e+04	1.062690541523419796e+00
2.808183545310000045e+04	1.057422099086204881e+00
2.808203145310000036e+04	1.087191243046571998e+00
2.808222645310000007e+04	1.066879929111131275e+00
2.808242145309999978e+04	1.081339343810112652e+00
2.808261745309999969e+04	1.042175575623371486e+00
2.808281245309999940e+04	1.062969387364589124e+00
2.808300745309999911e+04	1.056450923080449300e+00
2.808320345309999902e+04	1.032465881542403707e+00
2.808339845309999873e+04	1.054441746350098796e+00
2.808359345309999844e+04	1.068588529359677963e+00
2.808378945309999835e+04	1.088647144270012745e+00
2.808398445309999806e+04	1.097572934178446147e+00
2.808417945310000141e+04	1.079544375332412542e+00
2.808437545310000132e+04	1.048067647542305636e+00
2.808457045310000103e+04	1.073435907132394007e+00
2.808476545310000074e+04	1.073697166185931806e+00
2.808496045310000045e+04	1.108441197639235654e+00
2.808515645310000036e+04	1.085194511326715627e+00
2.808535145310000007e+04	1.084310795429786367e+00
2.808554645309999978e+04	1.082290924373879193e+00
2.808574245309999969e+04	1.077105568974516814e+00
2.808593745309999940e+04	1.100481219683340228e+00
2.808613245309999911e+04	1.096386092411147928e+00
2.808632845309999902e+04	1.101545585912360181e+00
2.808652345309999873e+04	1.079349816866322698e+00
2.808671845309999844e+04	1.070762601305402129e+00
2.808691445309999835e+04	1.043383733982722106e+00
2.808710945309999806e+04	1.068254068023392733e+00
2.808730445310000141e+04	1.047600481731842947e+00
2.808750045310000132e+04	1.111246645892926210e+00
2.808769545310000103e+04	1.063277720005991966e+00
2.808789045310000074e+04	1.057593821581793492e+00
2.808808545310000045e+04	1.091552206750998621e+00
2.808828145310000036e+04	1.030886259311301956e+00
2.808847645310000007e+04	1.074865333646437549e+00
2.808867145309999978e+04	1.092181166500578726e+00
2.808886745309999969e+04	1.081674747456645491e+00
2.808906245309999940e+04	1.064733957846204504e+00
2.808925745309999911e+04	1.083322229560344852e+00
2.808945345309999902e+04	1.094693837741932185e+00
2.808964845309999873e+04	1.064001529990012074e+00
2.808984345309999844e+04	1.091282419662849890e+00
2.809003945309999835e+04	1.064703342643868567e+00
2.809023445309999806e+04	1.119487666470940113e+00
2.809042945310000141e+04	1.081138418432082915e+00
2.809062545310000132e+04	1.081491280183206172e+00
2.809082045310000103e+04	1.117412967973642424e+00
2.809101545310000074e+04	1.082418737325332003e+00
2.809121045310000045e+04	1.107873693808860693e+00
2.809140645310000036e+04	1.087245847987590608e+00
2.809160145310000007e+04	1.104992563781072690e+00
2.809179645309999978e+04	1.078020056789963377e+00
2.809199245309999969e+04	1.086625389619113591e+00
2.809218745309999940e+04	1.108971474313836580e+00
2.809238245309999911e+04	1.075749400413311463e+00
2.809257845309999902e+04	1.065342872897074855e+00
2.809277345309999873e+04	1.110479562586446534e+00
2.809296845309999844e+04	1.118763482178744439e+00
2.809316445309999835e+04	1.091351180014568101e+00
2.809335945309999806e+04	1.077679251572405406e+00
2.809355445310000141e+04	1.091136080462504765e+00
2.809375045310000132e+04	1.004740499469285453e+00
2.809394545310000103e+04	1.077318636606070967e+00
2.809414045310000074e+04	1.111938443057978176e+00
2.809433545310000045e+04	1.100842608822439672e+00
2.809453145310000036e+04	1.065856738506719026e+00
2.809472645310000007e+04	1.131358833426606481e+00
2.809492145309999978e+04	1.121904702349489469e+00
2.809511745309999969e+04	1.063417656439856529e+00
2.809531245309999940e+04	1.071175704169435861e+00
2.809550745309999911e+04	1.110143440320880970e+00
2.809570345309999902e+04	1.079302795985320529e+00
2.809589845309999873e+04	1.069579960836106736e+00
2.809609345309999844e+04	1.066758512040493656e+00
2.809628945309999835e+04	1.146503552628155731e+00
2.809648445309999806e+04	1.059076614510148673e+00
2.809667945310000141e+04	1.070484879486929941e+00
2.809687545310000132e+04	1.085745010887617212e+00
2.809707045310000103e+04	1.099158079706612057e+00
2.809726545310000074e+04	1.112425060287733913e+00
2.809746045310000045e+04	1.107396732631581671e+00
2.809765645310000036e+04	1.117692297306128069e+00
2.809785145310000007e+04	1.098736741216576718e+00
2.809804645309999978e+04	1.084502029153821212e+00
2.809824245309999969e+04	1.095733327627392839e+00
2.809843745309999940e+04	1.104538420888669492e+00
2.809863245309999911e+04	1.108814370420310169e+00
2.809882845309999902e+04	1.066409845348214702e+00
2.809902345309999873e+04	1.129194606086389996e+00
2.809921845309999844e+04	1.128325637940498893e+00
2.809941445309999835e+04	1.105679011849396431e+00
2.809960945309999806e+04	1.098917918620415435e+00
2.809980445310000141e+04	1.109074116212909189e+00
2.810000045310000132e+04	1.150815458019526005e+00
2.810019545310000103e+04	1.094823741290966268e+00
2.810039045310000074e+04	1.078563119959488503e+00
2.810058545310000045e+04	1.104498106380882305e+00
2.810078145310000036e+04	1.115494118082523300e+00
2.810097645310000007e+04	1.103242884648988564e+00
2.810117145309999978e+04	1.101115475548306577e+00
2.810136745309999969e+04	1.095751804118485495e+00
2.810156245309999940e+04	1.076218267262959216e+00
2.810175745309999911e+04	1.080578990446770860e+00
2.810195345309999902e+04	1.105277289321689338e+00
2.810214845309999873e+04	1.082748683003700307e+00
2.810234345309999844e+04	1.073635958788480949e+00
2.810253945309999835e+04	1.088975877772055512e+00
2.810273445309999806e+04	1.070746170929632868e+00
2.810292945310000141e+04	1.078543409967863909e+00
2.810312545310000132e+04	1.066565069798340204e+00
2.810332045310000103e+04	1.099313184405383836e+00
2.810351545310000074e+04	1.062526557230849988e+00
2.810371045310000045e+04	1.131556056843450619e+00
2.810390645310000036e+04	1.057172685926900613e+00
2.810410145310000007e+04	1.046047989492929986e+00
2.810429645309999978e+04	1.070222646276885570e+00
2.810449245309999969e+04	1.082912528048026957e+00
2.810468745309999940e+04	1.090143389111876360e+00
2.810488245309999911e+04	1.100973603995587524e+00
2.810507845309999902e+04	1.115023869843639659e+00
2.810527345309999873e+04	1.078949901777209064e+00
2.810546845309999844e+04	1.091748729145859187e+00
2.810566445309999835e+04	1.051406521671054861e+00
2.810585945309999806e+04	1.059199197948604620e+00
2.810605445310000141e+04	1.057850839372033391e+00
2.810625045310000132e+04	1.119564121952578262e+00
2.810644545310000103e+04	1.116712615573710821e+00
2.810664045310000074e+04	1.072488384825254215e+00
2.810683545310000045e+04	1.076776577541156854e+00
2.810703145310000036e+04	1.074467502275053832e+00
2.810722645310000007e+04	1.134148465216179957e+00
2.810742145309999978e+04	1.094942670415976593e+00
2.810761745309999969e+04	1.116949317130572439e+00
2.810781245309999940e+04	1.088375260217816276e+00
2.810800745309999911e+04	1.081487995589974105e+00
2.810820345309999902e+04	1.048656314175213211e+00
2.810839845309999873e+04	1.108205536148570758e+00
2.810859345309999844e+04	1.109408003961787514e+00
2.810878945309999835e+04	1.111588188699879964e+00
2.810898445309999806e+04	1.076791877386254370e+00
2.810917945310000141e+04	1.062901484147882769e+00
2.810937545310000132e+04	1.092189890210102376e+00
2.810957045310000103e+04	1.062309976016837965e+00
2.810976545310000074e+04	1.091753137982866662e+00
2.810996045310000045e+04	1.033241030888339296e+00
2.811015645310000036e+04	1.120115980809611500e+00
2.811035145310000007e+04	1.051111096546319956e+00
2.811054645309999978e+04	1.105265382856082113e+00
2.811074245309999969e+04	1.085382453890876064e+00
2.811093745309999940e+04	1.045045803422350872e+00
2.811113245309999911e+04	1.035752217682679444e+00
2.811132845309999902e+04	1.116461761823250853e+00
2.811152345309999873e+04	1.089945727703163669e+00
2.811171845309999844e+04	1.036111205717457295e+00
2.811191445309999835e+04	1.087888056485738275e+00
2.811210945309999806e+04	1.089757821195657783e+00
2.811230445310000141e+04	1.078319465773683206e+00
2.811250045310000132e+04	1.078247382701214008e+00
2.811269545310000103e+04	1.099349100282591252e+00
2.811289045310000074e+04	1.093917403029458058e+00
2.811308545310000045e+04	1.069185327417084608e+00
2.811328145310000036e+04	1.057666061145802416e+00
2.811347645310000007e+04	1.094283206548391618e+00
2.811367145309999978e+04	1.063134401705397636e+00
2.811386745309999969e+04	1.080773445014118650e+00
2.811406245309999940e+04	1.077107633956313038e+00
2.811425745309999911e+04	1.113069868991892974e+00
2.811445345309999902e+04	1.111154979616431504e+00
2.811464845309999873e+04	1.100471373768455052e+00
2.811484345309999844e+04	1.074133123525236044e+00
2.811503945309999835e+04	1.047333579432711659e+00
2.811523445309999806e+04	1.043176848374599786e+00
2.811542945310000141e+04	1.097196302387990485e+00
2.811562545310000132e+04	1.100495379039506005e+00
2.811582045310000103e+04	1.070840152525960320e+00
2.811601545310000074e+04	1.048585174998343916e+00
2.811621045310000045e+04	1.093239338493084745e+00
2.811640645310000036e+04	1.049859633604889098e+00
2.811660145310000007e+04	1.067858379735559637e+00
2.811679645309999978e+04	1.081758832240634405e+00
2.811699245309999969e+04	1.042977668757911758e+00
2.811718745309999940e+04	1.046906905466167714e+00
2.811738245309999911e+04	1.062742948636589801e+00
2.811757845309999902e+04	1.071572463944239217e+00
2.811777345309999873e+04	1.064217907995345769e+00
2.811796845309999844e+04	1.079221987427857243e+00
2.811816445309999835e+04	1.091785875917206994e+00
2.811835945309999806e+04	1.062070569772719963e+00
2.811855445310000141e+04	1.083887035537124177e+00
2.811875045310000132e+04	1.050124440299731177e+00
2.811894545310000103e+04	1.089300197439065698e+00
2.811914045310000074e+04	1.050486500902483300e+00
2.811933545310000045e+04	1.047482443618800829e+00
2.811953145310000036e+04	1.112479701006561683e+00
2.811972645310000007e+04	1.072678493137768641e+00
2.811992145309999978e+04	1.054116951431701921e+00
2.812011745309999969e+04	1.102944914448578118e+00
2.812031245309999940e+04	1.082358678461567081e+00
2.812050745309999911e+04	1.074248964421229857e+00
2.812070345309999902e+04	1.041402972653905579e+00
2.812089845309999873e+04	1.089732679323669018e+00
2.812109345309999844e+04	1.098638462212715439e+00
2.812128945309999835e+04	1.039917951749139036e+00
2.812148445309999806e+04	1.062828321267570431e+00
2.812167945310000141e+04	1.086657102536721098e+00
2.812187545310000132e+04	1.073732088127453466e+00
2.812207045310000103e+04	1.050523712113964336e+00
2.812226545310000074e+04	1.078316180742577401e+00
2.812246045310000045e+04	1.071480644593897580e+00
2.812265645310000036e+04	1.027321215837597279e+00
2.812285145310000007e+04	1.066020699871060629e+00
2.812304645309999978e+04	1.148214015994071246e+00
2.812324245309999969e+04	1.069970174839642851e+00
2.812343745309999940e+04	1.046591782103263313e+00
2.812363245309999911e+04	1.063379338357160364e+00
2.812382845309999902e+04	1.073234821136129113e+00
2.812402345309999873e+04	1.065681788795727059e+00
2.812421845309999844e+04	1.092318869412906679e+00
2.812441445309999835e+04	1.087527690053921248e+00
2.812460945309999806e+04	1.094230775056228566e+00
2.812480445310000141e+04	1.076964586611888208e+00
2.812500045310000132e+04	1.115549688851377397e+00
2.812519545310000103e+04	1.115238846977675280e+00
2.812539045310000074e+04	1.049353222545736486e+00
2.812558545310000045e+04	1.122564524057336754e+00
2.812578145310000036e+04	1.039585156006063826e+00
2.812597645310000007e+04	1.102144839412009247e+00
2.812617145309999978e+04	1.078994670826977753e+00
2.812636745309999969e+04	1.076184287633557446e+00
2.812656245309999940e+04	1.142312830916436539e+00
2.812675745309999911e+04	1.051830953966366167e+00
2.812695345309999902e+04	1.104513388400025775e+00
2.812714845309999873e+04	1.086124075958196045e+00
2.812734345309999844e+04	1.120496652880156319e+00
2.812753945309999835e+04	1.090113932318887535e+00
2.812773445309999806e+04	1.135121809370513546e+00
2.812792945310000141e+04	1.115353363209203863e+00
2.812812545310000132e+04	1.072724400547130585e+00
2.812832045310000103e+04	1.076248773794983293e+00
2.812851545310000074e+04	1.105825261538130988e+00
2.812871045310000045e+04	1.126711715375058986e+00
2.812890645310000036e+04	1.067872558522964255e+00
2.812910145310000007e+04	1.104804776185135395e+00
2.812929645309999978e+04	1.149029945042325807e+00
2.812949245309999969e+04	1.082995576222035794e+00
2.812968745309999940e+04	1.093324507987603056e+00
2.812988245309999911e+04	1.126268010269326325e+00
2.813007845309999902e+04	1.100637347217102047e+00
2.813027345309999873e+04	1.058236830544849738e+00
2.813046845309999844e+04	1.081412637512091379e+00
2.813066445309999835e+04	1.058592192406131005e+00
2.813085945309999806e+04	1.049787464343282295e+00
2.813105445310000141e+04	1.067848520308876559e+00
2.813125045310000132e+04	1.072838089067328582e+00
2.813144545310000103e+04	1.117897317884890995e+00
2.813164045310000074e+04	1.074324439061488334e+00
2.813183545310000045e+04	1.047573133781558141e+00
2.813203145310000036e+04	1.028924211053501736e+00
2.813222645310000007e+04	1.071780135851573945e+00
2.813242145309999978e+04	1.038031107635079664e+00
2.813261745309999969e+04	1.100839233131985395e+00
2.813281245309999940e+04	1.066358479260781422e+00
2.813300745309999911e+04	1.043765541782150308e+00
2.813320345309999902e+04	1.051952353179615329e+00
2.813339845309999873e+04	1.048280975092881206e+00
2.813359345309999844e+04	1.083491513237442305e+00
2.813378945309999835e+04	1.042897864848615797e+00
2.813398445309999806e+04	1.074751654808556722e+00
2.813417945310000141e+04	1.030699014904371325e+00
2.813437545310000132e+04	1.061090848140542775e+00
2.813457045310000103e+04	1.055134163896537913e+00
2.813476545310000074e+04	1.007778464282694131e+00
2.813496045310000045e+04	1.041835197231863575e+00
2.813515645310000036e+04	1.057648400518393927e+00
2.813535145310000007e+04	1.029101593921147639e+00
2.813554645309999978e+04	1.040310813967447956e+00
2.813574245309999969e+04	1.022097543105838113e+00
2.813593745309999940e+04	1.070324328884861842e+00
2.813613245309999911e+04	1.080463086510018655e+00
2.813632845309999902e+04	1.134563744880432878e+00
2.813652345309999873e+04	1.090639177110750424e+00
2.813671845309999844e+04	1.065980226122603014e+00
2.813691445309999835e+04	1.053194968235038331e+00
2.813710945309999806e+04	1.026185613444363653e+00
2.813730445310000141e+04	1.045560012941514572e+00
2.813750045310000132e+04	1.052837176908671069e+00
2.813769545310000103e+04	1.090143389111876360e+00
2.813789045310000074e+04	1.059821404847781423e+00
2.813808545310000045e+04	1.068800640389067524e+00
2.813828145310000036e+04	1.062392062970642925e+00
2.813847645310000007e+04	1.010244137866131098e+00
2.813867145309999978e+04	1.051291603236135686e+00
2.813886745309999969e+04	1.046645446411915259e+00
2.813906245309999940e+04	1.028885837491916533e+00
2.813925745309999911e+04	1.033717317249418954e+00
2.813945345309999902e+04	1.067028671221644132e+00
2.813964845309999873e+04	1.042767489689603977e+00
2.813984345309999844e+04	1.069059602953013055e+00
2.814003945309999835e+04	1.033619803915581059e+00
2.814023445309999806e+04	1.061451708979269881e+00
2.814042945310000141e+04	1.065991213202650556e+00
2.814062545310000132e+04	1.054990890546294580e+00
2.814082045310000103e+04	1.016674363029608230e+00
2.814101545310000074e+04	1.092053406000875526e+00
2.814121045310000045e+04	1.080521085473639786e+00
2.814140645310000036e+04	1.072997683926873336e+00
2.814160145310000007e+04	1.104556984290185895e+00
2.814179645309999978e+04	1.089153939855034281e+00
2.814199245309999969e+04	1.087241438314874742e+00
2.814218745309999940e+04	1.044164920109402317e+00
2.814238245309999911e+04	1.072798753464052623e+00
2.814257845309999902e+04	1.032647751914048229e+00
2.814277345309999873e+04	1.069702302440280306e+00
2.814296845309999844e+04	1.076023775468652133e+00
2.814316445309999835e+04	1.092105842294897045e+00
2.814335945309999806e+04	1.097096891607215241e+00
2.814355445310000141e+04	1.075977874422445524e+00
2.814375045310000132e+04	1.101805317417943186e+00
2.814394545310000103e+04	1.072939760504493023e+00
2.814414045310000074e+04	1.035122800268350574e+00
2.814433545310000045e+04	1.040813092847654886e+00
2.814453145310000036e+04	1.077280340890450105e+00
2.814472645310000007e+04	1.112059535950713496e+00
2.814492145309999978e+04	1.050036860838384101e+00
2.814511745309999969e+04	1.075412880674218030e+00
2.814531245309999940e+04	1.055581453055705055e+00
