# time(sec)	crack length FEA(mm)
3.598828345309999713e+04	1.227129839222023122e+00
3.598847845309999684e+04	1.196082388948687125e+00
3.598867345309999655e+04	1.180496108666170940e+00
3.598886945310000010e+04	1.197670858673806293e+00
3.598906445309999981e+04	1.196519464580383385e+00
3.598925945309999952e+04	1.194434130174089503e+00
3.598945545310000307e+04	1.201298471187655537e+00
3.598965045310000278e+04	1.233340920978118760e+00
3.598984545310000249e+04	1.198229585383160156e+00
3.599004145309999876e+04	1.219857080873536503e+00
3.599023645309999847e+04	1.170090726251762803e+00
3.599043145309999818e+04	1.222496272080809021e+00
3.599062745310000173e+04	1.194883191214843876e+00
3.599082245310000144e+04	1.185565388302363132e+00
3.599101745310000115e+04	1.184394996902959463e+00
3.599121245310000086e+04	1.206179666774819026e+00
3.599140845309999713e+04	1.174507242075817359e+00
3.599160345309999684e+04	1.189143758088471614e+00
3.599179845309999655e+04	1.207414230394219246e+00
3.599199445310000010e+04	1.175196073934728247e+00
3.599218945309999981e+04	1.209310431762977700e+00
3.599238445309999952e+04	1.157590031736541292e+00
3.599258045310000307e+04	1.170674132768397158e+00
3.599277545310000278e+04	1.195206065313453081e+00
3.599297045310000249e+04	1.181659030112996334e+00
3.599316645309999876e+04	1.226460987948810200e+00
3.599336145309999847e+04	1.233063046838303478e+00
3.599355645309999818e+04	1.196149912058197984e+00
3.599375245310000173e+04	1.175930500471045193e+00
3.599394745310000144e+04	1.197887141547823830e+00
3.599414245310000115e+04	1.182976546167200382e+00
3.599433745310000086e+04	1.208070553216773035e+00
3.599453345309999713e+04	1.206934881976145846e+00
3.599472845309999684e+04	1.213796711662260108e+00
3.599492345309999655e+04	1.172885617754165111e+00
3.599511945310000010e+04	1.237604479711279737e+00
3.599531445309999981e+04	1.225768239131612702e+00
3.599550945309999952e+04	1.221141868075090287e+00
3.599570545310000307e+04	1.211034840287421588e+00
3.599590045310000278e+04	1.224651981834487202e+00
3.599609545310000249e+04	1.245642147952334966e+00
3.599629145309999876e+04	1.209047489233467942e+00
3.599648645309999847e+04	1.236323758890611302e+00
3.599668145309999818e+04	1.209628815124165868e+00
3.599687745310000173e+04	1.234809589933885121e+00
3.599707245310000144e+04	1.210688288620369590e+00
3.599726745310000115e+04	1.209495152506168125e+00
3.599746245310000086e+04	1.232711316889368192e+00
3.599765845309999713e+04	1.226115688738385501e+00
3.599785345309999684e+04	1.184489650699390495e+00
3.599804845309999655e+04	1.231305556930607281e+00
3.599824445310000010e+04	1.214447444513808705e+00
3.599843945309999981e+04	1.193657779896588167e+00
3.599863445309999952e+04	1.186593240557629159e+00
3.599883045310000307e+04	1.253834338080707766e+00
3.599902545310000278e+04	1.189078550481408314e+00
3.599922045310000249e+04	1.219634468124281668e+00
3.599941645309999876e+04	1.198661205094815330e+00
3.599961145309999847e+04	1.186177844507534829e+00
3.599980645309999818e+04	1.174933779895489749e+00
3.600000245310000173e+04	1.204998252657976110e+00
3.600019745310000144e+04	1.185441493630731813e+00
3.600039245310000115e+04	1.195919324046375465e+00
3.600058745310000086e+04	1.196958680090062899e+00
3.600078345309999713e+04	1.214683170933099632e+00
3.600097845309999684e+04	1.191593957713248386e+00
3.600117345309999655e+04	1.218392892370845360e+00
3.600136945310000010e+04	1.187149146031122982e+00
3.600156445309999981e+04	1.196045405255066640e+00
3.600175945309999952e+04	1.217896505039986366e+00
3.600195545310000307e+04	1.194098169402638021e+00
3.600215045310000278e+04	1.230080915517380191e+00
3.600234545310000249e+04	1.250034679743039945e+00
3.600254145309999876e+04	1.204321211785677193e+00
3.600273645309999847e+04	1.197184962079235859e+00
3.600293145309999818e+04	1.212126729449176210e+00
3.600312745310000173e+04	1.239917189960966226e+00
3.600332245310000144e+04	1.196371625586589715e+00
3.600351745310000115e+04	1.181344661937465901e+00
3.600371245310000086e+04	1.234925766685929460e+00
3.600390845309999713e+04	1.208235774549446973e+00
3.600410345309999684e+04	1.153728079136511653e+00
3.600429845309999655e+04	1.165162891912125076e+00
3.600449445310000010e+04	1.192638828160985653e+00
3.600468945309999981e+04	1.149662904713464329e+00
3.600488445309999952e+04	1.163106308702243297e+00
3.600508045310000307e+04	1.195798659030069544e+00
3.600527545310000278e+04	1.166986369088611752e+00
3.600547045310000249e+04	1.134050332679885642e+00
3.600566645309999876e+04	1.130912780306580601e+00
3.600586145309999847e+04	1.223094618122999577e+00
3.600605645309999818e+04	1.148403612747879166e+00
3.600625245310000173e+04	1.131410995714858814e+00
3.600644745310000144e+04	1.142777015991276457e+00
3.600664245310000115e+04	1.199470073940551273e+00
3.600683745310000086e+04	1.178311411191668157e+00
3.600703345309999713e+04	1.159827900449041493e+00
3.600722845309999684e+04	1.151404766611975106e+00
3.600742345309999655e+04	1.177908767821502778e+00
3.600761945310000010e+04	1.131950686050949173e+00
3.600781445309999981e+04	1.172703882710532497e+00
3.600800945309999952e+04	1.177556215585378041e+00
3.600820545310000307e+04	1.188573886099407062e+00
3.600840045310000278e+04	1.162911498711858727e+00
3.600859545310000249e+04	1.161485119033407898e+00
3.600879145309999876e+04	1.163852052346500798e+00
3.600898645309999847e+04	1.168356783384115971e+00
3.600918145309999818e+04	1.159762612005650340e+00
3.600937745310000173e+04	1.146975236201122073e+00
3.600957245310000144e+04	1.168026903786984150e+00
3.600976745310000115e+04	1.143996453058360174e+00
3.600996245310000086e+04	1.147005839156282292e+00
3.601015845309999713e+04	1.164221174602362296e+00
3.601035345309999684e+04	1.178500673639357288e+00
3.601054845309999655e+04	1.158047463157931389e+00
3.601074445310000010e+04	1.156524902582916070e+00
3.601093945309999981e+04	1.192890090850585949e+00
3.601113445309999952e+04	1.168325179472169850e+00
3.601133045310000307e+04	1.132379114457149782e+00
3.601152545310000278e+04	1.190942501610535942e+00
3.601172045310000249e+04	1.192219148128808470e+00
3.601191645309999876e+04	1.172878045488545240e+00
3.601211145309999847e+04	1.140130131261429369e+00
3.601230645309999818e+04	1.169665223103351082e+00
3.601250245310000173e+04	1.176902222883494886e+00
3.601269745310000144e+04	1.146451236351968106e+00
3.601289245310000115e+04	1.177769504708059856e+00
3.601308745310000086e+04	1.172638629766904472e+00
3.601328345309999713e+04	1.177412557454522002e+00
3.601347845309999684e+04	1.182148610042123238e+00
3.601367345309999655e+04	1.212106196910866629e+00
3.601386945310000010e+04	1.180585264262603573e+00
3.601406445309999981e+04	1.176644434312940746e+00
3.601425945309999952e+04	1.172616847583773492e+00
3.601445545310000307e+04	1.234193079003386373e+00
3.601465045310000278e+04	1.159203911418732247e+00
3.601484545310000249e+04	1.185145489253308426e+00
3.601504145309999876e+04	1.209914619105454392e+00
3.601523645309999847e+04	1.227016888538958739e+00
3.601543145309999818e+04	1.178603014924767933e+00
3.601562745310000173e+04	1.197818689539726478e+00
3.601582245310000144e+04	1.208835508939095860e+00
3.601601745310000115e+04	1.175323387384590745e+00
3.601621245310000086e+04	1.229798619752255462e+00
3.601640845309999713e+04	1.177261421055792567e+00
3.601660345309999684e+04	1.231516123194197121e+00
3.601679845309999655e+04	1.186099454735838776e+00
3.601699445310000010e+04	1.202563634393714054e+00
3.601718945309999981e+04	1.222333296184407558e+00
3.601738445309999952e+04	1.212469060230001006e+00
3.601758045310000307e+04	1.185142312418555832e+00
3.601777545310000278e+04	1.193284726671905105e+00
3.601797045310000249e+04	1.170983220200946917e+00
3.601816645309999876e+04	1.233879409360639556e+00
3.601836145309999847e+04	1.183439934785832648e+00
3.601855645309999818e+04	1.162237460613336992e+00
3.601875245310000173e+04	1.219273767569148959e+00
3.601894745310000144e+04	1.180362281186237539e+00
3.601914245310000115e+04	1.183662888849358552e+00
3.601933745310000086e+04	1.249228847181750979e+00
3.601953345309999713e+04	1.191965823301279315e+00
3.601972845309999684e+04	1.202456074813971654e+00
3.601992345309999655e+04	1.160156771876986070e+00
3.602011945310000010e+04	1.182956922734328842e+00
3.602031445309999981e+04	1.207601112964276524e+00
3.602050945309999952e+04	1.195194203947897549e+00
3.602070545310000307e+04	1.179337429169766693e+00
3.602090045310000278e+04	1.215124288435042388e+00
3.602109545310000249e+04	1.167377042492894645e+00
3.602129145309999876e+04	1.177609584779361285e+00
3.602148645309999847e+04	1.199925575748688189e+00
3.602168145309999818e+04	1.209386411061190714e+00
3.602187745310000173e+04	1.211229347532112754e+00
3.602207245310000144e+04	1.187960464277100670e+00
3.602226745310000115e+04	1.215724967661614642e+00
3.602246245310000086e+04	1.200709283501996794e+00
3.602265845309999713e+04	1.196868558925638482e+00
3.602285345309999684e+04	1.207599992793435106e+00
3.602304845309999655e+04	1.248231861467143489e+00
3.602324445310000010e+04	1.200354923451897093e+00
3.602343945309999981e+04	1.166316841991461573e+00
3.602363445309999952e+04	1.192314798095093664e+00
3.602383045310000307e+04	1.228121189105667810e+00
3.602402545310000278e+04	1.242585642125963119e+00
3.602422045310000249e+04	1.182069178980537316e+00
3.602441645309999876e+04	1.208648729480563233e+00
3.602461145309999847e+04	1.188151891710955255e+00
3.602480645309999818e+04	1.193529537677024521e+00
3.602500245310000173e+04	1.222376768972068817e+00
3.602519745310000144e+04	1.230712827982568314e+00
3.602539245310000115e+04	1.217026402435269716e+00
3.602558745310000086e+04	1.201472330102799191e+00
3.602578345309999713e+04	1.231866751950189354e+00
3.602597845309999684e+04	1.215252413467379000e+00
3.602617345309999655e+04	1.228478396888309732e+00
3.602636945310000010e+04	1.170274725244127012e+00
3.602656445309999981e+04	1.184183916638108514e+00
3.602675945309999952e+04	1.184429849726955197e+00
3.602695545310000307e+04	1.208948546664450063e+00
3.602715045310000278e+04	1.177610706372341554e+00
3.602734545310000249e+04	1.195181035023262339e+00
3.602754145309999876e+04	1.195538741503515467e+00
3.602773645309999847e+04	1.200022315059561251e+00
3.602793145309999818e+04	1.193435947504404737e+00
3.602812745310000173e+04	1.202648505278940405e+00
3.602832245310000144e+04	1.163995792809515706e+00
3.602851745310000115e+04	1.210804490863848670e+00
3.602871245310000086e+04	1.192593152240180032e+00
3.602890845309999713e+04	1.149668425724332366e+00
3.602910345309999684e+04	1.160023858234854544e+00
3.602929845309999655e+04	1.171340264451860236e+00
3.602949445310000010e+04	1.232109950961550737e+00
3.602968945309999981e+04	1.189077429432149557e+00
3.602988445309999952e+04	1.213985690138045470e+00
3.603008045310000307e+04	1.181510070208222629e+00
3.603027545310000278e+04	1.222972972448319595e+00
3.603047045310000249e+04	1.210267715720242165e+00
3.603066645309999876e+04	1.230128757180398935e+00
3.603086145309999847e+04	1.225647726555969541e+00
3.603105645309999818e+04	1.193727364786434819e+00
3.603125245310000173e+04	1.166561838740490131e+00
3.603144745310000144e+04	1.234653319178383057e+00
3.603164245310000115e+04	1.200229892379201857e+00
3.603183745310000086e+04	1.181263078788138188e+00
3.603203345309999713e+04	1.185305451674967259e+00
3.603222845309999684e+04	1.198724331851746427e+00
3.603242345309999655e+04	1.160960317636018146e+00
3.603261945310000010e+04	1.149493998589845134e+00
3.603281445309999981e+04	1.203752732668073477e+00
3.603300945309999952e+04	1.199384071076138980e+00
3.603320545310000307e+04	1.181430637002225836e+00
3.603340045310000278e+04	1.133086683314765253e+00
3.603359545310000249e+04	1.225453338101001322e+00
3.603379145309999876e+04	1.155662455261257548e+00
3.603398645309999847e+04	1.179809580626475451e+00
3.603418145309999818e+04	1.216183422040145956e+00
3.603437745310000173e+04	1.176542178025030694e+00
3.603457245310000144e+04	1.195226799339730306e+00
3.603476745310000115e+04	1.176681448363062543e+00
3.603496245310000086e+04	1.172837847000851141e+00
3.603515845309999713e+04	1.173264414912420506e+00
3.603535345309999684e+04	1.190532506625244125e+00
3.603554845309999655e+04	1.156664290730802236e+00
3.603574445310000010e+04	1.211529225283793920e+00
3.603593945309999981e+04	1.209148578241405758e+00
3.603613445309999952e+04	1.180902913388845121e+00
3.603633045310000307e+04	1.202236472484713659e+00
3.603652545310000278e+04	1.220162353618350792e+00
3.603672045310000249e+04	1.190268234045044338e+00
3.603691645309999876e+04	1.175212338686755231e+00
3.603711145309999847e+04	1.168882542865457452e+00
3.603730645309999818e+04	1.194068748090149512e+00
3.603750245310000173e+04	1.228430645142875477e+00
3.603769745310000144e+04	1.203063611948520517e+00
3.603789245310000115e+04	1.210041745695583870e+00
3.603808745310000086e+04	1.225201395594517351e+00
3.603828345309999713e+04	1.201603890590456913e+00
3.603847845309999684e+04	1.252621674409844843e+00
3.603867345309999655e+04	1.193447903155885115e+00
3.603886945310000010e+04	1.200877731053386910e+00
3.603906445309999981e+04	1.188649932106555340e+00
3.603925945309999952e+04	1.198001352301352185e+00
3.603945545310000307e+04	1.200159206110305021e+00
3.603965045310000278e+04	1.230272001813382587e+00
3.603984545310000249e+04	1.244318431532285274e+00
3.604004145309999876e+04	1.177337503445221145e+00
3.604023645309999847e+04	1.184170835019193291e+00
3.604043145309999818e+04	1.198896061924315859e+00
3.604062745310000173e+04	1.223019709089236073e+00
3.604082245310000144e+04	1.190061596798805965e+00
3.604101745310000115e+04	1.215520792563001606e+00
3.604121245310000086e+04	1.211652049930137309e+00
3.604140845309999713e+04	1.196190070939167072e+00
3.604160345309999684e+04	1.247428949321447433e+00
3.604179845309999655e+04	1.200606010739715401e+00
3.604199445310000010e+04	1.246333287943166113e+00
3.604218945309999981e+04	1.227707455523756153e+00
3.604238445309999952e+04	1.165807296739565402e+00
3.604258045310000307e+04	1.169272156487659586e+00
3.604277545310000278e+04	1.228683672333588106e+00
3.604297045310000249e+04	1.265280386138007529e+00
3.604316645309999876e+04	1.224839754054436014e+00
3.604336145309999847e+04	1.248214528694466807e+00
3.604355645309999818e+04	1.220963862374990327e+00
3.604375245310000173e+04	1.226234053623754150e+00
3.604394745310000144e+04	1.197347924860537205e+00
3.604414245310000115e+04	1.235527060807006805e+00
3.604433745310000086e+04	1.222489648583209743e+00
3.604453345309999713e+04	1.225357728988257122e+00
3.604472845309999684e+04	1.225933243354724311e+00
3.604492345309999655e+04	1.232858928479750205e+00
3.604511945310000010e+04	1.228022326465953995e+00
3.604531445309999981e+04	1.254553372685036194e+00
3.604550945309999952e+04	1.204160351041954513e+00
3.604570545310000307e+04	1.176347385116663702e+00
3.604590045310000278e+04	1.217835668882049305e+00
3.604609545310000249e+04	1.187659259554695979e+00
3.604629145309999876e+04	1.216112783506941852e+00
3.604648645309999847e+04	1.205606938033946918e+00
3.604668145309999818e+04	1.249284104619457381e+00
3.604687745310000173e+04	1.191706984546957671e+00
3.604707245310000144e+04	1.218424429408704768e+00
3.604726745310000115e+04	1.177764083711229759e+00
3.604746245310000086e+04	1.202647384873200664e+00
3.604765845309999713e+04	1.187790710102387237e+00
3.604785345309999684e+04	1.214926547125918077e+00
3.604804845309999655e+04	1.151359011039339464e+00
3.604824445310000010e+04	1.235412099106714123e+00
3.604843945309999981e+04	1.222386564331621628e+00
3.604863445309999952e+04	1.223959086612673275e+00
3.604883045310000307e+04	1.199728734306347633e+00
3.604902545310000278e+04	1.196921697767795223e+00
3.604922045310000249e+04	1.195513804960997462e+00
3.604941645309999876e+04	1.254350651494444691e+00
3.604961145309999847e+04	1.224227273431829133e+00
3.604980645309999818e+04	1.207208769878050703e+00
3.605000245310000173e+04	1.222039059803590177e+00
3.605019745310000144e+04	1.191119799586378036e+00
3.605039245310000115e+04	1.164886459215221493e+00
3.605058745310000086e+04	1.172316475777970268e+00
3.605078345309999713e+04	1.198985148158708824e+00
3.605097845309999684e+04	1.190133340857515876e+00
3.605117345309999655e+04	1.161494939658020087e+00
3.605136945310000010e+04	1.191745002542290877e+00
3.605156445309999981e+04	1.155196277202376720e+00
3.605175945309999952e+04	1.183146148015676857e+00
3.605195545310000307e+04	1.240791855118024145e+00
3.605215045310000278e+04	1.146652826520210056e+00
3.605234545310000249e+04	1.158868478951946557e+00
3.605254145309999876e+04	1.143837334494282487e+00
3.605273645309999847e+04	1.186691155612813020e+00
3.605293145309999818e+04	1.218767695210525304e+00
3.605312745310000173e+04	1.218789341595513775e+00
3.605332245310000144e+04	1.186523634665917371e+00
3.605351745310000115e+04	1.180754976712481863e+00
3.605371245310000086e+04	1.174155760908135449e+00
3.605390845309999713e+04	1.223296582141140121e+00
3.605410345309999684e+04	1.219121685755322204e+00
3.605429845309999655e+04	1.264597438005363728e+00
3.605449445310000010e+04	1.212902566323432296e+00
3.605468945309999981e+04	1.199569990013165111e+00
3.605488445309999952e+04	1.245515213080670591e+00
3.605508045310000307e+04	1.244106861148587484e+00
3.605527545310000278e+04	1.225468542246147763e+00
3.605547045310000249e+04	1.235428322446324501e+00
3.605566645309999876e+04	1.238849426185977265e+00
3.605586145309999847e+04	1.199069938518459111e+00
3.605605645309999818e+04	1.231253427968288960e+00
3.605625245310000173e+04	1.232742834792313502e+00
3.605644745310000144e+04	1.211696569040078941e+00
3.605664245310000115e+04	1.230210078459004208e+00
3.605683745310000086e+04	1.203034295162661138e+00
3.605703345309999713e+04	1.202326666545552314e+00
3.605722845309999684e+04	1.258184171418054831e+00
3.605742345309999655e+04	1.201419108121804413e+00
3.605761945310000010e+04	1.252276851373885336e+00
3.605781445309999981e+04	1.234206039698499069e+00
3.605800945309999952e+04	1.245265721622818234e+00
3.605820545310000307e+04	1.198153570190765294e+00
3.605840045310000278e+04	1.247911762237601252e+00
3.605859545310000249e+04	1.200890803429551568e+00
3.605879145309999876e+04	1.215777130943344275e+00
3.605898645309999847e+04	1.292183136382851316e+00
3.605918145309999818e+04	1.221246263875164217e+00
3.605937745310000173e+04	1.189499313882205200e+00
3.605957245310000144e+04	1.187639640007290609e+00
3.605976745310000115e+04	1.201465887448323500e+00
3.605996245310000086e+04	1.233264925523570810e+00
3.606015845309999713e+04	1.199538521164848603e+00
3.606035345309999684e+04	1.230564083877204951e+00
3.606054845309999655e+04	1.221312408964346119e+00
3.606074445310000010e+04	1.185989577812723184e+00
3.606093945309999981e+04	1.248348997128850613e+00
3.606113445309999952e+04	1.209512513754891216e+00
3.606133045310000307e+04	1.199480905983797641e+00
3.606152545310000278e+04	1.228049467099816994e+00
3.606172045310000249e+04	1.183271269481313226e+00
3.606191645309999876e+04	1.210664301419384969e+00
3.606211145309999847e+04	1.213378340598280758e+00
3.606230645309999818e+04	1.162975656187661855e+00
3.606250245310000173e+04	1.245999090365593531e+00
3.606269745310000144e+04	1.212841717293882127e+00
3.606289245310000115e+04	1.179622384729459128e+00
3.606308745310000086e+04	1.201682135586281674e+00
3.606328345309999713e+04	1.191242636972145164e+00
3.606347845309999684e+04	1.208471562991773496e+00
3.606367345309999655e+04	1.184659335135362923e+00
3.606386945310000010e+04	1.188700006493679240e+00
3.606406445309999981e+04	1.226161299863834486e+00
3.606425945309999952e+04	1.201625552715480438e+00
3.606445545310000307e+04	1.210576379252552570e+00
3.606465045310000278e+04	1.245606360216322983e+00
3.606484545310000249e+04	1.208824774527467838e+00
3.606504145309999876e+04	1.191548279773392949e+00
3.606523645309999847e+04	1.220148172331359859e+00
3.606543145309999818e+04	1.210637234120525818e+00
3.606562745310000173e+04	1.247535278975707485e+00
3.606582245310000144e+04	1.205836217905936536e+00
3.606601745310000115e+04	1.197845864917290726e+00
3.606621245310000086e+04	1.230236097478616841e+00
3.606640845309999713e+04	1.220181759576210112e+00
3.606660345309999684e+04	1.231916734773847111e+00
3.606679845309999655e+04	1.215454444607358298e+00
3.606699445310000010e+04	1.215920556045057666e+00
3.606718945309999981e+04	1.196447646511295204e+00
3.606738445309999952e+04	1.190793506761686160e+00
3.606758045310000307e+04	1.203019076562025447e+00
3.606777545310000278e+04	1.197791514130909007e+00
3.606797045310000249e+04	1.196743509403839667e+00
3.606816645309999876e+04	1.246320240720073969e+00
3.606836145309999847e+04	1.224787610800962767e+00
3.606855645309999818e+04	1.220730344475464690e+00
3.606875245310000173e+04	1.233158531475751829e+00
3.606894745310000144e+04	1.189942022883784034e+00
3.606914245310000115e+04	1.225573851669640391e+00
3.606933745310000086e+04	1.193129301657982921e+00
3.606953345309999713e+04	1.230848422105129458e+00
3.606972845309999684e+04	1.197810004618656166e+00
3.606992345309999655e+04	1.175334230495506560e+00
3.607011945310000010e+04	1.261974878307416503e+00
3.607031445309999981e+04	1.229822587512067855e+00
3.607050945309999952e+04	1.186978264882711187e+00
3.607070545310000307e+04	1.194610281175057409e+00
3.607090045310000278e+04	1.187124107208521906e+00
3.607109545310000249e+04	1.181517639711579193e+00
3.607129145309999876e+04	1.227492564884769877e+00
3.607148645309999847e+04	1.179986962091582825e+00
3.607168145309999818e+04	1.227925701825238747e+00
3.607187745310000173e+04	1.165039919037173632e+00
3.607207245310000144e+04	1.169202499615384028e+00
3.607226745310000115e+04	1.184517962669533020e+00
3.607246245310000086e+04	1.215945564366540665e+00
3.607265845309999713e+04	1.187690744222942740e+00
3.607285345309999684e+04	1.207558733130492001e+00
3.607304845309999655e+04	1.187975599152599315e+00
3.607324445310000010e+04	1.181244575354298831e+00
3.607343945309999981e+04	1.181553524731562277e+00
3.607363445309999952e+04	1.207748881701737886e+00
3.607383045310000307e+04	1.204206004608703751e+00
3.607402545310000278e+04	1.204484218711447951e+00
3.607422045310000249e+04	1.181238033732812553e+00
3.607441645309999876e+04	1.237516564651073736e+00
3.607461145309999847e+04	1.184709324536029840e+00
3.607480645309999818e+04	1.193680570138104358e+00
3.607500245310000173e+04	1.207114300381151750e+00
3.607519745310000144e+04	1.174322247718404100e+00
3.607539245310000115e+04	1.204184158127645787e+00
3.607558745310000086e+04	1.176403935046540283e+00
3.607578345309999713e+04	1.176240734385228137e+00
3.607597845309999684e+04	1.221604601977546167e+00
3.607617345309999655e+04	1.166339752100263638e+00
3.607636945310000010e+04	1.186676954217736224e+00
3.607656445309999981e+04	1.175832727806941591e+00
3.607675945309999952e+04	1.191463369012632612e+00
3.607695545310000307e+04	1.207196821187853431e+00
3.607715045310000278e+04	1.172491669756430710e+00
3.607734545310000249e+04	1.208444399835148175e+00
3.607754145309999876e+04	1.198678667690899147e+00
3.607773645309999847e+04	1.199733123104007149e+00
3.607793145309999818e+04	1.156374755371761154e+00
3.607812745310000173e+04	1.215037316057639316e+00
3.607832245310000144e+04	1.250239767556703185e+00
3.607851745310000115e+04	1.148118094057590355e+00
3.607871245310000086e+04	1.175860863194326811e+00
3.607890845309999713e+04	1.202289785992933346e+00
3.607910345309999684e+04	1.149899277688440691e+00
3.607929845309999655e+04	1.187087109496740567e+00
3.607949445310000010e+04	1.182262803406779028e+00
3.607968945309999981e+04	1.194010092157867575e+00
3.607988445309999952e+04	1.121497914016767794e+00
3.608008045310000307e+04	1.139506746729527009e+00
3.608027545310000278e+04	1.150287145097959041e+00
3.608047045310000249e+04	1.178918541069169379e+00
3.608066645309999876e+04	1.170545672375798318e+00
3.608086145309999847e+04	1.126559131211347875e+00
3.608105645309999818e+04	1.138193363523370749e+00
3.608125245310000173e+04	1.130511671840361387e+00
3.608144745310000144e+04	1.162818909628363429e+00
3.608164245310000115e+04	1.179243782808438112e+00
3.608183745310000086e+04	1.183667280630839258e+00
3.608203345309999713e+04	1.199180875225708931e+00
3.608222845309999684e+04	1.193518609502323358e+00
3.608242345309999655e+04	1.155499018001595601e+00
3.608261945310000010e+04	1.171363076208368881e+00
3.608281445309999981e+04	1.133476885962206637e+00
3.608300945309999952e+04	1.192223538321282916e+00
3.608320545310000307e+04	1.162015426934583928e+00
3.608340045310000278e+04	1.124494886719435982e+00
3.608359545310000249e+04	1.155785570391675066e+00
3.608379145309999876e+04	1.143340409702492622e+00
3.608398645309999847e+04	1.197191405901097738e+00
3.608418145309999818e+04	1.175517160505632930e+00
3.608437745310000173e+04	1.150133589664372735e+00
3.608457245310000144e+04	1.159013372142435827e+00
3.608476745310000115e+04	1.174088174968117571e+00
3.608496245310000086e+04	1.167976879126925382e+00
3.608515845309999713e+04	1.182935150049280182e+00
3.608535345309999684e+04	1.197699154861846083e+00
3.608554845309999655e+04	1.182171504827998376e+00
3.608574445310000010e+04	1.199202632953156211e+00
3.608593945309999981e+04	1.169846981481661885e+00
3.608613445309999952e+04	1.174326547755256911e+00
3.608633045310000307e+04	1.178274399691563445e+00
3.608652545310000278e+04	1.199684192632904711e+00
3.608672045310000249e+04	1.165455779867837549e+00
3.608691645309999876e+04	1.151415714251227129e+00
3.608711145309999847e+04	1.182338963159381251e+00
3.608730645309999818e+04	1.178612734987304123e+00
3.608750245310000173e+04	1.155881367740480670e+00
3.608769745310000144e+04	1.152558264412867572e+00
3.608789245310000115e+04	1.163845599436024614e+00
3.608808745310000086e+04	1.196062776391094928e+00
