# time(sec)	crack length FEA(mm)
1.285664045309999892e+04	4.894507025396261923e-01
1.285683545310000045e+04	4.794454030983743564e-01
1.285703145310000036e+04	4.939263047931738981e-01
1.285722645310000007e+04	5.335766305399189946e-01
1.285742145309999978e+04	5.274841395328841998e-01
1.285761745309999969e+04	4.983316936247703666e-01
1.285781245309999940e+04	4.767964160141762164e-01
1.285800745309999911e+04	4.806807485517428091e-01
1.285820345309999902e+04	4.772052662648142984e-01
1.285839845310000055e+04	4.817211706374013858e-01
1.285859345310000026e+04	4.905075734529553699e-01
1.285878945310000017e+04	4.939912361883500580e-01
1.285898445309999988e+04	4.932882507343485656e-01
1.285917945309999959e+04	4.979209637069654804e-01
1.285937545309999950e+04	5.211687049138014061e-01
1.285957045309999921e+04	4.748327298970682619e-01
1.285976545309999892e+04	4.988610351988960190e-01
1.285996045310000045e+04	4.972964822789336381e-01
1.286015645310000036e+04	5.485383716350629157e-01
1.286035145310000007e+04	5.115297538039556002e-01
1.286054645309999978e+04	5.172448715451167800e-01
1.286074245309999969e+04	4.780229271663305468e-01
1.286093745309999940e+04	5.214168758695141292e-01
1.286113245309999911e+04	5.156389396963145799e-01
1.286132845309999902e+04	5.101560898409331912e-01
1.286152345310000055e+04	5.413681306482445166e-01
1.286171845310000026e+04	5.220284900241090043e-01
1.286191445310000017e+04	4.952851649997356276e-01
1.286210945309999988e+04	5.359256341644105248e-01
1.286230445309999959e+04	5.267999714394164812e-01
1.286250045309999950e+04	5.510188248389713550e-01
1.286269545309999921e+04	5.743201105600270751e-01
1.286289045309999892e+04	5.432695109625207408e-01
1.286308545310000045e+04	5.284566200295621741e-01
1.286328145310000036e+04	5.312397677867899404e-01
1.286347645310000007e+04	5.107098039712081317e-01
1.286367145309999978e+04	4.795069957812874151e-01
1.286386745309999969e+04	5.490811573944824886e-01
1.286406245309999940e+04	5.370218107818232056e-01
1.286425745309999911e+04	5.366318646272318915e-01
1.286445345309999902e+04	4.893891347246448476e-01
1.286464845310000055e+04	4.989147829727507144e-01
1.286484345310000026e+04	5.321830300396932500e-01
1.286503945310000017e+04	4.683749126564347165e-01
1.286523445309999988e+04	4.905713695024260801e-01
1.286542945309999959e+04	4.703917782388078450e-01
1.286562545309999950e+04	5.117299616905057746e-01
1.286582045309999921e+04	5.022574022851440390e-01
1.286601545309999892e+04	5.326568843957737442e-01
1.286621045310000045e+04	5.224589763531071185e-01
1.286640645310000036e+04	5.292267611597019084e-01
1.286660145310000007e+04	5.689842227057511082e-01
1.286679645309999978e+04	5.381972940428862984e-01
1.286699245309999969e+04	5.200270516561431577e-01
1.286718745309999940e+04	5.165761631023109146e-01
1.286738245309999911e+04	5.224209634739569452e-01
1.286757845309999902e+04	5.240767165568893660e-01
1.286777345310000055e+04	4.719670494137560013e-01
1.286796845310000026e+04	5.174975969465140935e-01
1.286816445310000017e+04	5.596208426757680598e-01
1.286835945309999988e+04	4.500812556481275095e-01
1.286855445309999959e+04	4.933296836929237372e-01
1.286875045309999950e+04	4.548162662314521043e-01
1.286894545309999921e+04	5.012849709132360942e-01
1.286914045309999892e+04	4.851904273327267703e-01
1.286933545310000045e+04	4.794509928186929670e-01
1.286953145310000036e+04	5.146883363057437322e-01
1.286972645310000007e+04	4.638857117269310493e-01
1.286992145309999978e+04	4.766687234893360881e-01
1.287011745309999969e+04	4.413679594103356862e-01
1.287031245309999940e+04	5.424428469757316407e-01
1.287050745309999911e+04	5.091985767811664232e-01
1.287070345309999902e+04	4.783959178478056629e-01
1.287089845310000055e+04	4.991218035730042857e-01
1.287109345310000026e+04	4.873044318781403206e-01
1.287128945310000017e+04	4.676420785964694460e-01
1.287148445309999988e+04	4.974173285601235506e-01
1.287167945309999959e+04	4.899992570871258835e-01
1.287187545309999950e+04	5.103619300521504698e-01
1.287207045309999921e+04	4.896779789587135667e-01
1.287226545309999892e+04	5.272639049929210842e-01
1.287246045310000045e+04	4.946292720218465888e-01
1.287265645310000036e+04	4.666447824916808429e-01
1.287285145310000007e+04	5.188987929861070825e-01
1.287304645309999978e+04	4.903799231584375917e-01
1.287324245309999969e+04	4.887778527911912363e-01
1.287343745309999940e+04	5.337118996667875592e-01
1.287363245309999911e+04	5.387749753990966894e-01
1.287382845309999902e+04	4.692522616239322986e-01
1.287402345310000055e+04	4.821512181676634867e-01
1.287421845310000026e+04	4.790780181138103444e-01
1.287441445310000017e+04	5.021097046171423273e-01
1.287460945309999988e+04	5.188931834046695002e-01
1.287480445309999959e+04	4.927822899331637529e-01
1.287500045309999950e+04	5.144624341020609393e-01
1.287519545309999921e+04	5.014975947346798080e-01
1.287539045309999892e+04	4.760313478669573328e-01
1.287558545310000045e+04	4.919919764078013458e-01
1.287578145310000036e+04	5.210434515361423990e-01
1.287597645310000007e+04	4.682550306726334099e-01
1.287617145309999978e+04	4.908019628582405147e-01
1.287636745309999969e+04	4.893476951323556534e-01
1.287656245309999940e+04	4.777686702662435891e-01
1.287675745309999911e+04	5.175881813051184110e-01
1.287695345309999902e+04	5.183262536743455939e-01
1.287714845310000055e+04	4.831937809756343682e-01
1.287734345310000026e+04	5.053164746833296306e-01
1.287753945310000017e+04	4.978784425207649633e-01
1.287773445309999988e+04	5.328077682098513179e-01
1.287792945309999959e+04	4.917624808140033110e-01
1.287812545309999950e+04	4.610893508931130924e-01
1.287832045309999921e+04	4.958448288269288184e-01
1.287851545309999892e+04	4.893611589202802037e-01
1.287871045310000045e+04	5.105263549971983394e-01
1.287890645310000036e+04	4.967178251422801338e-01
1.287910145310000007e+04	4.856808373096388465e-01
1.287929645309999978e+04	4.845700378891208970e-01
1.287949245309999969e+04	4.231609039173207520e-01
1.287968745309999940e+04	4.603664003178238318e-01
1.287988245309999911e+04	5.078427144065500443e-01
1.288007845309999902e+04	4.802585160887247184e-01
1.288027345310000055e+04	4.671692131108606816e-01
1.288046845310000026e+04	4.876694243877359725e-01
1.288066445310000017e+04	4.927487024371899338e-01
1.288085945309999988e+04	5.008362440301201701e-01
1.288105445309999959e+04	4.730134307605204924e-01
1.288125045309999950e+04	4.723714759576136402e-01
1.288144545309999921e+04	4.931987210746324735e-01
1.288164045309999892e+04	4.680443719258171598e-01
1.288183545310000045e+04	4.488185887072511093e-01
1.288203145310000036e+04	5.280407856285549428e-01
1.288222645310000007e+04	4.735601189755183071e-01
1.288242145309999978e+04	5.040398546165008042e-01
1.288261745309999969e+04	4.845600054156626868e-01
1.288281245309999940e+04	4.600503007602281258e-01
1.288300745309999911e+04	5.190307618621563535e-01
1.288320345309999902e+04	4.993165657329399210e-01
1.288339845310000055e+04	4.795719652156922308e-01
1.288359345310000026e+04	5.039089586060363501e-01
1.288378945310000017e+04	4.456447934831402335e-01
1.288398445309999988e+04	4.903675946860186485e-01
1.288417945309999959e+04	5.099771048899892634e-01
1.288437545309999950e+04	4.802943525913185852e-01
1.288457045309999921e+04	4.935479916361913411e-01
1.288476545309999892e+04	5.066914949726513129e-01
1.288496045310000045e+04	4.709732582793009215e-01
1.288515645310000036e+04	4.824569433017025233e-01
1.288535145310000007e+04	4.685273173811115299e-01
1.288554645309999978e+04	5.347243545233162365e-01
1.288574245309999969e+04	4.529909818532757981e-01
1.288593745309999940e+04	4.818869414588853317e-01
1.288613245309999911e+04	5.043766498576847113e-01
1.288632845309999902e+04	5.115778530399506252e-01
1.288652345310000055e+04	4.821187032043390275e-01
1.288671845310000026e+04	5.151368104920468483e-01
1.288691445310000017e+04	4.950657859982001696e-01
1.288710945309999988e+04	4.792079686952810391e-01
1.288730445309999959e+04	4.645144294810439334e-01
1.288750045309999950e+04	5.410262375600396467e-01
1.288769545309999921e+04	5.139747783913062307e-01
1.288789045309999892e+04	5.349646036345276912e-01
1.288808545310000045e+04	5.205726963601247093e-01
1.288828145310000036e+04	5.239325207423579656e-01
1.288847645310000007e+04	4.841960537560829891e-01
1.288867145309999978e+04	5.004322559498888268e-01
1.288886745309999969e+04	5.134714718910835529e-01
1.288906245309999940e+04	4.991699366944608585e-01
1.288925745309999911e+04	5.436783512948899499e-01
1.288945345309999902e+04	5.146011229681608512e-01
1.288964845310000055e+04	5.365648093131287766e-01
1.288984345310000026e+04	4.999701035992174525e-01
1.289003945310000017e+04	5.032890889210541729e-01
1.289023445309999988e+04	5.457236789485335748e-01
1.289042945309999959e+04	5.379470082635950945e-01
1.289062545309999950e+04	5.196849189757912768e-01
1.289082045309999921e+04	4.873917420412006152e-01
1.289101545309999892e+04	5.110219292810533886e-01
1.289121045310000045e+04	5.428282386461997788e-01
1.289140645310000036e+04	5.261460517473182108e-01
1.289160145310000007e+04	5.633469817878005159e-01
1.289179645309999978e+04	5.400643222092931239e-01
1.289199245309999969e+04	5.441944729807346448e-01
1.289218745309999940e+04	5.384308194977904805e-01
1.289238245309999911e+04	5.492487002701480492e-01
1.289257845309999902e+04	5.259559768748083286e-01
1.289277345310000055e+04	5.023715343153618562e-01
1.289296845310000026e+04	5.655379874262216333e-01
1.289316445310000017e+04	5.122086783967727541e-01
1.289335945309999988e+04	5.168937663381267811e-01
1.289355445309999959e+04	5.142857189892140468e-01
1.289375045309999950e+04	5.617418291926430385e-01
1.289394545309999921e+04	5.465871237739747812e-01
1.289414045309999892e+04	5.221224383566340776e-01
1.289433545310000045e+04	5.390308001367962731e-01
1.289453145310000036e+04	5.593060165496090974e-01
1.289472645310000007e+04	4.705295703650858030e-01
1.289492145309999978e+04	5.437744334461136475e-01
1.289511745309999969e+04	5.392073373262356029e-01
1.289531245309999940e+04	5.281011621325149008e-01
1.289550745309999911e+04	5.006113007635608625e-01
1.289570345309999902e+04	5.133081523041127525e-01
1.289589845310000055e+04	5.533080705844213298e-01
1.289609345310000026e+04	4.772332558824778914e-01
1.289628945310000017e+04	5.116941709392577309e-01
1.289648445309999988e+04	4.998123082621361846e-01
1.289667945309999959e+04	5.120151712809182243e-01
1.289687545309999950e+04	4.783365641483960928e-01
1.289707045309999921e+04	4.967614924118297637e-01
1.289726545309999892e+04	5.001222840587988827e-01
1.289746045310000045e+04	5.220117210445387457e-01
1.289765645310000036e+04	5.100386788581019459e-01
1.289785145310000007e+04	5.155494913574809601e-01
1.289804645309999978e+04	5.038541356629089307e-01
1.289824245309999969e+04	4.857816189761532399e-01
1.289843745309999940e+04	5.140251113567746444e-01
1.289863245309999911e+04	4.857346138734257579e-01
1.289882845309999902e+04	5.072475262537619045e-01
1.289902345310000055e+04	5.062137664269030779e-01
1.289921845310000026e+04	5.115039746501253148e-01
1.289941445310000017e+04	5.132791180242879392e-01
1.289960945309999988e+04	5.306697434078522235e-01
1.289980445309999959e+04	5.304361537282638039e-01
1.290000045309999950e+04	5.280262483883504387e-01
1.290019545309999921e+04	5.451707535720533571e-01
1.290039045309999892e+04	4.866247619729193730e-01
1.290058545310000045e+04	4.852228709100927517e-01
1.290078145310000036e+04	4.798351700054492852e-01
1.290097645310000007e+04	5.014785720906100863e-01
1.290117145309999978e+04	5.091795600925159704e-01
1.290136745309999969e+04	5.081659944700156473e-01
1.290156245309999940e+04	5.221157346334983629e-01
1.290175745309999911e+04	4.952247078534242064e-01
1.290195345309999902e+04	5.087108166499874073e-01
1.290214845310000055e+04	5.096213796024162690e-01
1.290234345310000026e+04	4.776286575507135979e-01
1.290253945310000017e+04	4.773856058253400647e-01
1.290273445309999988e+04	5.031469625660918155e-01
1.290292945309999959e+04	4.920826451365361009e-01
1.290312545309999950e+04	5.069622613565893943e-01
1.290332045309999921e+04	5.152900499460137951e-01
1.290351545309999892e+04	5.113183120592026398e-01
1.290371045310000045e+04	4.736441482735980202e-01
1.290390645310000036e+04	5.001580916544128286e-01
1.290410145310000007e+04	5.153157578819538287e-01
1.290429645309999978e+04	5.309078048167137354e-01
1.290449245309999969e+04	5.105576890090759434e-01
1.290468745309999940e+04	5.296525991822988999e-01
1.290488245309999911e+04	4.984167343570984343e-01
1.290507845309999902e+04	4.778986181341551287e-01
1.290527345310000055e+04	4.895380531756750031e-01
1.290546845310000026e+04	4.797153245297494095e-01
1.290566445310000017e+04	5.282990074449873674e-01
1.290585945309999988e+04	4.938356332409394867e-01
1.290605445309999959e+04	4.922740782373384860e-01
1.290625045309999950e+04	5.043386090075969719e-01
1.290644545309999921e+04	4.874029178736023482e-01
1.290664045309999892e+04	4.795854151082892258e-01
1.290683545310000045e+04	5.373670806345423046e-01
1.290703145310000036e+04	4.971554557449575640e-01
1.290722645310000007e+04	5.230347327052946582e-01
1.290742145309999978e+04	4.629891193224384693e-01
1.290761745309999969e+04	5.234014330082796818e-01
1.290781245309999940e+04	4.824983944931915403e-01
1.290800745309999911e+04	4.651722800682644987e-01
1.290820345309999902e+04	4.865004674989048539e-01
1.290839845310000055e+04	5.019272872572972943e-01
1.290859345310000026e+04	4.582085815990524225e-01
1.290878945310000017e+04	4.579451746281275604e-01
1.290898445309999988e+04	5.015725893710776262e-01
1.290917945309999959e+04	5.148874424849338993e-01
1.290937545309999950e+04	4.470085727991026658e-01
1.290957045309999921e+04	4.547859879817313100e-01
1.290976545309999892e+04	5.037590314070214959e-01
1.290996045310000045e+04	4.955750841809862806e-01
1.291015645310000036e+04	5.273756836788106028e-01
1.291035145310000007e+04	5.409815644320303818e-01
1.291054645309999978e+04	4.931226143577145393e-01
1.291074245309999969e+04	4.658424153545794866e-01
1.291093745309999940e+04	4.770865241196435846e-01
1.291113245309999911e+04	4.710741097637196617e-01
1.291132845309999902e+04	4.939084205049688592e-01
1.291152345310000055e+04	4.691357429941849233e-01
1.291171845310000026e+04	5.014304434858267712e-01
1.291191445310000017e+04	4.753849972560342252e-01
1.291210945309999988e+04	4.818746087330794126e-01
1.291230445309999959e+04	5.190933889576676563e-01
1.291250045309999950e+04	5.043251438012354981e-01
1.291269545309999921e+04	4.944065026872461743e-01
1.291289045309999892e+04	4.926636517306626217e-01
1.291308545310000045e+04	5.263897072609946548e-01
1.291328145310000036e+04	4.761086524662143660e-01
1.291347645310000007e+04	5.157619918732514463e-01
1.291367145309999978e+04	5.015546529664085540e-01
1.291386745309999969e+04	4.912564886463499647e-01
1.291406245309999940e+04	5.129972569874716726e-01
1.291425745309999911e+04	4.748316136680319488e-01
1.291445345309999902e+04	5.223147230233422533e-01
1.291464845310000055e+04	5.011193402968565636e-01
1.291484345310000026e+04	5.048588831739397875e-01
1.291503945310000017e+04	4.920042944506892724e-01
1.291523445309999988e+04	4.883344566429421718e-01
1.291542945309999959e+04	5.040745127724015617e-01
1.291562545309999950e+04	4.703760904644678220e-01
1.291582045309999921e+04	5.095878150895671865e-01
1.291601545309999892e+04	4.925001843128296031e-01
1.291621045310000045e+04	4.641636398946396014e-01
1.291640645310000036e+04	4.910964064405654028e-01
1.291660145310000007e+04	5.122411536224724671e-01
1.291679645309999978e+04	4.949314578193391156e-01
1.291699245309999969e+04	4.517935161550745704e-01
1.291718745309999940e+04	4.525851103966012090e-01
1.291738245309999911e+04	4.883423044318035977e-01
1.291757845309999902e+04	4.879045170931632924e-01
1.291777345310000055e+04	5.010499579336915588e-01
1.291796845310000026e+04	5.019272872572972943e-01
1.291816445310000017e+04	5.009436731555609867e-01
1.291835945309999988e+04	4.744978011809468654e-01
1.291855445309999959e+04	4.879045170931632924e-01
1.291875045309999950e+04	5.048409587764162154e-01
1.291894545309999921e+04	5.022372364056586491e-01
1.291914045309999892e+04	4.989461221678439529e-01
1.291933545310000045e+04	5.192129947401760148e-01
1.291953145310000036e+04	5.422104440737118836e-01
1.291972645310000007e+04	5.206654976881459618e-01
1.291992145309999978e+04	4.910919348556248565e-01
1.292011745309999969e+04	4.733069419334654526e-01
1.292031245309999940e+04	5.209562607472744133e-01
1.292050745309999911e+04	4.688152802342990810e-01
1.292070345309999902e+04	4.786792915464594955e-01
1.292089845310000055e+04	4.880478279048698909e-01
1.292109345310000026e+04	4.610960616299273340e-01
1.292128945310000017e+04	4.901783874412402042e-01
1.292148445309999988e+04	5.030048834481917197e-01
1.292167945309999959e+04	4.471050042358744037e-01
1.292187545309999950e+04	5.219155440987410799e-01
1.292207045309999921e+04	4.842833653233729052e-01
1.292226545309999892e+04	5.127220797908940142e-01
1.292246045310000045e+04	4.899779944670008547e-01
1.292265645310000036e+04	5.105778480670615238e-01
1.292285145310000007e+04	5.175803908712790502e-01
1.292304645309999978e+04	5.255859345026294704e-01
1.292324245309999969e+04	5.248671423545907544e-01
1.292343745309999940e+04	4.967738080676316059e-01
1.292363245309999911e+04	4.959153123003030572e-01
1.292382845309999902e+04	5.168098845926394347e-01
1.292402345310000055e+04	4.816606801711831309e-01
1.292421845310000026e+04	5.237648050120711218e-01
1.292441445310000017e+04	4.711984724821487447e-01
1.292460945309999988e+04	4.910818473416682650e-01
1.292480445309999959e+04	4.872405696548920417e-01
1.292500045309999950e+04	4.997194281942540783e-01
1.292519545309999921e+04	4.872394828415274048e-01
1.292539045309999892e+04	4.774640030414865066e-01
1.292558545310000045e+04	4.946113305548660577e-01
1.292578145310000036e+04	5.174819679889441915e-01
1.292597645310000007e+04	4.807322752514018305e-01
1.292617145309999978e+04	5.023603556667701753e-01
1.292636745309999969e+04	5.082778504387874818e-01
1.292656245309999940e+04	4.793546878214645091e-01
1.292675745309999911e+04	4.849396013518401105e-01
1.292695345309999902e+04	5.197855037887322283e-01
1.292714845310000055e+04	5.030126688899212439e-01
1.292734345310000026e+04	4.914064920462930530e-01
1.292753945310000017e+04	5.015468093898416413e-01
1.292773445309999988e+04	5.149109124098387724e-01
1.292792945309999959e+04	4.775536091760237412e-01
1.292812545309999950e+04	5.267239590545997885e-01
1.292832045309999921e+04	5.096818013755211041e-01
1.292851545309999892e+04	4.932703659824770881e-01
1.292871045310000045e+04	4.934494629165353530e-01
1.292890645310000036e+04	4.987368121179329705e-01
1.292910145310000007e+04	5.224220583378968996e-01
1.292929645309999978e+04	5.306686009072230092e-01
1.292949245309999969e+04	5.245820338575839514e-01
1.292968745309999940e+04	4.853594932020595110e-01
1.292988245309999911e+04	4.880109159052210543e-01
1.293007845309999902e+04	4.957866036146718614e-01
1.293027345310000055e+04	5.125285767160292494e-01
1.293046845310000026e+04	5.065046428063944006e-01
1.293066445310000017e+04	5.042647665326178696e-01
1.293085945309999988e+04	4.698304191856479406e-01
1.293105445309999959e+04	5.129603151490513824e-01
1.293125045309999950e+04	5.076659517078692119e-01
1.293144545309999921e+04	5.401503511130378854e-01
1.293164045309999892e+04	5.325898182252046809e-01
1.293183545310000045e+04	5.136705879266472152e-01
1.293203145310000036e+04	5.147766925737862209e-01
1.293222645310000007e+04	5.059564561225435853e-01
1.293242145309999978e+04	4.912139655596980958e-01
1.293261745309999969e+04	5.220385648522665178e-01
1.293281245309999940e+04	5.484222281024404566e-01
1.293300745309999911e+04	5.009839493442047598e-01
1.293320345309999902e+04	4.648573588042701488e-01
1.293339845310000055e+04	4.944154446519952728e-01
1.293359345310000026e+04	4.977799407522063291e-01
1.293378945310000017e+04	4.748640997613939874e-01
1.293398445309999988e+04	5.165671715529853714e-01
1.293417945309999959e+04	5.121326208659819912e-01
1.293437545309999950e+04	5.416228439491668212e-01
1.293457045309999921e+04	4.921554375850867302e-01
1.293476545309999892e+04	4.567266195824171149e-01
1.293496045310000045e+04	4.855688689522672519e-01
1.293515645310000036e+04	5.018847826070143014e-01
1.293535145310000007e+04	5.339622286232028614e-01
1.293554645309999978e+04	4.955291842238018774e-01
1.293574245309999969e+04	5.034580401126333982e-01
1.293593745309999940e+04	4.825521202896876360e-01
1.293613245309999911e+04	4.613437703041789462e-01
1.293632845309999902e+04	4.952448794814081623e-01
1.293652345310000055e+04	4.699424879783009601e-01
1.293671845310000026e+04	4.689239656535022505e-01
1.293691445310000017e+04	5.065337427484823962e-01
1.293710945309999988e+04	4.709172455388248579e-01
1.293730445309999959e+04	5.282531685418501155e-01
1.293750045309999950e+04	5.207795923201867794e-01
1.293769545309999921e+04	5.292714556802646797e-01
1.293789045309999892e+04	5.444681463540117505e-01
1.293808545310000045e+04	4.864176362280829835e-01
1.293828145310000036e+04	5.111192346219706195e-01
1.293847645310000007e+04	4.891349663058157660e-01
1.293867145309999978e+04	5.056700325857814704e-01
1.293886745309999969e+04	5.112925903341860590e-01
1.293906245309999940e+04	5.032555253763035807e-01
1.293925745309999911e+04	4.925740621044187861e-01
1.293945345309999902e+04	4.976523858557673208e-01
1.293964845310000055e+04	5.231532340774407430e-01
1.293984345310000026e+04	5.412564156429748863e-01
1.294003945310000017e+04	5.070103214775656397e-01
1.294023445309999988e+04	5.126941401162721235e-01
1.294042945309999959e+04	5.103473823503712481e-01
1.294062545309999950e+04	4.459554611059228790e-01
1.294082045309999921e+04	5.405570073105003814e-01
1.294101545309999892e+04	4.901246782836174987e-01
1.294121045310000045e+04	4.854669899048076331e-01
1.294140645310000036e+04	4.973613470988791363e-01
1.294160145310000007e+04	5.109704467497806490e-01
1.294179645309999978e+04	5.178342078909974333e-01
1.294199245309999969e+04	4.649929677784410131e-01
1.294218745309999940e+04	4.940718112635771320e-01
1.294238245309999911e+04	4.701788952516849918e-01
1.294257845309999902e+04	5.181014703546296118e-01
1.294277345310000055e+04	4.751710411914533694e-01
1.294296845310000026e+04	4.771111847386571014e-01
1.294316445310000017e+04	4.909945502655368443e-01
1.294335945309999988e+04	4.842419748503363763e-01
1.294355445309999959e+04	4.902858631046811411e-01
1.294375045309999950e+04	5.096807155529816669e-01
1.294394545309999921e+04	4.985980241434990745e-01
1.294414045309999892e+04	5.041953930409910356e-01
1.294433545310000045e+04	4.714438180167501713e-01
1.294453145310000036e+04	5.054776176794142373e-01
1.294472645310000007e+04	5.285918597505201433e-01
1.294492145309999978e+04	4.861186641907266903e-01
1.294511745309999969e+04	4.978829128727610964e-01
1.294531245309999940e+04	5.228234475376414281e-01
1.294550745309999911e+04	4.721944583600397038e-01
1.294570345309999902e+04	4.866180485676974143e-01
1.294589845310000055e+04	5.292021527348200749e-01
1.294609345310000026e+04	5.312039958410537110e-01
1.294628945310000017e+04	4.886658985179082038e-01
1.294648445309999988e+04	4.926255927664602297e-01
1.294667945309999959e+04	5.127869711960322263e-01
1.294687545309999950e+04	5.087231263244991197e-01
1.294707045309999921e+04	5.107601436216135937e-01
1.294726545309999892e+04	5.029634571674215238e-01
1.294746045310000045e+04	4.990983089614449142e-01
1.294765645310000036e+04	5.103686273729941547e-01
1.294785145310000007e+04	5.163021787425474685e-01
1.294804645309999978e+04	4.929737175922621617e-01
1.294824245309999969e+04	4.722897135023558235e-01
1.294843745309999940e+04	4.816080394918849095e-01
1.294863245309999911e+04	4.682012159369186577e-01
1.294882845309999902e+04	5.033058226185573858e-01
1.294902345310000055e+04	5.229385693676853464e-01
1.294921845310000026e+04	4.970099578929101369e-01
1.294941445310000017e+04	5.357591425761896176e-01
1.294960945309999988e+04	5.090162119929217965e-01
1.294980445309999959e+04	4.723972672596232769e-01
1.295000045309999950e+04	4.938916227235168321e-01
1.295019545309999921e+04	4.768400897655347137e-01
1.295039045309999892e+04	4.876571041754580449e-01
1.295058545310000045e+04	4.870591865725408809e-01
1.295078145310000036e+04	4.654087331004959083e-01
1.295097645310000007e+04	5.109435812427314261e-01
1.295117145309999978e+04	4.843931079349577118e-01
1.295136745309999969e+04	4.998066943247039262e-01
1.295156245309999940e+04	4.815296554648647032e-01
1.295175745309999911e+04	5.010511018118695148e-01
1.295195345309999902e+04	5.236753958492457173e-01
1.295214845310000055e+04	5.057282344106557304e-01
1.295234345310000026e+04	5.290568540294771083e-01
1.295253945310000017e+04	5.179963543178338625e-01
1.295273445309999988e+04	5.186639963286019395e-01
1.295292945309999959e+04	5.198570712845445030e-01
1.295312545309999950e+04	5.332022486348115820e-01
1.295332045309999921e+04	5.066467593700849648e-01
1.295351545309999892e+04	5.249610702301339415e-01
1.295371045310000045e+04	4.966976547216823690e-01
1.295390645310000036e+04	5.412977102359910475e-01
1.295410145310000007e+04	5.792119285133203732e-01
1.295429645309999978e+04	5.377280097127368208e-01
1.295449245309999969e+04	5.491280415016053240e-01
1.295468745309999940e+04	5.361021936846590563e-01
1.295488245309999911e+04	5.346372122837443897e-01
1.295507845309999902e+04	5.463916517601603573e-01
1.295527345310000055e+04	5.356205731037615436e-01
1.295546845310000026e+04	5.461135382535093896e-01
1.295566445310000017e+04	5.202003445557572547e-01
1.295585945309999988e+04	5.175848576431398840e-01
1.295605445309999959e+04	4.932625101491865394e-01
1.295625045309999950e+04	4.727512693986994918e-01
1.295644545309999921e+04	5.220441833199380710e-01
