# time(sec)	crack length FEA(mm)
3.584902545310000278e+04	1.175698780470678884e+00
3.584922045310000249e+04	1.160582445945752994e+00
3.584941645309999876e+04	1.123955026768967969e+00
3.584961145309999847e+04	1.163353489690779341e+00
3.584980645309999818e+04	1.176417020961466164e+00
3.585000245310000173e+04	1.206161182836734014e+00
3.585019745310000144e+04	1.178747693904407257e+00
3.585039245310000115e+04	1.145417240887523391e+00
3.585058745310000086e+04	1.137172209072046414e+00
3.585078345309999713e+04	1.206662111113354641e+00
3.585097845309999684e+04	1.183499738261453160e+00
3.585117345309999655e+04	1.217799745616998663e+00
3.585136945310000010e+04	1.186737964098050213e+00
3.585156445309999981e+04	1.164645746924019676e+00
3.585175945309999952e+04	1.136901816263291565e+00
3.585195545310000307e+04	1.151990785693826069e+00
3.585215045310000278e+04	1.196796741917456330e+00
3.585234545310000249e+04	1.173735659280463750e+00
3.585254145309999876e+04	1.208321558503007154e+00
3.585273645309999847e+04	1.167487099394220351e+00
3.585293145309999818e+04	1.192560553216141628e+00
3.585312745310000173e+04	1.194511371522246179e+00
3.585332245310000144e+04	1.152270737322789174e+00
3.585351745310000115e+04	1.191410031074051190e+00
3.585371245310000086e+04	1.209522314454179792e+00
3.585390845309999713e+04	1.118271466507188450e+00
3.585410345309999684e+04	1.148910163663455108e+00
3.585429845309999655e+04	1.164777512424656436e+00
3.585449445310000010e+04	1.167333655434507733e+00
3.585468945309999981e+04	1.192657322680501508e+00
3.585488445309999952e+04	1.170257241661536440e+00
3.585508045310000307e+04	1.154236761640955677e+00
3.585527545310000278e+04	1.115993781773319427e+00
3.585547045310000249e+04	1.124585377399016650e+00
3.585566645309999876e+04	1.169025224288240850e+00
3.585586145309999847e+04	1.145057746560420142e+00
3.585605645309999818e+04	1.145725628578130539e+00
3.585625245310000173e+04	1.103969792497787594e+00
3.585644745310000144e+04	1.160411559911885604e+00
3.585664245310000115e+04	1.122245998190853911e+00
3.585683745310000086e+04	1.096722409338839910e+00
3.585703345309999713e+04	1.172748568719995887e+00
3.585722845309999684e+04	1.131435063374716776e+00
3.585742345309999655e+04	1.139845636284089636e+00
3.585761945310000010e+04	1.145196079050460725e+00
3.585781445309999981e+04	1.142624535145158049e+00
3.585800945309999952e+04	1.131701023437624798e+00
3.585820545310000307e+04	1.162029549610522849e+00
3.585840045310000278e+04	1.178425623082004492e+00
3.585859545310000249e+04	1.163565784582910823e+00
3.585879145309999876e+04	1.166095875191706099e+00
3.585898645309999847e+04	1.088748748174921843e+00
3.585918145309999818e+04	1.153777198302421425e+00
3.585937745310000173e+04	1.139044557228537258e+00
3.585957245310000144e+04	1.074451168329586537e+00
3.585976745310000115e+04	1.146836914094354398e+00
3.585996245310000086e+04	1.140776340634515051e+00
3.586015845309999713e+04	1.146522083231380051e+00
3.586035345309999684e+04	1.103585667646099111e+00
3.586054845309999655e+04	1.181639499037137497e+00
3.586074445310000010e+04	1.123356323367033838e+00
3.586093945309999981e+04	1.145732180018168123e+00
3.586113445309999952e+04	1.175989388209536912e+00
3.586133045310000307e+04	1.174757482268010023e+00
3.586152545310000278e+04	1.180974778692419846e+00
3.586172045310000249e+04	1.124468751148381074e+00
3.586191645309999876e+04	1.145071879348458666e+00
3.586211145309999847e+04	1.144656690089471240e+00
3.586230645309999818e+04	1.175394054466401883e+00
3.586250245310000173e+04	1.124523176803332802e+00
3.586269745310000144e+04	1.135191660142114145e+00
3.586289245310000115e+04	1.173207857478944405e+00
3.586308745310000086e+04	1.121956042251619934e+00
3.586328345309999713e+04	1.181367464050309124e+00
3.586347845309999684e+04	1.186360597245048609e+00
3.586367345309999655e+04	1.186865215439848242e+00
3.586386945310000010e+04	1.180176211134382314e+00
3.586406445309999981e+04	1.129118181623766759e+00
3.586425945309999952e+04	1.160558501397886744e+00
3.586445545310000307e+04	1.151084475748032077e+00
3.586465045310000278e+04	1.159628573706095622e+00
3.586484545310000249e+04	1.155738700649218131e+00
3.586504145309999876e+04	1.178865174828002793e+00
3.586523645309999847e+04	1.181830884195242959e+00
3.586543145309999818e+04	1.184631023334471678e+00
3.586562745310000173e+04	1.202425636857885394e+00
3.586582245310000144e+04	1.159801710264144248e+00
3.586601745310000115e+04	1.159727629298604512e+00
3.586621245310000086e+04	1.187734280816783894e+00
3.586640845309999713e+04	1.187651505164094345e+00
3.586660345309999684e+04	1.181770048553598684e+00
3.586679845309999655e+04	1.180302469777210206e+00
3.586699445310000010e+04	1.196756490676984086e+00
3.586718945309999981e+04	1.173398282546918026e+00
3.586738445309999952e+04	1.134948586059987718e+00
3.586758045310000307e+04	1.159313912777211186e+00
3.586777545310000278e+04	1.151024590326656494e+00
3.586797045310000249e+04	1.142370679037970405e+00
3.586816645309999876e+04	1.165623356532158539e+00
3.586836145309999847e+04	1.157118559431641103e+00
3.586855645309999818e+04	1.142210426290461101e+00
3.586875245310000173e+04	1.103959948028233384e+00
3.586894745310000144e+04	1.173693125210791166e+00
3.586914245310000115e+04	1.187821260338237650e+00
3.586933745310000086e+04	1.154263987120920376e+00
3.586953345309999713e+04	1.149861192415947642e+00
3.586972845309999684e+04	1.167796228446299267e+00
3.586992345309999655e+04	1.166887250349365246e+00
3.587011945310000010e+04	1.221209319569760865e+00
3.587031445309999981e+04	1.156265769416757294e+00
3.587050945309999952e+04	1.143000446865421793e+00
3.587070545310000307e+04	1.195898684021477365e+00
3.587090045310000278e+04	1.158584302386456599e+00
3.587109545310000249e+04	1.194237336384420090e+00
3.587129145309999876e+04	1.205324349396779127e+00
3.587148645309999847e+04	1.138308892485735413e+00
3.587168145309999818e+04	1.147156139334919445e+00
3.587187745310000173e+04	1.168513586784744263e+00
3.587207245310000144e+04	1.161774778983165390e+00
3.587226745310000115e+04	1.208692134134173202e+00
3.587246245310000086e+04	1.187661314934910450e+00
3.587265845309999713e+04	1.195211575709599572e+00
3.587285345309999684e+04	1.154344634235354050e+00
3.587304845309999655e+04	1.182670885990674492e+00
3.587324445310000010e+04	1.169595567387812451e+00
3.587343945309999981e+04	1.186783557902765907e+00
3.587363445309999952e+04	1.209053929820289142e+00
3.587383045310000307e+04	1.163941364187724758e+00
3.587402545310000278e+04	1.165364322906739858e+00
3.587422045310000249e+04	1.197551323248118749e+00
3.587441645309999876e+04	1.175062216470440291e+00
3.587461145309999847e+04	1.160323357168898895e+00
3.587480645309999818e+04	1.159957447901966532e+00
3.587500245310000173e+04	1.185443549203732516e+00
3.587519745310000144e+04	1.152349145641956341e+00
3.587539245310000115e+04	1.140607464787139591e+00
3.587558745310000086e+04	1.140234697988148582e+00
3.587578345309999713e+04	1.172554866412216512e+00
3.587597845309999684e+04	1.141255814173076644e+00
3.587617345309999655e+04	1.149751147156884201e+00
3.587636945310000010e+04	1.159548038117312885e+00
3.587656445309999981e+04	1.157971225201176679e+00
3.587675945309999952e+04	1.176163433335478459e+00
3.587695545310000307e+04	1.175075303127442794e+00
3.587715045310000278e+04	1.180514612685517051e+00
3.587734545310000249e+04	1.211144600810573735e+00
3.587754145309999876e+04	1.123948469310773746e+00
3.587773645309999847e+04	1.162230913735999849e+00
3.587793145309999818e+04	1.125552650621964190e+00
3.587812745310000173e+04	1.148953771641782140e+00
3.587832245310000144e+04	1.193259787751127732e+00
3.587851745310000115e+04	1.144578256315401887e+00
3.587871245310000086e+04	1.147327214592575473e+00
3.587890845309999713e+04	1.191754810614703786e+00
3.587910345309999684e+04	1.182862262803253017e+00
3.587929845309999655e+04	1.159610053351041614e+00
3.587949445310000010e+04	1.119140896544619679e+00
3.587968945309999981e+04	1.156394307305488311e+00
3.587988445309999952e+04	1.195082127759031110e+00
3.588008045310000307e+04	1.140681511939252601e+00
3.588027545310000278e+04	1.153024494383496190e+00
3.588047045310000249e+04	1.172144552571348086e+00
3.588066645309999876e+04	1.199653751105477895e+00
3.588086145309999847e+04	1.164039373024740698e+00
3.588105645309999818e+04	1.119690516565407634e+00
3.588125245310000173e+04	1.189082847836409940e+00
3.588144745310000144e+04	1.221308024175735696e+00
3.588164245310000115e+04	1.176549749118173338e+00
3.588183745310000086e+04	1.160562803935615506e+00
3.588203345309999713e+04	1.185293398469442039e+00
3.588222845309999684e+04	1.136621683065845545e+00
3.588242345309999655e+04	1.174149123846500942e+00
3.588261945310000010e+04	1.192484519787647912e+00
3.588281445309999981e+04	1.169288612309431485e+00
3.588300945309999952e+04	1.196473889550142999e+00
3.588320545310000307e+04	1.206525257741482449e+00
3.588340045310000278e+04	1.154065829819920452e+00
3.588359545310000249e+04	1.173741081200333269e+00
3.588379145309999876e+04	1.166746800255356931e+00
3.588398645309999847e+04	1.178366928333256070e+00
3.588418145309999818e+04	1.188994751902821889e+00
3.588437745310000173e+04	1.173337331734609634e+00
3.588457245310000144e+04	1.170803714379431426e+00
3.588476745310000115e+04	1.179352569564628084e+00
3.588496245310000086e+04	1.166593351497073883e+00
3.588515845309999713e+04	1.195065783270417015e+00
3.588535345309999684e+04	1.181556888949394590e+00
3.588554845309999655e+04	1.190928302768870850e+00
3.588574445310000010e+04	1.160783915909192388e+00
3.588593945309999981e+04	1.144302612890822246e+00
3.588613445309999952e+04	1.190792385793749020e+00
3.588633045310000307e+04	1.168878148338780676e+00
3.588652545310000278e+04	1.160507338552367429e+00
3.588672045310000249e+04	1.144462851495784861e+00
3.588691645309999876e+04	1.224132872019154661e+00
3.588711145309999847e+04	1.159442434125391941e+00
3.588730645309999818e+04	1.139707178954591171e+00
3.588750245310000173e+04	1.159611175797213178e+00
3.588769745310000144e+04	1.198743755435334180e+00
3.588789245310000115e+04	1.131528805272372651e+00
3.588808745310000086e+04	1.158221640243894512e+00
3.588828345309999713e+04	1.128763872351125741e+00
3.588847845309999684e+04	1.223392199606802677e+00
3.588867345309999655e+04	1.161406740950045702e+00
3.588886945310000010e+04	1.180534144690234655e+00
3.588906445309999981e+04	1.173042391153561681e+00
3.588925945309999952e+04	1.134773114238250002e+00
3.588945545310000307e+04	1.157441949283406046e+00
3.588965045310000278e+04	1.164189658688155049e+00
3.588984545310000249e+04	1.145376902170555766e+00
3.589004145309999876e+04	1.123815446196232415e+00
3.589023645309999847e+04	1.173872796078988756e+00
3.589043145309999818e+04	1.158505914702253392e+00
3.589062745310000173e+04	1.183032986807173614e+00
3.589082245310000144e+04	1.205583039026695502e+00
3.589101745310000115e+04	1.183184273222453342e+00
3.589121245310000086e+04	1.172727814977140071e+00
3.589140845309999713e+04	1.156424804547890872e+00
3.589160345309999684e+04	1.183214642522107951e+00
3.589179845309999655e+04	1.165972907162780459e+00
3.589199445310000010e+04	1.173397160754243274e+00
3.589218945309999981e+04	1.175151392546906592e+00
3.589238445309999952e+04	1.175340867224736741e+00
3.589258045310000307e+04	1.169738057518214802e+00
3.589277545310000278e+04	1.155488259355937686e+00
3.589297045310000249e+04	1.153492867090616159e+00
3.589316645309999876e+04	1.165030099882740089e+00
3.589336145309999847e+04	1.195238754085350408e+00
3.589355645309999818e+04	1.176221105363870478e+00
3.589375245310000173e+04	1.154047305114998423e+00
3.589394745310000144e+04	1.209855909164307519e+00
3.589414245310000115e+04	1.197142470166438599e+00
3.589433745310000086e+04	1.195631202611284749e+00
3.589453345309999713e+04	1.228990882679358521e+00
3.589472845309999684e+04	1.200032026319860279e+00
3.589492345309999655e+04	1.228373100430580678e+00
3.589511945310000010e+04	1.182134499367140990e+00
3.589531445309999981e+04	1.180619094704960403e+00
3.589550945309999952e+04	1.223830915557126531e+00
3.589570545310000307e+04	1.180299105380957059e+00
3.589590045310000278e+04	1.169103577154576357e+00
3.589609545310000249e+04	1.197027321368137720e+00
3.589629145309999876e+04	1.139059910639995010e+00
3.589648645309999847e+04	1.145277786562825639e+00
3.589668145309999818e+04	1.173067444886196853e+00
3.589687745310000173e+04	1.142291114433076515e+00
3.589707245310000144e+04	1.125984473022935362e+00
3.589726745310000115e+04	1.186722641570167269e+00
3.589746245310000086e+04	1.184418917345333000e+00
3.589765845309999713e+04	1.153026646336805072e+00
3.589785345309999684e+04	1.154693135140622218e+00
3.589804845309999655e+04	1.149220658207109835e+00
3.589824445310000010e+04	1.190840213711904738e+00
3.589843945309999981e+04	1.178481046492930062e+00
3.589863445309999952e+04	1.150886291853304044e+00
3.589883045310000307e+04	1.151372017233596168e+00
3.589902545310000278e+04	1.171123645160124127e+00
3.589922045310000249e+04	1.143460312833088466e+00
3.589941645309999876e+04	1.165064887725819176e+00
3.589961145309999847e+04	1.128312431776844704e+00
3.589980645309999818e+04	1.195839939236558180e+00
3.590000245310000173e+04	1.138019039177640579e+00
3.590019745310000144e+04	1.197723061845795911e+00
3.590039245310000115e+04	1.169177535290458536e+00
3.590058745310000086e+04	1.165802995154693988e+00
3.590078345309999713e+04	1.166672834524678848e+00
3.590097845309999684e+04	1.139002054440092948e+00
3.590117345309999655e+04	1.096096852296128077e+00
3.590136945310000010e+04	1.176107911022981511e+00
3.590156445309999981e+04	1.159879064762410650e+00
3.590175945309999952e+04	1.178924989871244833e+00
3.590195545310000307e+04	1.171969356023200959e+00
3.590215045310000278e+04	1.157117436867336480e+00
3.590234545310000249e+04	1.195526880304925044e+00
3.590254145309999876e+04	1.171896341497248528e+00
3.590273645309999847e+04	1.172846541098163442e+00
3.590293145309999818e+04	1.187187077928289369e+00
3.590312745310000173e+04	1.155052483322929646e+00
3.590332245310000144e+04	1.187183901367808048e+00
3.590351745310000115e+04	1.194278619318065893e+00
3.590371245310000086e+04	1.223097883143967834e+00
3.590390845309999713e+04	1.179270979544389419e+00
3.590410345309999684e+04	1.173471198956622885e+00
3.590429845309999655e+04	1.167474102046789142e+00
3.590449445310000010e+04	1.195575725990030591e+00
3.590468945309999981e+04	1.140613924029590720e+00
3.590488445309999952e+04	1.131086126741763564e+00
3.590508045310000307e+04	1.148471084869346015e+00
3.590527545310000278e+04	1.172416600136843456e+00
3.590547045310000249e+04	1.187860312264197304e+00
3.590566645309999876e+04	1.157069447193521228e+00
3.590586145309999847e+04	1.165191227016340036e+00
3.590605645309999818e+04	1.130920459646025833e+00
3.590625245310000173e+04	1.127344240735013159e+00
3.590644745310000144e+04	1.193126032491067079e+00
3.590664245310000115e+04	1.211588957714404557e+00
3.590683745310000086e+04	1.174839181331858384e+00
3.590703345309999713e+04	1.184244839510883551e+00
3.590722845309999684e+04	1.188550997511281793e+00
3.590742345309999655e+04	1.154946859286155814e+00
3.590761945310000010e+04	1.176734726060818303e+00
3.590781445309999981e+04	1.178713954247310625e+00
3.590800945309999952e+04	1.167606786862441126e+00
3.590820545310000307e+04	1.168069448040856884e+00
3.590840045310000278e+04	1.150472327322853872e+00
3.590859545310000249e+04	1.166065390401495705e+00
3.590879145309999876e+04	1.162312656046092130e+00
3.590898645309999847e+04	1.137690983872667871e+00
3.590918145309999818e+04	1.131546223805949936e+00
3.590937745310000173e+04	1.168903299980419419e+00
3.590957245310000144e+04	1.139982969428849913e+00
3.590976745310000115e+04	1.167533945889402958e+00
3.590996245310000086e+04	1.164282148892951341e+00
3.591015845309999713e+04	1.197309915876791919e+00
3.591035345309999684e+04	1.176608448375361604e+00
3.591054845309999655e+04	1.167917036404059417e+00
3.591074445310000010e+04	1.182367277704258868e+00
3.591093945309999981e+04	1.174050128579482433e+00
3.591113445309999952e+04	1.155743097615026471e+00
3.591133045310000307e+04	1.169792472814110695e+00
3.591152545310000278e+04	1.206483902848940915e+00
3.591172045310000249e+04	1.165489538431891958e+00
3.591191645309999876e+04	1.141803986018308237e+00
3.591211145309999847e+04	1.166034812060217973e+00
3.591230645309999818e+04	1.200158178963491196e+00
3.591250245310000173e+04	1.197636025366094259e+00
3.591269745310000144e+04	1.201871211027953024e+00
3.591289245310000115e+04	1.151359011039339464e+00
3.591308745310000086e+04	1.124655071848700061e+00
3.591328345309999713e+04	1.172894311833925229e+00
3.591347845309999684e+04	1.165028977693403078e+00
3.591367345309999655e+04	1.144760300894350991e+00
3.591386945310000010e+04	1.130534522936788022e+00
3.591406445309999981e+04	1.118852776635868906e+00
3.591425945309999952e+04	1.153477616586977561e+00
3.591445545310000307e+04	1.147740111057530044e+00
3.591465045310000278e+04	1.137547083752428634e+00
3.591484545310000249e+04	1.175406019242430489e+00
3.591504145309999876e+04	1.126293019834117004e+00
3.591523645309999847e+04	1.136040714467016599e+00
3.591543145309999818e+04	1.126001895627343430e+00
3.591562745310000173e+04	1.156033763310491125e+00
3.591582245310000144e+04	1.221273412305144745e+00
3.591601745310000115e+04	1.122988812608900488e+00
3.591621245310000086e+04	1.210138350245845373e+00
3.591640845309999713e+04	1.205145010751159873e+00
3.591660345309999684e+04	1.157061869867717974e+00
3.591679845309999655e+04	1.171840902660640893e+00
3.591699445310000010e+04	1.140914791720721411e+00
3.591718945309999981e+04	1.115438453472041402e+00
3.591738445309999952e+04	1.148077853519858138e+00
3.591758045310000307e+04	1.226950759440477157e+00
3.591777545310000278e+04	1.207608674116054104e+00
3.591797045310000249e+04	1.137681153378252930e+00
3.591816645309999876e+04	1.149328460062893242e+00
3.591836145309999847e+04	1.168939110635971446e+00
3.591855645309999818e+04	1.142384813428085621e+00
3.591875245310000173e+04	1.174760753975071736e+00
3.591894745310000144e+04	1.141604507600977314e+00
3.591914245310000115e+04	1.155226775987189924e+00
3.591933745310000086e+04	1.151462498977348758e+00
3.591953345309999713e+04	1.154141986787973195e+00
3.591972845309999684e+04	1.127275490831438631e+00
3.591992345309999655e+04	1.155784447764196088e+00
3.592011945310000010e+04	1.135114225025022350e+00
3.592031445309999981e+04	1.152669419410967677e+00
3.592050945309999952e+04	1.154542789204358044e+00
3.592070545310000307e+04	1.173209914115256325e+00
3.592090045310000278e+04	1.130736154813194005e+00
3.592109545310000249e+04	1.148970054428568588e+00
3.592129145309999876e+04	1.158103027845427846e+00
3.592148645309999847e+04	1.156948583880536674e+00
3.592168145309999818e+04	1.178216732668177613e+00
3.592187745310000173e+04	1.164242964512583356e+00
3.592207245310000144e+04	1.145599185430640432e+00
3.592226745310000115e+04	1.135978543898069404e+00
3.592246245310000086e+04	1.127502346024488844e+00
3.592265845309999713e+04	1.149477716163060492e+00
3.592285345309999684e+04	1.136568221441255133e+00
3.592304845309999655e+04	1.134265137531594192e+00
3.592324445310000010e+04	1.218474347415032355e+00
3.592343945309999981e+04	1.168502647046318899e+00
3.592363445309999952e+04	1.153841380525737037e+00
3.592383045310000307e+04	1.168277399513339532e+00
3.592402545310000278e+04	1.168744348636060693e+00
3.592422045310000249e+04	1.163218536485645771e+00
3.592441645309999876e+04	1.156665413316584790e+00
3.592461145309999847e+04	1.148912315990447297e+00
3.592480645309999818e+04	1.177609584779361285e+00
3.592500245310000173e+04	1.141867170995228165e+00
3.592519745310000144e+04	1.165033372934669131e+00
3.592539245310000115e+04	1.145481632943115002e+00
3.592558745310000086e+04	1.167019003375152408e+00
3.592578345309999713e+04	1.123921209000860344e+00
3.592597845309999684e+04	1.179298176249067964e+00
3.592617345309999655e+04	1.198449224958109127e+00
3.592636945310000010e+04	1.184537491368459428e+00
3.592656445309999981e+04	1.145459732176394851e+00
3.592675945309999952e+04	1.201829941356946208e+00
3.592695545310000307e+04	1.162514017764141983e+00
3.592715045310000278e+04	1.161168238026659694e+00
3.592734545310000249e+04	1.160145828276647251e+00
3.592754145309999876e+04	1.202088669257491915e+00
3.592773645309999847e+04	1.189712495322547525e+00
3.592793145309999818e+04	1.173789971904444229e+00
3.592812745310000173e+04	1.201769063792085035e+00
3.592832245310000144e+04	1.173310128177220690e+00
3.592851745310000115e+04	1.183847810176663629e+00
3.592871245310000086e+04	1.190562959903473939e+00
3.592890845309999713e+04	1.166979823524290083e+00
3.592910345309999684e+04	1.201412572080784003e+00
3.592929845309999655e+04	1.146609214307892088e+00
3.592949445310000010e+04	1.160306895114747050e+00
3.592968945309999981e+04	1.145184099002063860e+00
3.592988445309999952e+04	1.172522239757448403e+00
3.593008045310000307e+04	1.183547674375695635e+00
3.593027545310000278e+04	1.194294964351055199e+00
3.593047045310000249e+04	1.192848712085787355e+00
3.593066645309999876e+04	1.165699663370205030e+00
3.593086145309999847e+04	1.148050620931135413e+00
3.593105645309999818e+04	1.167260720114065009e+00
3.593125245310000173e+04	1.149034343253305224e+00
3.593144745310000144e+04	1.160876512949787553e+00
3.593164245310000115e+04	1.184743055642009324e+00
3.593183745310000086e+04	1.127579805992123596e+00
3.593203345309999713e+04	1.188454211236546598e+00
3.593222845309999684e+04	1.155416316634600093e+00
3.593242345309999655e+04	1.171171512865248232e+00
3.593261945310000010e+04	1.153487346970800687e+00
3.593281445309999981e+04	1.178102519769364420e+00
3.593300945309999952e+04	1.175357131877232675e+00
3.593320545310000307e+04	1.147223708594076186e+00
3.593340045310000278e+04	1.144605492894044119e+00
3.593359545310000249e+04	1.159764669810336102e+00
3.593379145309999876e+04	1.193246711152939454e+00
3.593398645309999847e+04	1.145020683049777332e+00
3.593418145309999818e+04	1.152560509973547198e+00
3.593437745310000173e+04	1.129862935014866565e+00
3.593457245310000144e+04	1.150486456882408248e+00
3.593476745310000115e+04	1.145284338126646873e+00
3.593496245310000086e+04	1.152207580075115700e+00
3.593515845309999713e+04	1.165475324305525362e+00
3.593535345309999684e+04	1.163893481860288404e+00
3.593554845309999655e+04	1.142142936345411641e+00
3.593574445310000010e+04	1.210322131144534907e+00
3.593593945309999981e+04	1.162724169110596506e+00
3.593613445309999952e+04	1.189833191411963753e+00
3.593633045310000307e+04	1.137655032330439298e+00
3.593652545310000278e+04	1.148749955122802646e+00
3.593672045310000249e+04	1.176120997101634202e+00
3.593691645309999876e+04	1.199366702381485794e+00
3.593711145309999847e+04	1.184435175757197811e+00
3.593730645309999818e+04	1.211811646350435367e+00
3.593750245310000173e+04	1.176856610026952410e+00
3.593769745310000144e+04	1.170138689541568411e+00
3.593789245310000115e+04	1.169917664918509459e+00
3.593808745310000086e+04	1.210826237886852397e+00
3.593828345309999713e+04	1.202667925636651702e+00
3.593847845309999684e+04	1.185569779730546003e+00
3.593867345309999655e+04	1.188554267310941270e+00
3.593886945310000010e+04	1.153690093578379816e+00
3.593906445309999981e+04	1.119716751093072560e+00
3.593925945309999952e+04	1.140120301778175360e+00
3.593945545310000307e+04	1.166973277958156530e+00
3.593965045310000278e+04	1.184201389932086457e+00
3.593984545310000249e+04	1.219771245527425663e+00
3.594004145309999876e+04	1.155337918465830782e+00
3.594023645309999847e+04	1.192877014047867945e+00
3.594043145309999818e+04	1.144978190973844789e+00
3.594062745310000173e+04	1.134868996547183428e+00
3.594082245310000144e+04	1.185042241905389204e+00
3.594101745310000115e+04	1.196446712594783079e+00
3.594121245310000086e+04	1.138684872635209899e+00
3.594140845309999713e+04	1.171155245335693706e+00
3.594160345309999684e+04	1.202138621809815788e+00
3.594179845309999655e+04	1.191560142968713265e+00
3.594199445310000010e+04	1.158525464876891675e+00
3.594218945309999981e+04	1.165326168978042531e+00
3.594238445309999952e+04	1.194080796822550639e+00
3.594258045310000307e+04	1.176297191098738537e+00
3.594277545310000278e+04	1.157472538722617017e+00
3.594297045310000249e+04	1.177344046145417877e+00
3.594316645309999876e+04	1.197259859726305109e+00
3.594336145309999847e+04	1.161271776649622112e+00
3.594355645309999818e+04	1.192103881932533582e+00
3.594375245310000173e+04	1.184098045021784174e+00
3.594394745310000144e+04	1.141888981474091125e+00
3.594414245310000115e+04	1.206099196191285472e+00
3.594433745310000086e+04	1.196997903701950250e+00
3.594453345309999713e+04	1.180555919585572155e+00
3.594472845309999684e+04	1.209835281312495070e+00
3.594492345309999655e+04	1.202062619192975745e+00
3.594511945310000010e+04	1.195760647554443779e+00
3.594531445309999981e+04	1.238888393795349430e+00
3.594550945309999952e+04	1.190532506625244125e+00
3.594570545310000307e+04	1.201527792881737611e+00
3.594590045310000278e+04	1.171604748589839318e+00
3.594609545310000249e+04	1.212683061111196281e+00
3.594629145309999876e+04	1.230568373688994299e+00
3.594648645309999847e+04	1.227080965499858678e+00
3.594668145309999818e+04	1.211251000830680269e+00
3.594687745310000173e+04	1.215780396976827049e+00
3.594707245310000144e+04	1.172860657313876231e+00
3.594726745310000115e+04	1.221645930390732104e+00
3.594746245310000086e+04	1.231560604843714657e+00
3.594765845309999713e+04	1.175748882284668895e+00
3.594785345309999684e+04	1.229764952935665789e+00
3.594804845309999655e+04	1.210189499161703708e+00
3.594824445310000010e+04	1.164388853523643519e+00
3.594843945309999981e+04	1.245651933651938492e+00
3.594863445309999952e+04	1.241529837337429498e+00
3.594883045310000307e+04	1.198840686349385010e+00
