# time(sec)	crack length FEA(mm)
3.919336145309999847e+04	1.223091446387911674e+00
3.919355645309999818e+04	1.203915743516844827e+00
3.919375245310000173e+04	1.211944269221687520e+00
3.919394745310000144e+04	1.198080636465494564e+00
3.919414245310000115e+04	1.254415678978206827e+00
3.919433745310000086e+04	1.238600796405711080e+00
3.919453345309999713e+04	1.205902499538904493e+00
3.919472845309999684e+04	1.194043809996603756e+00
3.919492345309999655e+04	1.267231623834671694e+00
3.919511945310000010e+04	1.195884581550659576e+00
3.919531445309999981e+04	1.203647325855996542e+00
3.919550945309999952e+04	1.201790912506721654e+00
3.919570545310000307e+04	1.209702646595065545e+00
3.919590045310000278e+04	1.206238292502948894e+00
3.919609545310000249e+04	1.198064387435859857e+00
3.919629145309999876e+04	1.178599743748979023e+00
3.919648645309999847e+04	1.183684660864454230e+00
3.919668145309999818e+04	1.179046862553835950e+00
3.919687745310000173e+04	1.190138759019776060e+00
3.919707245310000144e+04	1.218945717476589863e+00
3.919726745310000115e+04	1.176622562347017009e+00
3.919746245310000086e+04	1.165370775403310688e+00
3.919765845309999713e+04	1.230093971731340829e+00
3.919785345309999684e+04	1.195500823005229307e+00
3.919804845309999655e+04	1.173192619667968728e+00
3.919824445310000010e+04	1.204891824462743344e+00
3.919843945309999981e+04	1.203026732546392807e+00
3.919863445309999952e+04	1.171962811836726459e+00
3.919883045310000307e+04	1.186935941476905398e+00
3.919902545310000278e+04	1.196249842170516331e+00
3.919922045310000249e+04	1.196097705410917200e+00
3.919941645309999876e+04	1.178514879944710714e+00
3.919961145309999847e+04	1.203407101133567636e+00
3.919980645309999818e+04	1.248585503157656262e+00
3.920000245310000173e+04	1.193580629161793638e+00
3.920019745310000144e+04	1.225938653309714965e+00
3.920039245310000115e+04	1.232309693058990518e+00
3.920058745310000086e+04	1.202499584216843331e+00
3.920078345309999713e+04	1.188346587423341205e+00
3.920097845309999684e+04	1.188879469983817216e+00
3.920117345309999655e+04	1.219731126725989157e+00
3.920136945310000010e+04	1.224092574067883632e+00
3.920156445309999981e+04	1.183670551105882041e+00
3.920175945309999952e+04	1.182716487637332392e+00
3.920195545310000307e+04	1.221713193861027946e+00
3.920215045310000278e+04	1.160115335825086191e+00
3.920234545310000249e+04	1.200165742498068511e+00
3.920254145309999876e+04	1.196943550965222869e+00
3.920273645309999847e+04	1.241737049864852338e+00
3.920293145309999818e+04	1.185952578325746742e+00
3.920312745310000173e+04	1.210366559425413158e+00
3.920332245310000144e+04	1.252874442048117487e+00
3.920351745310000115e+04	1.191680923035718820e+00
3.920371245310000086e+04	1.201476625204811910e+00
3.920390845309999713e+04	1.223273820462946304e+00
3.920410345309999684e+04	1.223372703003791528e+00
3.920429845309999655e+04	1.186360597245048609e+00
3.920449445310000010e+04	1.209956901373290705e+00
3.920468945309999981e+04	1.253436241717476918e+00
3.920488445309999952e+04	1.248222076838970906e+00
3.920508045310000307e+04	1.210929465971792851e+00
3.920527545310000278e+04	1.226554354047140194e+00
3.920547045310000249e+04	1.218164854073870984e+00
3.920566645309999876e+04	1.190929423730365144e+00
3.920586145309999847e+04	1.195437687636648150e+00
3.920605645309999818e+04	1.223434644308845520e+00
3.920625245310000173e+04	1.210281809607176129e+00
3.920644745310000144e+04	1.196868558925638482e+00
3.920664245310000115e+04	1.211062000464380617e+00
3.920683745310000086e+04	1.211821446095475707e+00
3.920703345309999713e+04	1.189260159759443880e+00
3.920722845309999684e+04	1.201975692067325241e+00
3.920742345309999655e+04	1.222967561813252502e+00
3.920761945310000010e+04	1.223723452825469238e+00
3.920781445309999981e+04	1.207371756876600699e+00
3.920800945309999952e+04	1.206858894790205028e+00
3.920820545310000307e+04	1.242322044901484901e+00
3.920840045310000278e+04	1.211265187463798298e+00
3.920859545310000249e+04	1.248786130721143195e+00
3.920879145309999876e+04	1.272056925069602329e+00
3.920898645309999847e+04	1.205521050863930910e+00
3.920918145309999818e+04	1.235428322446324501e+00
3.920937745310000173e+04	1.207465291862636292e+00
3.920957245310000144e+04	1.233736093393741129e+00
3.920976745310000115e+04	1.203018049539545942e+00
3.920996245310000086e+04	1.238278515356432408e+00
3.921015845309999713e+04	1.270583035878882328e+00
3.921035345309999684e+04	1.210555658694232761e+00
3.921054845309999655e+04	1.195701902426407059e+00
3.921074445310000010e+04	1.206306813472092898e+00
3.921093945309999981e+04	1.224352177487260107e+00
3.921113445309999952e+04	1.229928903351451552e+00
3.921133045310000307e+04	1.235043061734481640e+00
3.921152545310000278e+04	1.244282641785879662e+00
3.921172045310000249e+04	1.225268742207374473e+00
3.921191645309999876e+04	1.217535777922266860e+00
3.921211145309999847e+04	1.175394054466401883e+00
3.921230645309999818e+04	1.222620065841727666e+00
3.921250245310000173e+04	1.249692055182691774e+00
3.921269745310000144e+04	1.205266748324840265e+00
3.921289245310000115e+04	1.218346239870701453e+00
3.921308745310000086e+04	1.265285787066899204e+00
3.921328345309999713e+04	1.188809870822176151e+00
3.921347845309999684e+04	1.211057707105155146e+00
3.921367345309999655e+04	1.247898809076788851e+00
3.921386945310000010e+04	1.273864528937249219e+00
3.921406445309999981e+04	1.207571801809812939e+00
3.921425945309999952e+04	1.233146689163787002e+00
3.921445545310000307e+04	1.239896588376112163e+00
3.921465045310000278e+04	1.175833662537954183e+00
3.921484545310000249e+04	1.228976706698032828e+00
3.921504145309999876e+04	1.232009053516620156e+00
3.921523645309999847e+04	1.222666709893658776e+00
3.921543145309999818e+04	1.212313668056172133e+00
3.921562745310000173e+04	1.216133499188519096e+00
3.921582245310000144e+04	1.233641636785787199e+00
3.921601745310000115e+04	1.256558690600133588e+00
3.921621245310000086e+04	1.219455144843646366e+00
3.921640845309999713e+04	1.245469732578472488e+00
3.921660345309999684e+04	1.218491702061658799e+00
3.921679845309999655e+04	1.205679755172585743e+00
3.921699445310000010e+04	1.231774432650352580e+00
3.921718945309999981e+04	1.262721789523919114e+00
3.921738445309999952e+04	1.279131648164288038e+00
3.921758045310000307e+04	1.245755009440902228e+00
3.921777545310000278e+04	1.211312973954754568e+00
3.921797045310000249e+04	1.243279015514218599e+00
3.921816645309999876e+04	1.268435807343413657e+00
3.921836145309999847e+04	1.248913141156617002e+00
3.921855645309999818e+04	1.266228881990731026e+00
3.921875245310000173e+04	1.237841093589356234e+00
3.921894745310000144e+04	1.244930390504144668e+00
3.921914245310000115e+04	1.220361077335692102e+00
3.921933745310000086e+04	1.249574833016882991e+00
3.921953345309999713e+04	1.258898788562838433e+00
3.921972845309999684e+04	1.246309336963802750e+00
3.921992345309999655e+04	1.212373398502254673e+00
3.922011945310000010e+04	1.280168458761433925e+00
3.922031445309999981e+04	1.238256793623030205e+00
3.922050945309999952e+04	1.228299327344469560e+00
3.922070545310000307e+04	1.265049448708808200e+00
3.922090045310000278e+04	1.287250417741265807e+00
3.922109545310000249e+04	1.297311779194455283e+00
3.922129145309999876e+04	1.275626478559741983e+00
3.922148645309999847e+04	1.260639133354588992e+00
3.922168145309999818e+04	1.255873253652129762e+00
3.922187745310000173e+04	1.218178943246915225e+00
3.922207245310000144e+04	1.230707325866225332e+00
3.922226745310000115e+04	1.199464564537340294e+00
3.922246245310000086e+04	1.180127240169252190e+00
3.922265845309999713e+04	1.241464774278695060e+00
3.922285345309999684e+04	1.206620849811884000e+00
3.922304845309999655e+04	1.241917229137817102e+00
3.922324445310000010e+04	1.213165465926147490e+00
3.922343945309999981e+04	1.213370781293823697e+00
3.922363445309999952e+04	1.192228956004486307e+00
3.922383045310000307e+04	1.207308839921111598e+00
3.922402545310000278e+04	1.220368634401772567e+00
3.922422045310000249e+04	1.208631274253285426e+00
3.922441645309999876e+04	1.209406012560375387e+00
3.922461145309999847e+04	1.171951873692428592e+00
3.922480645309999818e+04	1.237208346590701780e+00
3.922500245310000173e+04	1.255018711832704525e+00
3.922519745310000144e+04	1.216960152022050323e+00
3.922539245310000115e+04	1.224266451772814790e+00
3.922558745310000086e+04	1.209563570686576384e+00
3.922578345309999713e+04	1.250955650733242663e+00
3.922597845309999684e+04	1.258228695903957473e+00
3.922617345309999655e+04	1.211878004544511001e+00
3.922636945310000010e+04	1.221322204765737496e+00
3.922656445309999981e+04	1.255378772751360117e+00
3.922675945309999952e+04	1.225292621292638273e+00
3.922695545310000307e+04	1.238234046378611453e+00
3.922715045310000278e+04	1.218372271977152366e+00
3.922734545310000249e+04	1.232850256440922720e+00
3.922754145309999876e+04	1.230059279489756463e+00
3.922773645309999847e+04	1.230129689765462331e+00
3.922793145309999818e+04	1.267195775781972955e+00
3.922812745310000173e+04	1.230522864341569544e+00
3.922832245310000144e+04	1.222848154378695540e+00
3.922851745310000115e+04	1.202738604399886668e+00
3.922871245310000086e+04	1.188768578336819814e+00
3.922890845309999713e+04	1.203517924113175042e+00
3.922910345309999684e+04	1.249712555024579785e+00
3.922929845309999655e+04	1.214356176883271132e+00
3.922949445310000010e+04	1.191659158382451622e+00
3.922968945309999981e+04	1.225742121907408944e+00
3.922988445309999952e+04	1.244975965247107297e+00
3.923008045310000307e+04	1.256747326650717866e+00
3.923027545310000278e+04	1.223303205412229033e+00
3.923047045310000249e+04	1.255681256931806544e+00
3.923066645309999876e+04	1.258954116462181361e+00
3.923086145309999847e+04	1.248995515863898120e+00
3.923105645309999818e+04	1.239395246520968996e+00
3.923125245310000173e+04	1.239161911039616371e+00
3.923144745310000144e+04	1.219495450715339047e+00
3.923164245310000115e+04	1.243947483085342753e+00
3.923183745310000086e+04	1.284023734913148473e+00
3.923203345309999713e+04	1.236412797202877556e+00
3.923222845309999684e+04	1.214487665617301815e+00
3.923242345309999655e+04	1.257924940364652855e+00
3.923261945310000010e+04	1.242345813513310304e+00
3.923281445309999981e+04	1.274046603489310314e+00
3.923300945309999952e+04	1.235779918632868402e+00
3.923320545310000307e+04	1.253564345072707198e+00
3.923340045310000278e+04	1.285719982701687414e+00
3.923359545310000249e+04	1.277050257854924098e+00
3.923379145309999876e+04	1.224646478304258324e+00
3.923398645309999847e+04	1.262822741790504466e+00
3.923418145309999818e+04	1.272606351545608305e+00
3.923437745310000173e+04	1.223055531122600570e+00
3.923457245310000144e+04	1.240875470027702931e+00
3.923476745310000115e+04	1.227730306192697185e+00
3.923496245310000086e+04	1.251217101536719056e+00
3.923515845309999713e+04	1.265551455366694000e+00
3.923535345309999684e+04	1.268313464440728566e+00
3.923554845309999655e+04	1.248322904907762876e+00
3.923574445310000010e+04	1.265433194699262742e+00
3.923593945309999981e+04	1.228702138642265851e+00
3.923613445309999952e+04	1.275166014527950864e+00
3.923633045310000307e+04	1.233932558196562113e+00
3.923652545310000278e+04	1.238902470595338201e+00
3.923672045310000249e+04	1.226320984745232323e+00
3.923691645309999876e+04	1.234029158230210754e+00
3.923711145309999847e+04	1.231631197142535328e+00
3.923730645309999818e+04	1.231531323431877212e+00
3.923750245310000173e+04	1.259881258582872476e+00
3.923769745310000144e+04	1.252956896072452864e+00
3.923789245310000115e+04	1.226039669999998694e+00
3.923808745310000086e+04	1.263678117928204614e+00
3.923828345309999713e+04	1.259468082215825291e+00
3.923847845309999684e+04	1.184731189025725939e+00
3.923867345309999655e+04	1.231922050105204391e+00
3.923886945310000010e+04	1.231850526160030768e+00
3.923906445309999981e+04	1.204039728105675167e+00
3.923925945309999952e+04	1.232239102791151453e+00
3.923945545310000307e+04	1.211920376627128704e+00
3.923965045310000278e+04	1.224204512651470012e+00
3.923984545310000249e+04	1.180891044845663984e+00
3.924004145309999876e+04	1.179022936677952771e+00
3.924023645309999847e+04	1.183395268966327407e+00
3.924043145309999818e+04	1.216600530337615282e+00
3.924062745310000173e+04	1.212618945045470298e+00
3.924082245310000144e+04	1.228947515341225483e+00
3.924101745310000115e+04	1.223584366219515829e+00
3.924121245310000086e+04	1.210159071170364697e+00
3.924140845309999713e+04	1.229679246889286759e+00
3.924160345309999684e+04	1.213364248559624770e+00
3.924179845309999655e+04	1.254093521003476042e+00
3.924199445310000010e+04	1.212739524169002436e+00
3.924218945309999981e+04	1.201752817298869402e+00
3.924238445309999952e+04	1.270653511333254215e+00
3.924258045310000307e+04	1.225889870394887282e+00
3.924277545310000278e+04	1.180837683054306808e+00
3.924297045310000249e+04	1.229125460814568527e+00
3.924316645309999876e+04	1.196366208852893465e+00
3.924336145309999847e+04	1.245899277509504799e+00
3.924355645309999818e+04	1.233157505763923467e+00
3.924375245310000173e+04	1.239815207278908815e+00
3.924394745310000144e+04	1.205273283299545639e+00
3.924414245310000115e+04	1.195549668744192218e+00
3.924433745310000086e+04	1.236605976552445085e+00
3.924453345309999713e+04	1.202315835806956557e+00
3.924472845309999684e+04	1.213128508970338970e+00
3.924492345309999655e+04	1.243423391947764856e+00
3.924511945310000010e+04	1.252825621676196377e+00
3.924531445309999981e+04	1.207091336394972458e+00
3.924550945309999952e+04	1.187135972624028923e+00
3.924570545310000307e+04	1.235261146923157582e+00
3.924590045310000278e+04	1.239256345533830128e+00
3.924609545310000249e+04	1.204835249279538445e+00
3.924629145309999876e+04	1.199885236459570237e+00
3.924648645309999847e+04	1.220875885267442840e+00
3.924668145309999818e+04	1.175090446250077747e+00
3.924687745310000173e+04	1.190760905255750401e+00
3.924707245310000144e+04	1.210841451457564943e+00
3.924726745310000115e+04	1.186252870469958864e+00
3.924746245310000086e+04	1.214731043825700851e+00
3.924765845309999713e+04	1.171048571201042776e+00
3.924785345309999684e+04	1.199935380426612852e+00
3.924804845309999655e+04	1.230053777220946998e+00
3.924824445310000010e+04	1.214507262881877381e+00
3.924843945309999981e+04	1.237374389549188436e+00
3.924863445309999952e+04	1.222466886126575503e+00
3.924883045310000307e+04	1.210105775422338326e+00
3.924902545310000278e+04	1.231820032834530565e+00
3.924922045310000249e+04	1.226148334747168889e+00
3.924941645309999876e+04	1.254359315625141136e+00
3.924961145309999847e+04	1.245284174947746791e+00
3.924980645309999818e+04	1.247967115952487660e+00
3.925000245310000173e+04	1.222281147391402811e+00
3.925019745310000144e+04	1.257461894252342560e+00
3.925039245310000115e+04	1.193617616712563390e+00
3.925058745310000086e+04	1.262579859590356790e+00
3.925078345309999713e+04	1.247754460061830883e+00
3.925097845309999684e+04	1.178134017162317804e+00
3.925117345309999655e+04	1.227003923892514337e+00
3.925136945310000010e+04	1.240523856613721776e+00
3.925156445309999981e+04	1.198793901824906527e+00
3.925175945309999952e+04	1.185497928388201672e+00
3.925195545310000307e+04	1.227345945669044980e+00
3.925215045310000278e+04	1.230708351684626223e+00
3.925234545310000249e+04	1.223327086486911242e+00
3.925254145309999876e+04	1.239433281010946075e+00
3.925273645309999847e+04	1.223500783263791192e+00
3.925293145309999818e+04	1.178163458307722067e+00
3.925312745310000173e+04	1.184773516377806146e+00
3.925332245310000144e+04	1.197615386840515939e+00
3.925351745310000115e+04	1.238599770930621347e+00
3.925371245310000086e+04	1.210449162204437101e+00
3.925390845309999713e+04	1.236512650239983913e+00
3.925410345309999684e+04	1.197497999046779782e+00
3.925429845309999655e+04	1.211429266456413245e+00
3.925449445310000010e+04	1.190612936824141599e+00
3.925468945309999981e+04	1.226167829056583614e+00
3.925488445309999952e+04	1.152405846484363394e+00
3.925508045310000307e+04	1.198680815495944074e+00
3.925527545310000278e+04	1.173318822101023784e+00
3.925547045310000249e+04	1.236747130732695155e+00
3.925566645309999876e+04	1.176600877301009263e+00
3.925586145309999847e+04	1.157865614178373193e+00
3.925605645309999818e+04	1.199444954786677897e+00
3.925625245310000173e+04	1.188213832027514627e+00
3.925644745310000144e+04	1.177764083711229759e+00
3.925664245310000115e+04	1.197584942647708317e+00
3.925683745310000086e+04	1.217590176596438312e+00
3.925703345309999713e+04	1.178300475981755469e+00
3.925722845309999684e+04	1.198669889703037228e+00
3.925742345309999655e+04	1.211285814066485500e+00
3.925761945310000010e+04	1.191635245263913845e+00
3.925781445309999981e+04	1.202710407613487575e+00
3.925800945309999952e+04	1.179839954259403356e+00
3.925820545310000307e+04	1.200020073998926406e+00
3.925840045310000278e+04	1.181422974020007288e+00
3.925859545310000249e+04	1.227282988665066910e+00
3.925879145309999876e+04	1.188903479311509415e+00
3.925898645309999847e+04	1.233076101401396230e+00
3.925918145309999818e+04	1.199161265239601093e+00
3.925937745310000173e+04	1.205652588804809966e+00
3.925957245310000144e+04	1.221175640493479264e+00
3.925976745310000115e+04	1.176724911757087710e+00
3.925996245310000086e+04	1.179375373597862264e+00
3.926015845309999713e+04	1.225683544599400321e+00
3.926035345309999684e+04	1.229366543080104179e+00
3.926054845309999655e+04	1.226589144716552227e+00
3.926074445310000010e+04	1.221170136152343488e+00
3.926093945309999981e+04	1.242413111178343854e+00
3.926113445309999952e+04	1.184451527596937837e+00
3.926133045310000307e+04	1.208686626881467774e+00
3.926152545310000278e+04	1.245556499608087009e+00
3.926172045310000249e+04	1.204781941515927102e+00
3.926191645309999876e+04	1.189133948932711959e+00
3.926211145309999847e+04	1.197271906831911537e+00
3.926230645309999818e+04	1.216132379422411702e+00
3.926250245310000173e+04	1.158207515297000612e+00
3.926269745310000144e+04	1.206565492341702850e+00
3.926289245310000115e+04	1.244385816766673258e+00
3.926308745310000086e+04	1.214302983929712809e+00
3.926328345309999713e+04	1.211079360561122087e+00
3.926347845309999684e+04	1.210618753671067083e+00
3.926367345309999655e+04	1.238214468814613056e+00
3.926386945310000010e+04	1.252595680090493602e+00
3.926406445309999981e+04	1.199159117478226122e+00
3.926425945309999952e+04	1.260600015430863863e+00
3.926445545310000307e+04	1.243743458950607561e+00
3.926465045310000278e+04	1.226872504879938930e+00
3.926484545310000249e+04	1.243137900443615607e+00
3.926504145309999876e+04	1.259642630555708465e+00
3.926523645309999847e+04	1.227850808129700155e+00
3.926543145309999818e+04	1.242322977004361562e+00
3.926562745310000173e+04	1.275080380441286465e+00
3.926582245310000144e+04	1.238469535231596197e+00
3.926601745310000115e+04	1.235638945135237421e+00
3.926621245310000086e+04	1.266215938901867233e+00
3.926640845309999713e+04	1.256114062464012804e+00
3.926660345309999684e+04	1.236358535151023119e+00
3.926679845309999655e+04	1.274294766228027953e+00
3.926699445310000010e+04	1.266686355084857496e+00
3.926718945309999981e+04	1.243324593450946480e+00
3.926738445309999952e+04	1.259496304367015540e+00
3.926758045310000307e+04	1.229592328143322533e+00
3.926777545310000278e+04	1.223501902680332876e+00
3.926797045310000249e+04	1.221501513859452714e+00
3.926816645309999876e+04	1.240727908621270359e+00
3.926836145309999847e+04	1.252762732689184588e+00
3.926855645309999818e+04	1.237333181916769220e+00
3.926875245310000173e+04	1.220578272047987411e+00
3.926894745310000144e+04	1.202062619192975745e+00
3.926914245310000115e+04	1.249529267168609792e+00
3.926933745310000086e+04	1.234587118247691961e+00
3.926953345309999713e+04	1.217535777922266860e+00
3.926972845309999684e+04	1.193676273618844874e+00
3.926992345309999655e+04	1.208392220350397395e+00
3.927011945310000010e+04	1.227313301317584759e+00
3.927031445309999981e+04	1.230532469805405427e+00
3.927050945309999952e+04	1.232614711456959000e+00
3.927070545310000307e+04	1.240494493114116636e+00
3.927090045310000278e+04	1.224303298010340768e+00
3.927109545310000249e+04	1.197243610132268543e+00
3.927129145309999876e+04	1.231638843851781573e+00
3.927148645309999847e+04	1.224218598218950405e+00
3.927168145309999818e+04	1.254492631040797335e+00
3.927187745310000173e+04	1.249492367153276717e+00
3.927207245310000144e+04	1.239157529568215566e+00
3.927226745310000115e+04	1.278404615749220596e+00
3.927246245310000086e+04	1.225949566490999842e+00
3.927265845309999713e+04	1.252763850717084182e+00
3.927285345309999684e+04	1.196983708497544541e+00
3.927304845309999655e+04	1.254552254742078432e+00
3.927324445310000010e+04	1.260243294222849642e+00
3.927343945309999981e+04	1.218083304655410259e+00
3.927363445309999952e+04	1.198270861343416982e+00
3.927383045310000307e+04	1.256992411529022746e+00
3.927402545310000278e+04	1.217999608906634279e+00
3.927422045310000249e+04	1.219951592692417819e+00
3.927441645309999876e+04	1.221181051539447893e+00
3.927461145309999847e+04	1.296913488034601158e+00
3.927480645309999818e+04	1.278219317539337041e+00
3.927500245310000173e+04	1.243790154442937279e+00
3.927519745310000144e+04	1.222977356927547277e+00
3.927539245310000115e+04	1.227138513364423034e+00
3.927558745310000086e+04	1.181034588401479013e+00
3.927578345309999713e+04	1.210432921680872909e+00
3.927597845309999684e+04	1.279392693105897649e+00
3.927617345309999655e+04	1.283147510933735802e+00
3.927636945310000010e+04	1.236381377438933171e+00
3.927656445309999981e+04	1.257326453173391201e+00
3.927675945309999952e+04	1.286660118887422044e+00
3.927695545310000307e+04	1.281985116912650824e+00
3.927715045310000278e+04	1.262018278036570962e+00
3.927734545310000249e+04	1.253214038972533473e+00
3.927754145309999876e+04	1.273963199370438559e+00
3.927773645309999847e+04	1.247151241212716144e+00
3.927793145309999818e+04	1.292941180207147767e+00
3.927812745310000173e+04	1.242850354900681964e+00
3.927832245310000144e+04	1.246855077750479879e+00
3.927851745310000115e+04	1.249952308669248779e+00
3.927871245310000086e+04	1.254718175528800828e+00
3.927890845309999713e+04	1.248466132208186252e+00
3.927910345309999684e+04	1.207513086043832118e+00
3.927929845309999655e+04	1.261556336898777886e+00
3.927949445310000010e+04	1.254784413090796136e+00
3.927968945309999981e+04	1.267048379188837615e+00
3.927988445309999952e+04	1.245083424363697233e+00
3.928008045310000307e+04	1.206964287271183878e+00
3.928027545310000278e+04	1.290015275126283001e+00
3.928047045310000249e+04	1.234492665048751547e+00
3.928066645309999876e+04	1.207321815390038466e+00
3.928086145309999847e+04	1.282929775793736127e+00
3.928105645309999818e+04	1.239129376264456184e+00
3.928125245310000173e+04	1.227014743310183675e+00
3.928144745310000144e+04	1.251784344763205326e+00
3.928164245310000115e+04	1.252877702947216676e+00
3.928183745310000086e+04	1.208295515311746726e+00
3.928203345309999713e+04	1.239000168949051073e+00
3.928222845309999684e+04	1.291616773325168666e+00
3.928242345309999655e+04	1.274335909234787678e+00
3.928261945310000010e+04	1.229219935512436024e+00
3.928281445309999981e+04	1.225073231287741038e+00
3.928300945309999952e+04	1.273103821854117967e+00
3.928320545310000307e+04	1.274041204570920627e+00
3.928340045310000278e+04	1.276168282486310090e+00
3.928359545310000249e+04	1.214611501391946291e+00
3.928379145309999876e+04	1.268937741772484529e+00
3.928398645309999847e+04	1.237509013077058739e+00
3.928418145309999818e+04	1.233889199944677273e+00
3.928437745310000173e+04	1.259494068950333556e+00
3.928457245310000144e+04	1.275601533498472051e+00
3.928476745310000115e+04	1.242943656124230856e+00
3.928496245310000086e+04	1.242401273514349924e+00
3.928515845309999713e+04	1.226948520934602271e+00
3.928535345309999684e+04	1.220916002122807598e+00
3.928554845309999655e+04	1.221707782937084374e+00
3.928574445310000010e+04	1.249939263450148275e+00
3.928593945309999981e+04	1.289887370087809515e+00
3.928613445309999952e+04	1.292160441196861242e+00
3.928633045310000307e+04	1.251920004062675673e+00
3.928652545310000278e+04	1.282335088049604721e+00
3.928672045310000249e+04	1.272579262197986338e+00
3.928691645309999876e+04	1.236713473835139965e+00
3.928711145309999847e+04	1.290484099279002095e+00
3.928730645309999818e+04	1.271170386946087305e+00
3.928750245310000173e+04	1.230672541270489972e+00
3.928769745310000144e+04	1.224941801519360496e+00
3.928789245310000115e+04	1.261725561145894403e+00
3.928808745310000086e+04	1.270142955182468114e+00
3.928828345309999713e+04	1.221991295022764490e+00
3.928847845309999684e+04	1.268905248103695982e+00
3.928867345309999655e+04	1.241915085264238883e+00
3.928886945310000010e+04	1.235009402404250167e+00
3.928906445309999981e+04	1.222251947748562273e+00
3.928925945309999952e+04	1.282212631312562579e+00
3.928945545310000307e+04	1.287339170613211792e+00
3.928965045310000278e+04	1.267956767004836394e+00
3.928984545310000249e+04	1.246081661652468142e+00
3.929004145309999876e+04	1.255207453378515581e+00
3.929023645309999847e+04	1.227997424207412536e+00
3.929043145309999818e+04	1.226717207516067276e+00
3.929062745310000173e+04	1.249612851080515341e+00
3.929082245310000144e+04	1.263028649545656634e+00
3.929101745310000115e+04	1.273563209213097736e+00
3.929121245310000086e+04	1.239542816270340353e+00
3.929140845309999713e+04	1.244319549960984261e+00
3.929160345309999684e+04	1.259498353498791801e+00
3.929179845309999655e+04	1.301957793522859674e+00
3.929199445310000010e+04	1.276050168246403160e+00
3.929218945309999981e+04	1.287007787634738776e+00
3.929238445309999952e+04	1.239246557178361741e+00
3.929258045310000307e+04	1.278357988863504602e+00
3.929277545310000278e+04	1.248280598173586498e+00
3.929297045310000249e+04	1.276100057390934239e+00
3.929316645309999876e+04	1.301088746479502234e+00
