# time(sec)	crack length FEA(mm)
2.790625045310000132e+04	1.037406075238935799e+00
2.790644545310000103e+04	1.013853329453889174e+00
2.790664045310000074e+04	1.010609063048670819e+00
2.790683545310000045e+04	1.084636304711608545e+00
2.790703145310000036e+04	1.050915272021899938e+00
2.790722645310000007e+04	1.028868343641896388e+00
2.790742145309999978e+04	1.014270713230580157e+00
2.790761745309999969e+04	1.072721208623782729e+00
2.790781245309999940e+04	1.037922705928046696e+00
2.790800745309999911e+04	1.071763706178064268e+00
2.790820345309999902e+04	1.070699226936380200e+00
2.790839845309999873e+04	1.041802390551904267e+00
2.790859345309999844e+04	1.008357111837415943e+00
2.790878945309999835e+04	1.028002193925141583e+00
2.790898445309999806e+04	1.021442551431718471e+00
2.790917945310000141e+04	1.083784284824647060e+00
2.790937545310000132e+04	1.049949375025143183e+00
2.790957045310000103e+04	1.037005455458732683e+00
2.790976545310000074e+04	1.045399200299051756e+00
2.790996045310000045e+04	1.013105031959881330e+00
2.791015645310000036e+04	1.026592999263492345e+00
2.791035145310000007e+04	1.026506462104741502e+00
2.791054645309999978e+04	1.082130359553513443e+00
2.791074245309999969e+04	1.047433104266175974e+00
2.791093745309999940e+04	1.049263478880998690e+00
2.791113245309999911e+04	1.085071123364045320e+00
2.791132845309999902e+04	1.040295490676054868e+00
2.791152345309999873e+04	1.076035696584780155e+00
2.791171845309999844e+04	1.073995503057073364e+00
2.791191445309999835e+04	1.079430718843315873e+00
2.791210945309999806e+04	1.041352680681612242e+00
2.791230445310000141e+04	1.029294211787956215e+00
2.791250045310000132e+04	1.084310795429786367e+00
2.791269545310000103e+04	1.045369594112807832e+00
2.791289045310000074e+04	1.033294725245831103e+00
2.791308545310000045e+04	1.060076144288020217e+00
2.791328145310000036e+04	1.049889234215404699e+00
2.791347645310000007e+04	1.026051008104722939e+00
2.791367145309999978e+04	1.043335514099092975e+00
2.791386745309999969e+04	1.049454900300037963e+00
2.791406245309999940e+04	1.021202640476339241e+00
2.791425745309999911e+04	1.008513844121914360e+00
2.791445345309999902e+04	9.990272889642142218e-01
2.791464845309999873e+04	1.022646115381814269e+00
2.791484345309999844e+04	1.018370097726524648e+00
2.791503945309999835e+04	1.024433521198959696e+00
2.791523445309999806e+04	1.068202705914123030e+00
2.791542945310000141e+04	1.009748839728210612e+00
2.791562545310000132e+04	1.024590053945519941e+00
2.791582045310000103e+04	1.043264359043973855e+00
2.791601545310000074e+04	1.008968597261599598e+00
2.791621045310000045e+04	1.017906678498581741e+00
2.791640645310000036e+04	9.816008932099489215e-01
2.791660145310000007e+04	1.039151856510452276e+00
2.791679645309999978e+04	9.751370960594627491e-01
2.791699245309999969e+04	9.996905230652846086e-01
2.791718745309999940e+04	9.913959010812867234e-01
2.791738245309999911e+04	1.033278269019513473e+00
2.791757845309999902e+04	1.009638144555800920e+00
2.791777345309999873e+04	1.016400527423515499e+00
2.791796845309999844e+04	9.952920041765427328e-01
2.791816445309999835e+04	9.497191766263402002e-01
2.791835945309999806e+04	9.864802899885649623e-01
2.791855445310000141e+04	1.013984709665983530e+00
2.791875045310000132e+04	1.032469266939441965e+00
2.791894545310000103e+04	9.792826850719311693e-01
2.791914045310000074e+04	1.038756624850867283e+00
2.791933545310000045e+04	1.012375346391367614e+00
2.791953145310000036e+04	1.011476879240875704e+00
2.791972645310000007e+04	1.067031957810815612e+00
2.791992145309999978e+04	1.055929338819192154e+00
2.792011745309999969e+04	1.079188105941742748e+00
2.792031245309999940e+04	1.021481877781884151e+00
2.792050745309999911e+04	9.982544186308359713e-01
2.792070345309999902e+04	1.040087450168991623e+00
2.792089845309999873e+04	1.000559959974999913e+00
2.792109345309999844e+04	1.039995603421012049e+00
2.792128945309999835e+04	1.012366593417450389e+00
2.792148445309999806e+04	1.056667557567870119e+00
2.792167945310000141e+04	1.025593193766534128e+00
2.792187545310000132e+04	1.022261805651357491e+00
2.792207045310000103e+04	1.065738602986645134e+00
2.792226545310000074e+04	1.022316559582048257e+00
2.792246045310000045e+04	1.014985095459703501e+00
2.792265645310000036e+04	1.033677822986724948e+00
2.792285145310000007e+04	1.078036482145357411e+00
2.792304645309999978e+04	9.978652901031779265e-01
2.792324245309999969e+04	1.034949881521761483e+00
2.792343745309999940e+04	1.078450585073539969e+00
2.792363245309999911e+04	1.007797103221761859e+00
2.792382845309999902e+04	1.040984935036773251e+00
2.792402345309999873e+04	1.042953605416450102e+00
2.792421845309999844e+04	1.042723780482512907e+00
2.792441445309999835e+04	1.046200057185966870e+00
2.792460945309999806e+04	9.949849581929726128e-01
2.792480445310000141e+04	1.050789545063601338e+00
2.792500045310000132e+04	1.026676243951659018e+00
2.792519545310000103e+04	1.066219686974941183e+00
2.792539045310000074e+04	1.017835541674713795e+00
2.792558545310000045e+04	1.018857595638371194e+00
2.792578145310000036e+04	1.045376267256409974e+00
2.792597645310000007e+04	1.051847303432044356e+00
2.792617145309999978e+04	1.091070508951709428e+00
2.792636745309999969e+04	1.011085706994025557e+00
2.792656245309999940e+04	1.022064615197269433e+00
2.792675745309999911e+04	1.061452836073794259e+00
2.792695345309999902e+04	1.062974834640531441e+00
2.792714845309999873e+04	1.043747964846357235e+00
2.792734345309999844e+04	1.067657246623374689e+00
2.792753945309999835e+04	1.032241503879040678e+00
2.792773445309999806e+04	1.032574308047697897e+00
2.792792945310000141e+04	1.069787650124965239e+00
2.792812545310000132e+04	1.027985734048579403e+00
2.792832045310000103e+04	1.049622263570315184e+00
2.792851545310000074e+04	1.032375133915069298e+00
2.792871045310000045e+04	1.001801863690527483e+00
2.792890645310000036e+04	1.029217653896196794e+00
2.792910145310000007e+04	1.036662934784395418e+00
2.792929645309999978e+04	1.016629476789741915e+00
2.792949245309999969e+04	1.071757228189390787e+00
2.792968745309999940e+04	1.054830047568689366e+00
2.792988245309999911e+04	1.076866217597881814e+00
2.793007845309999902e+04	1.023626382933107593e+00
2.793027345309999873e+04	1.074940806332218557e+00
2.793046845309999844e+04	1.022727210059585445e+00
2.793066445309999835e+04	1.074316741410132892e+00
2.793085945309999806e+04	1.054699925556985107e+00
2.793105445310000141e+04	1.018760115670744426e+00
2.793125045310000132e+04	1.060525594953723783e+00
2.793144545310000103e+04	1.009131914689140430e+00
2.793164045310000074e+04	1.030330070469950954e+00
2.793183545310000045e+04	1.049389213889131867e+00
2.793203145310000036e+04	1.046150903149003497e+00
2.793222645310000007e+04	1.075330838599402483e+00
2.793242145309999978e+04	1.014590686835262545e+00
2.793261745309999969e+04	1.096481098205071447e+00
2.793281245309999940e+04	1.012269086953534014e+00
2.793300745309999911e+04	1.039527151301044228e+00
2.793320345309999902e+04	1.074175742526595201e+00
2.793339845309999873e+04	1.046311616737053640e+00
2.793359345309999844e+04	1.046406916563547895e+00
2.793378945309999835e+04	1.073122261053038429e+00
2.793398445309999806e+04	1.043526983120354856e+00
2.793417945310000141e+04	1.014849297663481309e+00
2.793437545310000132e+04	1.049373896431092135e+00
2.793457045310000103e+04	1.029436605051362363e+00
2.793476545310000074e+04	1.020043789576217108e+00
2.793496045310000045e+04	1.049636453215219589e+00
2.793515645310000036e+04	1.055304775496800573e+00
2.793535145310000007e+04	1.037544001214801170e+00
2.793554645309999978e+04	1.014337625712375512e+00
2.793574245309999969e+04	1.046390469382032506e+00
2.793593745309999940e+04	1.039640998327858057e+00
2.793613245309999911e+04	1.067362022955919088e+00
2.793632845309999902e+04	1.054183752252374262e+00
2.793652345309999873e+04	1.068645336615674069e+00
2.793671845309999844e+04	1.070582335990977185e+00
2.793691445309999835e+04	1.039452694487518869e+00
2.793710945309999806e+04	1.087795174225568928e+00
2.793730445310000141e+04	1.011921693411345302e+00
2.793750045310000132e+04	1.030271949210522564e+00
2.793769545310000103e+04	1.043150529313471964e+00
2.793789045310000074e+04	1.048849995851707462e+00
2.793808545310000045e+04	1.045229551654252020e+00
2.793828145310000036e+04	1.036569852554443116e+00
2.793847645310000007e+04	1.085935107145951761e+00
2.793867145309999978e+04	1.032819558897667633e+00
2.793886745309999969e+04	1.028146758181884834e+00
2.793906245309999940e+04	1.087152963219361723e+00
2.793925745309999911e+04	1.053271449192516585e+00
2.793945345309999902e+04	1.022510361145759106e+00
2.793964845309999873e+04	1.059912141996132817e+00
2.793984345309999844e+04	1.088568525253453600e+00
2.794003945309999835e+04	1.042642847739159606e+00
2.794023445309999806e+04	1.059897864538147161e+00
2.794042945310000141e+04	1.099596946488317073e+00
2.794062545310000132e+04	1.085903393265695627e+00
2.794082045310000103e+04	1.084239762688312680e+00
2.794101545310000074e+04	1.047154170538867390e+00
2.794121045310000045e+04	1.074479611917041666e+00
2.794140645310000036e+04	1.007950544440367580e+00
2.794160145310000007e+04	1.053351312338232759e+00
2.794179645309999978e+04	1.090353056632002549e+00
2.794199245309999969e+04	1.080800754867103919e+00
2.794218745309999940e+04	1.051160428286522119e+00
2.794238245309999911e+04	1.037218976014697702e+00
2.794257845309999902e+04	1.068969933493495006e+00
2.794277345309999873e+04	1.047962674650301906e+00
2.794296845309999844e+04	1.013846741601877710e+00
2.794316445309999835e+04	1.052316547109144906e+00
2.794335945309999806e+04	1.097217028545570017e+00
2.794355445310000141e+04	1.046114812931151050e+00
2.794375045310000132e+04	1.025290958120830709e+00
2.794394545310000103e+04	1.074314582312354105e+00
2.794414045310000074e+04	1.047380569490844238e+00
2.794433545310000045e+04	1.035017676351008831e+00
2.794453145310000036e+04	1.049593790283873673e+00
2.794472645310000007e+04	1.072101497985403995e+00
2.794492145309999978e+04	1.048905722505427462e+00
2.794511745309999969e+04	1.051055281082852844e+00
2.794531245309999940e+04	1.031089771907467423e+00
2.794550745309999911e+04	1.021166512500093049e+00
2.794570345309999902e+04	1.036718689925972825e+00
2.794589845309999873e+04	1.039516246024705382e+00
2.794609345309999844e+04	1.059330422585610165e+00
2.794628945309999835e+04	1.084920335836475402e+00
2.794648445309999806e+04	1.083373559050883728e+00
2.794667945310000141e+04	1.050241431674701076e+00
2.794687545310000132e+04	1.045992256158591260e+00
2.794707045310000103e+04	1.070138520725386400e+00
2.794726545310000074e+04	1.069294713733338398e+00
2.794746045310000045e+04	1.042247767930298608e+00
2.794765645310000036e+04	1.034079627041773364e+00
2.794785145310000007e+04	1.042565110687554863e+00
2.794804645309999978e+04	1.024676598052266741e+00
2.794824245309999969e+04	1.034947624825104384e+00
2.794843745309999940e+04	1.055133036503047350e+00
2.794863245309999911e+04	1.034172624956521958e+00
2.794882845309999902e+04	1.075368011016164971e+00
2.794902345309999873e+04	1.016261349979048489e+00
2.794921845309999844e+04	1.050676784895616223e+00
2.794941445309999835e+04	1.073082832040675783e+00
2.794960945309999806e+04	1.027294785219027062e+00
2.794980445310000141e+04	1.063954478783326607e+00
2.795000045310000132e+04	1.031864965959034208e+00
2.795019545310000103e+04	1.087646655676035579e+00
2.795039045310000074e+04	1.028704126553613207e+00
2.795058545310000045e+04	1.034147424344045163e+00
2.795078145310000036e+04	1.096834857802297947e+00
2.795097645310000007e+04	1.009357639186417188e+00
2.795117145309999978e+04	1.016202159325818144e+00
2.795136745309999969e+04	1.062732147896895185e+00
2.795156245309999940e+04	1.045620164673985997e+00
2.795175745309999911e+04	1.040906158519540270e+00
2.795195345309999902e+04	1.048140949735323346e+00
2.795214845309999873e+04	1.042421855771461736e+00
2.795234345309999844e+04	1.036947444479936919e+00
2.795253945309999835e+04	1.069682772894061884e+00
2.795273445309999806e+04	1.046771195229418083e+00
2.795292945310000141e+04	1.052037670522947721e+00
2.795312545310000132e+04	1.060946483489026093e+00
2.795332045310000103e+04	1.074847873513400387e+00
2.795351545310000074e+04	1.051486391066411841e+00
2.795371045310000045e+04	1.001002811654124969e+00
2.795390645310000036e+04	1.047155298309830229e+00
2.795410145310000007e+04	1.106080633836107552e+00
2.795429645309999978e+04	1.038946062346067123e+00
2.795449245309999969e+04	1.089584172873408363e+00
2.795468745309999940e+04	1.056242084066871811e+00
2.795488245309999911e+04	1.082942087600821779e+00
2.795507845309999902e+04	1.065084809011514366e+00
2.795527345309999873e+04	1.075315631684897966e+00
2.795546845309999844e+04	1.032198903858018824e+00
2.795566445309999835e+04	1.079398996291146773e+00
2.795585945309999806e+04	1.096150311337369843e+00
2.795605445310000141e+04	1.087998388880993872e+00
2.795625045310000132e+04	1.075504684857435223e+00
2.795644545310000103e+04	1.080463086510018655e+00
2.795664045310000074e+04	1.039813883070877409e+00
2.795683545310000045e+04	1.083884783471468438e+00
2.795703145310000036e+04	1.055740036231895829e+00
2.795722645310000007e+04	1.062878567942533437e+00
2.795742145309999978e+04	1.081448580435795392e+00
2.795761745309999969e+04	1.086284613824268774e+00
2.795781245309999940e+04	1.107684897821275882e+00
2.795800745309999911e+04	1.048289808879804497e+00
2.795820345309999902e+04	1.134264013884422440e+00
2.795839845309999873e+04	1.083403118030833667e+00
2.795859345309999844e+04	1.118833287423093736e+00
2.795878945309999835e+04	1.085420642737611630e+00
2.795898445309999806e+04	1.075451085525589434e+00
2.795917945310000141e+04	1.093438004306774403e+00
2.795937545310000132e+04	1.081427840530830409e+00
2.795957045310000103e+04	1.107398982470936488e+00
2.795976545310000074e+04	1.054422204287517317e+00
2.795996045310000045e+04	1.073105832305822460e+00
2.796015645310000036e+04	1.091442922711733488e+00
2.796035145310000007e+04	1.093328916532428252e+00
2.796054645309999978e+04	1.087143205606492913e+00
2.796074245309999969e+04	1.135043344049302405e+00
2.796093745309999940e+04	1.130582472706924690e+00
2.796113245309999911e+04	1.085397748202947099e+00
2.796132845309999902e+04	1.099884174782900459e+00
2.796152345309999873e+04	1.127565569112562116e+00
2.796171845309999844e+04	1.119929437086346624e+00
2.796191445309999835e+04	1.086031280636706953e+00
2.796210945309999806e+04	1.105993353818359282e+00
2.796230445310000141e+04	1.105070003465788986e+00
2.796250045310000132e+04	1.065987926469835756e+00
2.796269545310000103e+04	1.097535890230602718e+00
2.796289045310000074e+04	1.076282659466258451e+00
2.796308545310000045e+04	1.130978241913124904e+00
2.796328145310000036e+04	1.072107975880394193e+00
2.796347645310000007e+04	1.091229981552929829e+00
2.796367145309999978e+04	1.142031731966925534e+00
2.796386745309999969e+04	1.041849485513900220e+00
2.796406245309999940e+04	1.086960718743700482e+00
2.796425745309999911e+04	1.141088065064776558e+00
2.796445345309999902e+04	1.082382702025268983e+00
2.796464845309999873e+04	1.141397538778214482e+00
2.796484345309999844e+04	1.072678493137768641e+00
2.796503945309999835e+04	1.076805018349649146e+00
2.796523445309999806e+04	1.093209791735931802e+00
2.796542945310000141e+04	1.049411109379544627e+00
2.796562545310000132e+04	1.114205645697104785e+00
2.796582045310000103e+04	1.068325148492768051e+00
2.796601545310000074e+04	1.086515144680097578e+00
2.796621045310000045e+04	1.030286244420143049e+00
2.796640645310000036e+04	1.098238965132047440e+00
2.796660145310000007e+04	1.029492377082155130e+00
2.796679645309999978e+04	1.074063186892896482e+00
2.796699245309999969e+04	1.060560536217618477e+00
2.796718745309999940e+04	1.049086245897179026e+00
2.796738245309999911e+04	1.074614037916648002e+00
2.796757845309999902e+04	9.845102574309638754e-01
2.796777345309999873e+04	1.063534676477459584e+00
2.796796845309999844e+04	1.033612187138876592e+00
2.796816445309999835e+04	1.083039305426520826e+00
2.796835945309999806e+04	1.053353567293754622e+00
2.796855445310000141e+04	1.090168530549643577e+00
2.796875045310000132e+04	1.076350524529846808e+00
2.796894545310000103e+04	1.049736062405223436e+00
2.796914045310000074e+04	1.029267971457144881e+00
2.796933545310000045e+04	9.967436378298977218e-01
2.796953145310000036e+04	1.051695271760955563e+00
2.796972645310000007e+04	1.081375474536487857e+00
2.796992145309999978e+04	1.067527100763090431e+00
2.797011745309999969e+04	1.079793366552738831e+00
2.797031245309999940e+04	1.066377072482556088e+00
2.797050745309999911e+04	1.070634631850351681e+00
2.797070345309999902e+04	1.028591355974306509e+00
2.797089845309999873e+04	1.051461114780831707e+00
2.797109345309999844e+04	1.093482839893486158e+00
2.797128945309999835e+04	1.067275727560268450e+00
2.797148445309999806e+04	1.107188340337604160e+00
2.797167945310000141e+04	1.038312404476320339e+00
2.797187545310000132e+04	1.060908349284053642e+00
2.797207045310000103e+04	1.094048436372824895e+00
2.797226545310000074e+04	1.069104484503311525e+00
2.797246045310000045e+04	1.061082113023841700e+00
2.797265645310000036e+04	1.079038407385455756e+00
2.797285145310000007e+04	1.014947734673835811e+00
2.797304645309999978e+04	1.078564246244230418e+00
2.797324245309999969e+04	1.048551343875416819e+00
2.797343745309999940e+04	1.068154536230160545e+00
2.797363245309999911e+04	1.037492572876690389e+00
2.797382845309999902e+04	1.069147018614113875e+00
2.797402345309999873e+04	1.043874950866552354e+00
2.797421845309999844e+04	1.060443501567524649e+00
2.797441445309999835e+04	1.086462696057390431e+00
2.797460945309999806e+04	1.111100429578453230e+00
2.797480445310000141e+04	1.016642556855769541e+00
2.797500045310000132e+04	1.050516100734524727e+00
2.797519545310000103e+04	1.053185102737392853e+00
2.797539045310000074e+04	1.036111205717457295e+00
2.797558545310000045e+04	1.034894028216726269e+00
2.797578145310000036e+04	1.011080247855753456e+00
2.797597645310000007e+04	1.047643242209792547e+00
2.797617145309999978e+04	1.043095823172045300e+00
2.797636745309999969e+04	1.031948098218729015e+00
2.797656245309999940e+04	1.068310876077372740e+00
2.797675745309999911e+04	1.060084879773615540e+00
2.797695345309999902e+04	1.007896887193753699e+00
2.797714845309999873e+04	1.033835423511584750e+00
2.797734345309999844e+04	1.025758561043492278e+00
2.797753945309999835e+04	1.028778522865911427e+00
2.797773445309999806e+04	1.028233289393527983e+00
2.797792945310000141e+04	1.034624726944461059e+00
2.797812545310000132e+04	1.018675714257655684e+00
2.797832045310000103e+04	1.023918762044676356e+00
2.797851545310000074e+04	1.026173573305136699e+00
2.797871045310000045e+04	1.061843089346607982e+00
2.797890645310000036e+04	1.046002124633691466e+00
2.797910145310000007e+04	1.011738723879309632e+00
2.797929645309999978e+04	1.094420803492221594e+00
2.797949245309999969e+04	1.036594016360155024e+00
2.797968745309999940e+04	1.018505875504448710e+00
2.797988245309999911e+04	1.019710810648103205e+00
2.798007845309999902e+04	1.002831194680142701e+00
2.798027345309999873e+04	1.075466386222823090e+00
2.798046845309999844e+04	1.032462684222540616e+00
2.798066445309999835e+04	1.065029120186109068e+00
2.798085945309999806e+04	1.027341908828152128e+00
2.798105445310000141e+04	1.023366832323720388e+00
2.798125045310000132e+04	1.026077251972651538e+00
2.798144545310000103e+04	9.824226449325390575e-01
2.798164045310000074e+04	1.019949607535995284e+00
2.798183545310000045e+04	9.882275358086740624e-01
2.798203145310000036e+04	1.035185140977272766e+00
2.798222645310000007e+04	1.019477468592565828e+00
2.798242145309999978e+04	1.044999748656344707e+00
2.798261745309999969e+04	1.012723674502550963e+00
2.798281245309999940e+04	1.030758075579099042e+00
2.798300745309999911e+04	1.040209003202603455e+00
2.798320345309999902e+04	1.053387391601001255e+00
2.798339845309999873e+04	1.046597233124366255e+00
2.798359345309999844e+04	1.019774414780654226e+00
2.798378945309999835e+04	1.028457704747864909e+00
2.798398445309999806e+04	9.843512004709804586e-01
2.798417945310000141e+04	1.032323694433145533e+00
2.798437545310000132e+04	1.041788196243720321e+00
2.798457045310000103e+04	9.954937481948782363e-01
2.798476545310000074e+04	1.029985196782448043e+00
2.798496045310000045e+04	1.031443375617651981e+00
2.798515645310000036e+04	9.705946170950934260e-01
2.798535145310000007e+04	9.824873849528152903e-01
2.798554645309999978e+04	1.035637223777962745e+00
2.798574245309999969e+04	1.034999058650097226e+00
2.798593745309999940e+04	1.030229251625531361e+00
2.798613245309999911e+04	1.047042614930386861e+00
2.798632845309999902e+04	1.063115805951808213e+00
2.798652345309999873e+04	1.007158287656423568e+00
2.798671845309999844e+04	1.043441635312579052e+00
2.798691445309999835e+04	1.019336239087532903e+00
2.798710945309999806e+04	1.086156915469567608e+00
2.798730445310000141e+04	1.046646574206949509e+00
2.798750045310000132e+04	1.057646333848371256e+00
2.798769545310000103e+04	1.016504510042327780e+00
2.798789045310000074e+04	1.030325650249695357e+00
2.798808545310000045e+04	1.026172538605385043e+00
2.798828145310000036e+04	1.016450872005901118e+00
2.798847645310000007e+04	1.032658660330740830e+00
2.798867145309999978e+04	1.019326453667835253e+00
2.798886745309999969e+04	1.047218735340829099e+00
2.798906245309999940e+04	1.059135792800567799e+00
2.798925745309999911e+04	1.032425444818450444e+00
2.798945345309999902e+04	1.046880590522187404e+00
2.798964845309999873e+04	1.059468127834005458e+00
2.798984345309999844e+04	1.077708629906497961e+00
2.799003945309999835e+04	1.061951382322465776e+00
2.799023445309999806e+04	1.031428140672204563e+00
2.799042945310000141e+04	1.053229920250974061e+00
2.799062545310000132e+04	1.015594152724304422e+00
2.799082045310000103e+04	1.049427554477144753e+00
2.799101545310000074e+04	1.069304572561190270e+00
2.799121045310000045e+04	1.053458516446015736e+00
2.799140645310000036e+04	1.078618870990252887e+00
2.799160145310000007e+04	1.034701361519584140e+00
2.799179645309999978e+04	1.030870835919950324e+00
2.799199245309999969e+04	1.037128058424647392e+00
2.799218745309999940e+04	1.029770482885517424e+00
2.799238245309999911e+04	1.049511847170725432e+00
2.799257845309999902e+04	1.017800443666349253e+00
2.799277345309999873e+04	1.045020614296047867e+00
2.799296845309999844e+04	1.059154391661483174e+00
2.799316445309999835e+04	1.053097628479623182e+00
2.799335945309999806e+04	1.034718851093636260e+00
2.799355445310000141e+04	1.038274046011496310e+00
2.799375045310000132e+04	1.048346664557719521e+00
2.799394545310000103e+04	1.022649502172011893e+00
2.799414045310000074e+04	1.035281519580717458e+00
2.799433545310000045e+04	1.002892584040981916e+00
2.799453145310000036e+04	1.017826790701583661e+00
2.799472645310000007e+04	1.034673998773163461e+00
2.799492145309999978e+04	1.063455880544260879e+00
2.799511745309999969e+04	1.078831925072808673e+00
2.799531245309999940e+04	1.077082572574234121e+00
2.799550745309999911e+04	1.042986504510007961e+00
2.799570345309999902e+04	1.027599252884455083e+00
2.799589845309999873e+04	1.049254739427532002e+00
2.799609345309999844e+04	1.052876639450872176e+00
2.799628945309999835e+04	1.034919134011429875e+00
2.799648445309999806e+04	1.056545055046804293e+00
2.799667945310000141e+04	1.089351607845063796e+00
2.799687545310000132e+04	1.055871279922538264e+00
2.799707045310000103e+04	1.034799904758683553e+00
2.799726545310000074e+04	1.046981339007572842e+00
2.799746045310000045e+04	1.049317137175609815e+00
2.799765645310000036e+04	1.016195666224561478e+00
2.799785145310000007e+04	1.083972238531059062e+00
2.799804645309999978e+04	1.061334678707597234e+00
2.799824245309999969e+04	1.031974429643298663e+00
2.799843745309999940e+04	1.047742765750477645e+00
2.799863245309999911e+04	1.084345701798330452e+00
2.799882845309999902e+04	1.060602052383899263e+00
2.799902345309999873e+04	1.059459392122249710e+00
2.799921845309999844e+04	1.095677616699290979e+00
2.799941445309999835e+04	1.068942703957269202e+00
2.799960945309999806e+04	1.071102472820824048e+00
2.799980445310000141e+04	1.017671248676403906e+00
2.800000045310000132e+04	1.079407724689895431e+00
2.800019545310000103e+04	1.081701023983566046e+00
2.800039045310000074e+04	1.069046551607650386e+00
2.800058545310000045e+04	1.067299672451129666e+00
2.800078145310000036e+04	1.075003136827600514e+00
2.800097645310000007e+04	1.061718547119529177e+00
2.800117145309999978e+04	1.035056040052516835e+00
2.800136745309999969e+04	1.055332114576899016e+00
2.800156245309999940e+04	1.038571698559378476e+00
2.800175745309999911e+04	1.026704650547166864e+00
2.800195345309999902e+04	1.020252945765554031e+00
2.800214845309999873e+04	1.046725331761459543e+00
2.800234345309999844e+04	1.041104227381921987e+00
2.800253945309999835e+04	1.013015151863690733e+00
2.800273445309999806e+04	1.053455227983622677e+00
2.800292945310000141e+04	1.057178228469917158e+00
2.800312545310000132e+04	1.057549012275320166e+00
2.800332045310000103e+04	1.060161432547964466e+00
2.800351545310000074e+04	1.020554210254990934e+00
2.800371045310000045e+04	1.080279609893100456e+00
2.800390645310000036e+04	1.079783605920720646e+00
2.800410145310000007e+04	1.058143832513360749e+00
2.800429645309999978e+04	1.072111355650990916e+00
2.800449245309999969e+04	1.099321905498049645e+00
2.800468745309999940e+04	1.057133418381823731e+00
2.800488245309999911e+04	1.098623176415099323e+00
2.800507845309999902e+04	1.084521640376191698e+00
2.800527345309999873e+04	1.029165078985531778e+00
2.800546845309999844e+04	1.046113685110963587e+00
2.800566445309999835e+04	1.047702260941283825e+00
2.800585945309999806e+04	1.055239199156208230e+00
