# time(sec)	crack length FEA(mm)
3.821797045310000249e+04	1.233322458301254088e+00
3.821816645309999876e+04	1.244036306197413566e+00
3.821836145309999847e+04	1.232531160493561373e+00
3.821855645309999818e+04	1.240712621094893109e+00
3.821875245310000173e+04	1.211726995050160127e+00
3.821894745310000144e+04	1.205858996403591732e+00
3.821914245310000115e+04	1.245984924607839162e+00
3.821933745310000086e+04	1.225330585257335514e+00
3.821953345309999713e+04	1.231164370172173506e+00
3.821972845309999684e+04	1.235514100838006613e+00
3.821992345309999655e+04	1.226415377402783946e+00
3.822011945310000010e+04	1.236665645529642532e+00
3.822031445309999981e+04	1.259291297145974653e+00
3.822050945309999952e+04	1.243836663434137790e+00
3.822070545310000307e+04	1.247675249445414636e+00
3.822090045310000278e+04	1.244705870698421535e+00
3.822109545310000249e+04	1.244792640540708817e+00
3.822129145309999876e+04	1.194303650563986352e+00
3.822148645309999847e+04	1.263262959390871742e+00
3.822168145309999818e+04	1.250521818621328052e+00
3.822187745310000173e+04	1.244455252249219157e+00
3.822207245310000144e+04	1.186170183063357086e+00
3.822226745310000115e+04	1.234830289204486675e+00
3.822246245310000086e+04	1.251131473456997156e+00
3.822265845309999713e+04	1.197648072279932308e+00
3.822285345309999684e+04	1.224164308104649379e+00
3.822304845309999655e+04	1.194182977298456905e+00
3.822324445310000010e+04	1.269271520844124979e+00
3.822343945309999981e+04	1.237859552728206580e+00
3.822363445309999952e+04	1.216061740736458674e+00
3.822383045310000307e+04	1.263994650439741463e+00
3.822402545310000278e+04	1.214819043840922319e+00
3.822422045310000249e+04	1.184113275809991706e+00
3.822441645309999876e+04	1.209130096626850559e+00
3.822461145309999847e+04	1.187129526060440199e+00
3.822480645309999818e+04	1.199721170631868006e+00
3.822500245310000173e+04	1.207557612957643300e+00
3.822519745310000144e+04	1.254673830727774941e+00
3.822539245310000115e+04	1.189002319010743491e+00
3.822558745310000086e+04	1.219777776488648158e+00
3.822578345309999713e+04	1.221915169703482462e+00
3.822597845309999684e+04	1.249055153481279490e+00
3.822617345309999655e+04	1.229126579964239241e+00
3.822636945310000010e+04	1.213004665416379524e+00
3.822656445309999981e+04	1.222181327376727467e+00
3.822675945309999952e+04	1.177406108240157678e+00
3.822695545310000307e+04	1.225326201215393596e+00
3.822715045310000278e+04	1.203286474350830915e+00
3.822734545310000249e+04	1.215769479091699523e+00
3.822754145309999876e+04	1.215223111809734746e+00
3.822773645309999847e+04	1.212395144080261389e+00
3.822793145309999818e+04	1.249766786338469160e+00
3.822812745310000173e+04	1.197841475769074293e+00
3.822832245310000144e+04	1.195974706467550774e+00
3.822851745310000115e+04	1.231912445207314022e+00
3.822871245310000086e+04	1.250122548116257448e+00
3.822890845309999713e+04	1.183467126697401284e+00
3.822910345309999684e+04	1.223534459021522025e+00
3.822929845309999655e+04	1.224765876638025830e+00
3.822949445310000010e+04	1.204412424848966268e+00
3.822968945309999981e+04	1.202399493796811214e+00
3.822988445309999952e+04	1.186926131405140694e+00
3.823008045310000307e+04	1.187349175374610155e+00
3.823027545310000278e+04	1.251498022811691868e+00
3.823047045310000249e+04	1.194766817230082268e+00
3.823066645309999876e+04	1.214812511507481929e+00
3.823086145309999847e+04	1.203981003558499907e+00
3.823105645309999818e+04	1.202843081603127473e+00
3.823125245310000173e+04	1.172885617754165111e+00
3.823144745310000144e+04	1.212195326663600525e+00
3.823164245310000115e+04	1.228425142494122824e+00
3.823183745310000086e+04	1.227339416802369243e+00
3.823203345309999713e+04	1.239476629068075653e+00
3.823222845309999684e+04	1.222954501654527348e+00
3.823242345309999655e+04	1.182855815074521644e+00
3.823261945310000010e+04	1.186068995707961093e+00
3.823281445309999981e+04	1.230485841303575967e+00
3.823300945309999952e+04	1.230075506512333661e+00
3.823320545310000307e+04	1.232243485548409012e+00
3.823340045310000278e+04	1.240812549136670384e+00
3.823359545310000249e+04	1.190266085475373714e+00
3.823379145309999876e+04	1.222211646584716149e+00
3.823398645309999847e+04	1.219230382366340848e+00
3.823418145309999818e+04	1.237593665151038635e+00
3.823437745310000173e+04	1.241442962267520045e+00
3.823457245310000144e+04	1.223789684254414922e+00
3.823476745310000115e+04	1.212768922236548974e+00
3.823496245310000086e+04	1.222148769168466487e+00
3.823515845309999713e+04	1.230189468390838314e+00
3.823535345309999684e+04	1.208959467704211477e+00
3.823554845309999655e+04	1.218926217199516771e+00
3.823574445310000010e+04	1.216068272724212918e+00
3.823593945309999981e+04	1.243666378564247665e+00
3.823613445309999952e+04	1.242076807354042245e+00
3.823633045310000307e+04	1.232496378587828900e+00
3.823652545310000278e+04	1.218238658853854517e+00
3.823672045310000249e+04	1.247716438999187716e+00
3.823691645309999876e+04	1.246116330323239652e+00
3.823711145309999847e+04	1.219587724778161686e+00
3.823730645309999818e+04	1.200936463315260383e+00
3.823750245310000173e+04	1.240536907046250192e+00
3.823769745310000144e+04	1.198764486357893233e+00
3.823789245310000115e+04	1.230181821211646209e+00
3.823808745310000086e+04	1.223333523178686377e+00
3.823828345309999713e+04	1.193163114157851368e+00
3.823847845309999684e+04	1.223373822426410129e+00
3.823867345309999655e+04	1.169582477700270573e+00
3.823886945310000010e+04	1.196275898644366009e+00
3.823906445309999981e+04	1.214230193377982658e+00
3.823925945309999952e+04	1.198673251486008340e+00
3.823945545310000307e+04	1.246657695502925378e+00
3.823965045310000278e+04	1.228407795152365978e+00
3.823984545310000249e+04	1.193434826661768255e+00
3.824004145309999876e+04	1.202606116558097682e+00
3.824023645309999847e+04	1.182645748979824774e+00
3.824043145309999818e+04	1.229963595784804298e+00
3.824062745310000173e+04	1.194685280380907599e+00
3.824082245310000144e+04	1.254380929356642582e+00
3.824101745310000115e+04	1.233540745894231350e+00
3.824121245310000086e+04	1.173864102358709971e+00
3.824140845309999713e+04	1.183830430062943861e+00
3.824160345309999684e+04	1.179613693121620344e+00
3.824179845309999655e+04	1.175833662537954183e+00
3.824199445310000010e+04	1.182201968876064768e+00
3.824218945309999981e+04	1.213367608251726182e+00
3.824238445309999952e+04	1.176272234256895644e+00
3.824258045310000307e+04	1.169688036474346049e+00
3.824277545310000278e+04	1.186383394522216861e+00
3.824297045310000249e+04	1.200401611509526845e+00
3.824316645309999876e+04	1.236572319453379976e+00
3.824336145309999847e+04	1.212347359779498035e+00
3.824355645309999818e+04	1.212643956864752681e+00
3.824375245310000173e+04	1.263486184844238025e+00
3.824394745310000144e+04	1.232204320454650670e+00
3.824414245310000115e+04	1.195282276780048392e+00
3.824433745310000086e+04	1.202241887872828485e+00
3.824453345309999713e+04	1.221977114834844613e+00
3.824472845309999684e+04	1.229422966233215675e+00
3.824492345309999655e+04	1.202289785992933346e+00
3.824511945310000010e+04	1.220568475937772845e+00
3.824531445309999981e+04	1.174804314374583214e+00
3.824550945309999952e+04	1.252141194129594126e+00
3.824570545310000307e+04	1.199355870285884862e+00
3.824590045310000278e+04	1.259058158641316538e+00
3.824609545310000249e+04	1.224450962227855655e+00
3.824629145309999876e+04	1.182477171458334197e+00
3.824648645309999847e+04	1.232522488334200972e+00
3.824668145309999818e+04	1.240706189144857419e+00
3.824687745310000173e+04	1.210207886609859784e+00
3.824707245310000144e+04	1.189942022883784034e+00
3.824726745310000115e+04	1.243871428612104424e+00
3.824746245310000086e+04	1.233243292416883463e+00
3.824765845309999713e+04	1.223120644991888994e+00
3.824785345309999684e+04	1.203779994583658919e+00
3.824804845309999655e+04	1.192563915868266378e+00
3.824824445310000010e+04	1.203852723992195450e+00
3.824843945309999981e+04	1.241401761746887544e+00
3.824863445309999952e+04	1.236136078079688616e+00
3.824883045310000307e+04	1.229132082449355678e+00
3.824902545310000278e+04	1.201541891984923893e+00
3.824922045310000249e+04	1.239664376507024102e+00
3.824941645309999876e+04	1.210001517017516903e+00
3.824961145309999847e+04	1.204057093365104691e+00
3.824980645309999818e+04	1.234394948014337245e+00
3.825000245310000173e+04	1.209911258921980703e+00
3.825019745310000144e+04	1.223509458740601019e+00
3.825039245310000115e+04	1.189030625578173073e+00
3.825058745310000086e+04	1.223145738970908170e+00
3.825078345309999713e+04	1.203910328512439065e+00
3.825097845309999684e+04	1.214207422954176607e+00
3.825117345309999655e+04	1.226558737860854009e+00
3.825136945310000010e+04	1.266522753373456212e+00
3.825156445309999981e+04	1.191502508334089327e+00
3.825175945309999952e+04	1.219485654155636922e+00
3.825195545310000307e+04	1.226495778755914756e+00
3.825215045310000278e+04	1.216702706749643426e+00
3.825234545310000249e+04	1.238561828320927205e+00
3.825254145309999876e+04	1.221877293534012310e+00
3.825273645309999847e+04	1.214687556952638303e+00
3.825293145309999818e+04	1.202473441237604135e+00
3.825312745310000173e+04	1.198368728037966235e+00
3.825332245310000144e+04	1.195100620366806865e+00
3.825351745310000115e+04	1.168927236090393507e+00
3.825371245310000086e+04	1.168369873749488974e+00
3.825390845309999713e+04	1.260430969370299081e+00
3.825410345309999684e+04	1.179521262814873239e+00
3.825429845309999655e+04	1.202214717551001399e+00
3.825449445310000010e+04	1.176655276818470597e+00
3.825468945309999981e+04	1.246172713401980658e+00
3.825488445309999952e+04	1.185646956611908109e+00
3.825508045310000307e+04	1.221152783475270454e+00
3.825527545310000278e+04	1.239054424920995601e+00
3.825547045310000249e+04	1.191183880614028467e+00
3.825566645309999876e+04	1.172949841687373151e+00
3.825586145309999847e+04	1.208114052278608241e+00
3.825605645309999818e+04	1.193470693599765653e+00
3.825625245310000173e+04	1.218380949339589847e+00
3.825644745310000144e+04	1.177302733636675924e+00
3.825664245310000115e+04	1.199112333584235301e+00
3.825683745310000086e+04	1.211888924229464592e+00
3.825703345309999713e+04	1.167764623785942035e+00
3.825722845309999684e+04	1.180363402648714199e+00
3.825742345309999655e+04	1.191067581827526922e+00
3.825761945310000010e+04	1.237830279137657641e+00
3.825781445309999981e+04	1.154737761597679935e+00
3.825800945309999952e+04	1.160452901911639856e+00
3.825820545310000307e+04	1.170213766386808629e+00
3.825840045310000278e+04	1.143762080401376835e+00
3.825859545310000249e+04	1.193265205196832213e+00
3.825879145309999876e+04	1.250364533871973549e+00
3.825898645309999847e+04	1.185710118133682656e+00
3.825918145309999818e+04	1.186956589328937994e+00
3.825937745310000173e+04	1.198677547096886897e+00
3.825957245310000144e+04	1.186645468199543529e+00
3.825976745310000115e+04	1.151523506121442608e+00
3.825996245310000086e+04	1.213894420722319012e+00
3.826015845309999713e+04	1.173070623342919561e+00
3.826035345309999684e+04	1.200425609135249871e+00
3.826054845309999655e+04	1.167410891823742247e+00
3.826074445310000010e+04	1.170988736243693040e+00
3.826093945309999981e+04	1.161178058782688538e+00
3.826113445309999952e+04	1.166205844538170666e+00
3.826133045310000307e+04	1.144247015832018377e+00
3.826152545310000278e+04	1.170569700318836226e+00
3.826172045310000249e+04	1.205767788926335626e+00
3.826191645309999876e+04	1.167710297333302449e+00
3.826211145309999847e+04	1.158762871929901905e+00
3.826230645309999818e+04	1.178909849202721460e+00
3.826250245310000173e+04	1.151332905059536671e+00
3.826269745310000144e+04	1.169226528922003183e+00
3.826289245310000115e+04	1.199087307431256022e+00
3.826308745310000086e+04	1.188270447016543940e+00
3.826328345309999713e+04	1.203220092011816789e+00
3.826347845309999684e+04	1.164664263340998929e+00
3.826367345309999655e+04	1.181367464050309124e+00
3.826386945310000010e+04	1.155564411751404563e+00
3.826406445309999981e+04	1.165478597295903640e+00
3.826425945309999952e+04	1.223409550637082788e+00
3.826445545310000307e+04	1.141602354610311565e+00
3.826465045310000278e+04	1.189802830611563778e+00
3.826484545310000249e+04	1.182126930061196290e+00
3.826504145309999876e+04	1.166369020900884124e+00
3.826523645309999847e+04	1.153045171839801597e+00
3.826543145309999818e+04	1.191234977169031595e+00
3.826562745310000173e+04	1.208363936967902674e+00
3.826582245310000144e+04	1.158100782810079110e+00
3.826601745310000115e+04	1.206445908561043723e+00
3.826621245310000086e+04	1.169826225194237068e+00
3.826640845309999713e+04	1.191732018516361791e+00
3.826660345309999684e+04	1.162476981552496014e+00
3.826679845309999655e+04	1.209200756054940484e+00
3.826699445310000010e+04	1.217941012375229448e+00
3.826718945309999981e+04	1.201103882141216772e+00
3.826738445309999952e+04	1.175853291880743612e+00
3.826758045310000307e+04	1.217609677977408822e+00
3.826777545310000278e+04	1.254931886487272052e+00
3.826797045310000249e+04	1.201333205724100850e+00
3.826816645309999876e+04	1.190334559360524125e+00
3.826836145309999847e+04	1.217373980781564669e+00
3.826855645309999818e+04	1.238677893359733773e+00
3.826875245310000173e+04	1.233024069599784056e+00
3.826894745310000144e+04	1.160136007092546606e+00
3.826914245310000115e+04	1.200875583448040018e+00
3.826933745310000086e+04	1.251319034884126324e+00
3.826953345309999713e+04	1.233800152102084269e+00
3.826972845309999684e+04	1.249298268393751243e+00
3.826992345309999655e+04	1.241461418585982912e+00
3.827011945310000010e+04	1.176484413308731547e+00
3.827031445309999981e+04	1.197434962401381142e+00
3.827050945309999952e+04	1.213104617574181532e+00
3.827070545310000307e+04	1.185674145985892380e+00
3.827090045310000278e+04	1.194418906033366312e+00
3.827109545310000249e+04	1.190636944391457064e+00
3.827129145309999876e+04	1.197521906234237932e+00
3.827148645309999847e+04	1.189874575455560191e+00
3.827168145309999818e+04	1.186783557902765907e+00
3.827187745310000173e+04	1.162564147493696964e+00
3.827207245310000144e+04	1.183259308682744759e+00
3.827226745310000115e+04	1.159074359843916824e+00
3.827246245310000086e+04	1.164127561927317700e+00
3.827265845309999713e+04	1.185418508575018848e+00
3.827285345309999684e+04	1.152850185516481218e+00
3.827304845309999655e+04	1.170218160665520202e+00
3.827324445310000010e+04	1.138653322737258833e+00
3.827343945309999981e+04	1.174111077555860305e+00
3.827363445309999952e+04	1.158447076997957126e+00
3.827383045310000307e+04	1.165882480835868762e+00
3.827402545310000278e+04	1.162088284887643042e+00
3.827422045310000249e+04	1.174350571859818615e+00
3.827441645309999876e+04	1.148151877339994797e+00
3.827461145309999847e+04	1.192962947190434164e+00
3.827480645309999818e+04	1.173471198956622885e+00
3.827500245310000173e+04	1.222341039197514689e+00
3.827519745310000144e+04	1.179158921314522601e+00
3.827539245310000115e+04	1.209458189805086903e+00
3.827558745310000086e+04	1.176020888415836296e+00
3.827578345309999713e+04	1.200756064234006715e+00
3.827597845309999684e+04	1.214165988192215551e+00
3.827617345309999655e+04	1.218406981407760270e+00
3.827636945310000010e+04	1.178698719981941423e+00
3.827656445309999981e+04	1.227785614046714713e+00
3.827675945309999952e+04	1.181544833833282127e+00
3.827695545310000307e+04	1.168428686801725291e+00
3.827715045310000278e+04	1.175552961154608056e+00
3.827734545310000249e+04	1.206812126142676078e+00
3.827754145309999876e+04	1.206954485510237873e+00
3.827773645309999847e+04	1.169841558669585169e+00
3.827793145309999818e+04	1.195807438084548480e+00
3.827812745310000173e+04	1.210385040072255336e+00
3.827832245310000144e+04	1.256999956861085010e+00
3.827851745310000115e+04	1.147928588602887601e+00
3.827871245310000086e+04	1.176515912855979451e+00
3.827890845309999713e+04	1.209616867658375838e+00
3.827910345309999684e+04	1.193149944101499216e+00
3.827929845309999655e+04	1.194715728309382996e+00
3.827949445310000010e+04	1.178600771832844174e+00
3.827968945309999981e+04	1.163462349512007776e+00
3.827988445309999952e+04	1.223082677471033719e+00
3.828008045310000307e+04	1.180801796948287574e+00
3.828027545310000278e+04	1.170283420283066533e+00
3.828047045310000249e+04	1.175237390122026326e+00
3.828066645309999876e+04	1.171052965324758333e+00
3.828086145309999847e+04	1.208657410417668387e+00
3.828105645309999818e+04	1.223571399686635530e+00
3.828125245310000173e+04	1.246200951488226849e+00
3.828144745310000144e+04	1.188421513081220127e+00
3.828164245310000115e+04	1.213616317464023098e+00
3.828183745310000086e+04	1.213621823567034852e+00
3.828203345309999713e+04	1.242422898218888960e+00
3.828222845309999684e+04	1.201933208769258243e+00
3.828242345309999655e+04	1.213887888133019288e+00
3.828261945310000010e+04	1.219255293879639268e+00
3.828281445309999981e+04	1.225078734718426432e+00
3.828300945309999952e+04	1.233225948618734691e+00
3.828320545310000307e+04	1.279062314885297980e+00
3.828340045310000278e+04	1.246577362877767214e+00
3.828359545310000249e+04	1.248804581289128635e+00
3.828379145309999876e+04	1.261625721781241438e+00
3.828398645309999847e+04	1.205364586042790620e+00
3.828418145309999818e+04	1.217958367414023968e+00
3.828437745310000173e+04	1.245046517384976070e+00
3.828457245310000144e+04	1.272922857075966974e+00
3.828476745310000115e+04	1.294886683093183777e+00
3.828496245310000086e+04	1.279272361519552703e+00
3.828515845309999713e+04	1.261476148209400350e+00
3.828535345309999684e+04	1.220838940382179771e+00
3.828554845309999655e+04	1.241195571633937789e+00
3.828574445310000010e+04	1.229191770341014234e+00
3.828593945309999981e+04	1.235429441296918895e+00
3.828613445309999952e+04	1.224478106970819269e+00
3.828633045310000307e+04	1.195012546857700642e+00
3.828652545310000278e+04	1.221106136430636369e+00
3.828672045310000249e+04	1.199306939033528252e+00
3.828691645309999876e+04	1.220141641472640259e+00
3.828711145309999847e+04	1.228851827125987839e+00
3.828730645309999818e+04	1.246844267434109810e+00
3.828750245310000173e+04	1.245493591213522322e+00
3.828769745310000144e+04	1.253879895601922811e+00
3.828789245310000115e+04	1.262844440883522878e+00
3.828808745310000086e+04	1.233583079093527601e+00
3.828828345309999713e+04	1.229366543080104179e+00
3.828847845309999684e+04	1.210957746281586367e+00
3.828867345309999655e+04	1.228362188370436314e+00
3.828886945310000010e+04	1.253129349827437622e+00
3.828906445309999981e+04	1.265900460549092443e+00
3.828925945309999952e+04	1.244402033931242713e+00
3.828945545310000307e+04	1.261061882197701323e+00
3.828965045310000278e+04	1.216972095772257845e+00
3.828984545310000249e+04	1.238142777500996772e+00
3.829004145309999876e+04	1.239911783211930185e+00
3.829023645309999847e+04	1.278965899408577300e+00
3.829043145309999818e+04	1.222778655242091617e+00
3.829062745310000173e+04	1.210417707846945135e+00
3.829082245310000144e+04	1.206243706973687324e+00
3.829101745310000115e+04	1.212674381653972233e+00
3.829121245310000086e+04	1.206422010402700806e+00
3.829140845309999713e+04	1.213150347178491018e+00
3.829160345309999684e+04	1.324853822930316838e+00
3.829179845309999655e+04	1.231916734773847111e+00
3.829199445310000010e+04	1.160814407499914935e+00
3.829218945309999981e+04	1.204861296286662053e+00
3.829238445309999952e+04	1.214495224564135611e+00
3.829258045310000307e+04	1.184847518983540127e+00
3.829277545310000278e+04	1.211837778994835801e+00
3.829297045310000249e+04	1.177024199455152242e+00
3.829316645309999876e+04	1.181283731593662623e+00
3.829336145309999847e+04	1.221717578574349261e+00
3.829355645309999818e+04	1.156710129606928206e+00
3.829375245310000173e+04	1.212009507081340587e+00
3.829394745310000144e+04	1.199512468288386202e+00
3.829414245310000115e+04	1.197781708563354641e+00
3.829433745310000086e+04	1.230953707512691508e+00
3.829453345309999713e+04	1.229546723651711915e+00
3.829472845309999684e+04	1.240427283188449081e+00
3.829492345309999655e+04	1.272257445809168885e+00
3.829511945310000010e+04	1.243906100534758252e+00
3.829531445309999981e+04	1.225856197999036112e+00
3.829550945309999952e+04	1.213614264340538540e+00
3.829570545310000307e+04	1.224001437012194771e+00
3.829590045310000278e+04	1.267647922805959837e+00
3.829609545310000249e+04	1.236334667267357190e+00
3.829629145309999876e+04	1.234804182013345297e+00
3.829648645309999847e+04	1.238648620785360421e+00
3.829668145309999818e+04	1.201512666682214459e+00
3.829687745310000173e+04	1.186481310446357185e+00
3.829707245310000144e+04	1.213295841391545338e+00
3.829726745310000115e+04	1.221419975970148286e+00
3.829746245310000086e+04	1.194549385007189102e+00
3.829765845309999713e+04	1.222624357098355929e+00
3.829785345309999684e+04	1.192588855523251112e+00
3.829804845309999655e+04	1.186487757186675651e+00
3.829824445310000010e+04	1.179412383375497697e+00
3.829843945309999981e+04	1.194745055418129809e+00
3.829863445309999952e+04	1.188000637073511001e+00
3.829883045310000307e+04	1.182827501114500635e+00
3.829902545310000278e+04	1.159409789394876711e+00
3.829922045310000249e+04	1.175165600863479654e+00
3.829941645309999876e+04	1.202209302156663995e+00
3.829961145309999847e+04	1.153114876254118570e+00
3.829980645309999818e+04	1.196856511614406315e+00
3.830000245310000173e+04	1.170688250279937392e+00
3.830019745310000144e+04	1.170078852283918280e+00
3.830039245310000115e+04	1.200697238148823232e+00
3.830058745310000086e+04	1.192200653266453969e+00
3.830078345309999713e+04	1.194430861187642634e+00
3.830097845309999684e+04	1.172153246923361536e+00
3.830117345309999655e+04	1.208950693535912890e+00
3.830136945310000010e+04	1.229994091510688392e+00
3.830156445309999981e+04	1.193831695036092100e+00
3.830175945309999952e+04	1.210594766399442079e+00
3.830195545310000307e+04	1.209626668314353282e+00
3.830215045310000278e+04	1.188355275822273072e+00
3.830234545310000249e+04	1.193865413129319819e+00
3.830254145309999876e+04	1.206608994175732974e+00
3.830273645309999847e+04	1.272993325521836638e+00
3.830293145309999818e+04	1.190570526509464599e+00
3.830312745310000173e+04	1.239564536818754448e+00
3.830332245310000144e+04	1.172062844203878740e+00
3.830351745310000115e+04	1.199854888569349853e+00
3.830371245310000086e+04	1.202399493796811214e+00
3.830390845309999713e+04	1.197178331478095714e+00
3.830410345309999684e+04	1.203027759568497501e+00
3.830429845309999655e+04	1.216256299882578773e+00
3.830449445310000010e+04	1.227607658465256435e+00
3.830468945309999981e+04	1.157024825128885936e+00
3.830488445309999952e+04	1.169796867171035260e+00
3.830508045310000307e+04	1.196482574962274725e+00
3.830527545310000278e+04	1.163732345894823439e+00
3.830547045310000249e+04	1.217034053879464395e+00
3.830566645309999876e+04	1.212432008855586218e+00
3.830586145309999847e+04	1.149015814614282149e+00
3.830605645309999818e+04	1.203404860393991527e+00
3.830625245310000173e+04	1.242244866655449087e+00
3.830644745310000144e+04	1.234564367462400725e+00
3.830664245310000115e+04	1.199306939033528252e+00
3.830683745310000086e+04	1.165020280724233359e+00
3.830703345309999713e+04	1.198225289690844519e+00
3.830722845309999684e+04	1.170871122714750356e+00
3.830742345309999655e+04	1.156956254790244998e+00
3.830761945310000010e+04	1.194590760794776330e+00
3.830781445309999981e+04	1.220311163319930614e+00
3.830800945309999952e+04	1.210053692946404524e+00
3.830820545310000307e+04	1.169407168687254028e+00
3.830840045310000278e+04	1.139130685993540837e+00
3.830859545310000249e+04	1.177208051076412687e+00
3.830879145309999876e+04	1.212228925226517262e+00
3.830898645309999847e+04	1.178344029864714315e+00
3.830918145309999818e+04	1.206228583793695464e+00
3.830937745310000173e+04	1.120646090530396322e+00
3.830957245310000144e+04	1.175029593272544304e+00
3.830976745310000115e+04	1.156310486461533671e+00
3.830996245310000086e+04	1.220098257865281255e+00
3.831015845309999713e+04	1.194828740216259177e+00
3.831035345309999684e+04	1.182654439473584063e+00
3.831054845309999655e+04	1.184048054328965094e+00
3.831074445310000010e+04	1.200300578436619858e+00
3.831093945309999981e+04	1.173732387431666524e+00
3.831113445309999952e+04	1.138446328151978548e+00
3.831133045310000307e+04	1.189942022883784034e+00
3.831152545310000278e+04	1.160204568226035349e+00
3.831172045310000249e+04	1.134294445976491872e+00
3.831191645309999876e+04	1.175186258992750865e+00
3.831211145309999847e+04	1.149001590598739853e+00
3.831230645309999818e+04	1.179961915685062479e+00
3.831250245310000173e+04	1.202217985460780625e+00
3.831269745310000144e+04	1.207703141635438016e+00
3.831289245310000115e+04	1.163486291123764005e+00
3.831308745310000086e+04	1.184623454827502087e+00
3.831328345309999713e+04	1.220239417568414808e+00
3.831347845309999684e+04	1.215968426428300830e+00
3.831367345309999655e+04	1.226670571471457194e+00
3.831386945310000010e+04	1.184791923613246922e+00
3.831406445309999981e+04	1.200134274443216853e+00
3.831425945309999952e+04	1.173773706174712217e+00
3.831445545310000307e+04	1.213130748787490276e+00
3.831465045310000278e+04	1.193409794495707388e+00
3.831484545310000249e+04	1.182033294742883101e+00
3.831504145309999876e+04	1.150570391906885703e+00
3.831523645309999847e+04	1.191012094494045215e+00
3.831543145309999818e+04	1.170671982418218349e+00
3.831562745310000173e+04	1.188384610823034038e+00
3.831582245310000144e+04	1.148806664578200909e+00
3.831601745310000115e+04	1.136764465272806390e+00
3.831621245310000086e+04	1.182484834099014392e+00
3.831640845309999713e+04	1.163630033807230291e+00
3.831660345309999684e+04	1.133383151762748398e+00
3.831679845309999655e+04	1.191187150049557886e+00
3.831699445310000010e+04	1.182931879472540970e+00
3.831718945309999981e+04	1.176781460784630085e+00
3.831738445309999952e+04	1.163390524531493497e+00
3.831758045310000307e+04	1.168996893772721535e+00
