# time(sec)	crack length FEA(mm)
3.766054845309999655e+04	1.183735773628010080e+00
3.766074445310000010e+04	1.196916281160183004e+00
3.766093945309999981e+04	1.227267785689289070e+00
3.766113445309999952e+04	1.193134812538332312e+00
3.766133045310000307e+04	1.204788476624766957e+00
3.766152545310000278e+04	1.178384312461917105e+00
3.766172045310000249e+04	1.156959528958269701e+00
3.766191645309999876e+04	1.187697190633523192e+00
3.766211145309999847e+04	1.183707460721443283e+00
3.766230645309999818e+04	1.246270381622407442e+00
3.766250245310000173e+04	1.170114661160967628e+00
3.766269745310000144e+04	1.198263297202251110e+00
3.766289245310000115e+04	1.244433536207537827e+00
3.766308745310000086e+04	1.204188546097686441e+00
3.766328345309999713e+04	1.230709470759190793e+00
3.766347845309999684e+04	1.238064653298513562e+00
3.766367345309999655e+04	1.245893872132679547e+00
3.766386945310000010e+04	1.233387637080770816e+00
3.766406445309999981e+04	1.219555162991321495e+00
3.766425945309999952e+04	1.179881355794702102e+00
3.766445545310000307e+04	1.283631638721868029e+00
3.766465045310000278e+04	1.215544681514026948e+00
3.766484545310000249e+04	1.193741468544509132e+00
3.766504145309999876e+04	1.252403749819597678e+00
3.766523645309999847e+04	1.230451149638406960e+00
3.766543145309999818e+04	1.180216397155987806e+00
3.766562745310000173e+04	1.206758822840646062e+00
3.766582245310000144e+04	1.225116605748981513e+00
3.766601745310000115e+04	1.200809287708679562e+00
3.766621245310000086e+04	1.209953727872370877e+00
3.766640845309999713e+04	1.198379653970127023e+00
3.766660345309999684e+04	1.204508118830521113e+00
3.766679845309999655e+04	1.217055701854485861e+00
3.766699445310000010e+04	1.241370255417811208e+00
3.766718945309999981e+04	1.216861335919347198e+00
3.766738445309999952e+04	1.226442519885582172e+00
3.766758045310000307e+04	1.171602598324209765e+00
3.766777545310000278e+04	1.259845399334301064e+00
3.766797045310000249e+04	1.215496810271440964e+00
3.766816645309999876e+04	1.236709091908654301e+00
3.766836145309999847e+04	1.231266483533172362e+00
3.766855645309999818e+04	1.218421070436262355e+00
3.766875245310000173e+04	1.217327232958266947e+00
3.766894745310000144e+04	1.226935556250580817e+00
3.766914245310000115e+04	1.205406969813878959e+00
3.766933745310000086e+04	1.200580986168793274e+00
3.766953345309999713e+04	1.218392892370845360e+00
3.766972845309999684e+04	1.212167047836082645e+00
3.766992345309999655e+04	1.199298254659449725e+00
3.767011945310000010e+04	1.211643370093892003e+00
3.767031445309999981e+04	1.198729748044929266e+00
3.767050945309999952e+04	1.216625631250591866e+00
3.767070545310000307e+04	1.217711756713438120e+00
3.767090045310000278e+04	1.197601285394124915e+00
3.767109545310000249e+04	1.165616810590970331e+00
3.767129145309999876e+04	1.217968164607707848e+00
3.767148645309999847e+04	1.193771917688867035e+00
3.767168145309999818e+04	1.177525745553740677e+00
3.767187745310000173e+04	1.191080566218410297e+00
3.767207245310000144e+04	1.207555372611784250e+00
3.767226745310000115e+04	1.174811886023828578e+00
3.767246245310000086e+04	1.177358253145328604e+00
3.767265845309999713e+04	1.177685666049155699e+00
3.767285345309999684e+04	1.230347913655506886e+00
3.767304845309999655e+04	1.198573144854840677e+00
3.767324445310000010e+04	1.226677100523254182e+00
3.767343945309999981e+04	1.178389733316627996e+00
3.767363445309999952e+04	1.145117647061164590e+00
3.767383045310000307e+04	1.145240723396243609e+00
3.767402545310000278e+04	1.179313503587760437e+00
3.767422045310000249e+04	1.140083230547537241e+00
3.767441645309999876e+04	1.146748660799254083e+00
3.767461145309999847e+04	1.134480876802086868e+00
3.767480645309999818e+04	1.172848691250765185e+00
3.767500245310000173e+04	1.180322095412469352e+00
3.767519745310000144e+04	1.155214801008879633e+00
3.767539245310000115e+04	1.187351417636969941e+00
3.767558745310000086e+04	1.174658396068341659e+00
3.767578345309999713e+04	1.173463626878376687e+00
3.767597845309999684e+04	1.197178331478095714e+00
3.767617345309999655e+04	1.177241792881229543e+00
3.767636945310000010e+04	1.168254584782737027e+00
3.767656445309999981e+04	1.191883062463237053e+00
3.767675945309999952e+04	1.169577054827595219e+00
3.767695545310000307e+04	1.173003221272150398e+00
3.767715045310000278e+04	1.145723382369698840e+00
3.767734545310000249e+04	1.217960606772937382e+00
3.767754145309999876e+04	1.189916987018758476e+00
3.767773645309999847e+04	1.136797141211093987e+00
3.767793145309999818e+04	1.183747734185613965e+00
3.767812745310000173e+04	1.199478758251480315e+00
3.767832245310000144e+04	1.197429545911409932e+00
3.767851745310000115e+04	1.167742930621873398e+00
3.767871245310000086e+04	1.205060148835187306e+00
3.767890845309999713e+04	1.155081953187160337e+00
3.767910345309999684e+04	1.177422371473005214e+00
3.767929845309999655e+04	1.189554804766462581e+00
3.767949445310000010e+04	1.177864185021377352e+00
3.767968945309999981e+04	1.209721127761515191e+00
3.767988445309999952e+04	1.131245330887811207e+00
3.768008045310000307e+04	1.161166180343929710e+00
3.768027545310000278e+04	1.180568909749641904e+00
3.768047045310000249e+04	1.179578926658319205e+00
3.768066645309999876e+04	1.221441713215323688e+00
3.768086145309999847e+04	1.170771085310439830e+00
3.768105645309999818e+04	1.204107041755209551e+00
3.768125245310000173e+04	1.137900232001472389e+00
3.768144745310000144e+04	1.213125242569947915e+00
3.768164245310000115e+04	1.200421220466218131e+00
3.768183745310000086e+04	1.207077333953414211e+00
3.768203345309999713e+04	1.195460476161922969e+00
3.768222845309999684e+04	1.186870727780586776e+00
3.768242345309999655e+04	1.195280035269831842e+00
3.768261945310000010e+04	1.183826131753281885e+00
3.768281445309999981e+04	1.213544551359886370e+00
3.768300945309999952e+04	1.211276107432169624e+00
3.768320545310000307e+04	1.195032160286864098e+00
3.768340045310000278e+04	1.193836084929069230e+00
3.768359545310000249e+04	1.185428319272263664e+00
3.768379145309999876e+04	1.206330711747000350e+00
3.768398645309999847e+04	1.197979593467735526e+00
3.768418145309999818e+04	1.185224909983421782e+00
3.768437745310000173e+04	1.226963724116140853e+00
3.768457245310000144e+04	1.180645168410665136e+00
3.768476745310000115e+04	1.202912639449154497e+00
3.768496245310000086e+04	1.144639281183508217e+00
3.768515845309999713e+04	1.154658238502426215e+00
3.768535345309999684e+04	1.188760917732061273e+00
3.768554845309999655e+04	1.225683544599400321e+00
3.768574445310000010e+04	1.169750025154158379e+00
3.768593945309999981e+04	1.149491939892824277e+00
3.768613445309999952e+04	1.164241842285935746e+00
3.768633045310000307e+04	1.182562021048383372e+00
3.768652545310000278e+04	1.167356471052713118e+00
3.768672045310000249e+04	1.198937336720376834e+00
3.768691645309999876e+04	1.237059643453886082e+00
3.768711145309999847e+04	1.217966018556106533e+00
3.768730645309999818e+04	1.209347394695347688e+00
3.768750245310000173e+04	1.189152446194457369e+00
3.768769745310000144e+04	1.218703502365897862e+00
3.768789245310000115e+04	1.207535956272103306e+00
3.768808745310000086e+04	1.213886861583109322e+00
3.768828345309999713e+04	1.220176441598963990e+00
3.768847845309999684e+04	1.184530950657695314e+00
3.768867345309999655e+04	1.178001204428714033e+00
3.768886945310000010e+04	1.225680279936238293e+00
3.768906445309999981e+04	1.189502583550714476e+00
3.768925945309999952e+04	1.231294646227096834e+00
3.768945545310000307e+04	1.212181140589345674e+00
3.768965045310000278e+04	1.179523505819515705e+00
3.768984545310000249e+04	1.227414405390820917e+00
3.769004145309999876e+04	1.216363703309355060e+00
3.769023645309999847e+04	1.181659030112996334e+00
3.769043145309999818e+04	1.198067655919729191e+00
3.769062745310000173e+04	1.165360956386095381e+00
3.769082245310000144e+04	1.216838474722404584e+00
3.769101745310000115e+04	1.191029469329647483e+00
3.769121245310000086e+04	1.195296379610276460e+00
3.769140845309999713e+04	1.199955923548117198e+00
3.769160345309999684e+04	1.196544586844312974e+00
3.769179845309999655e+04	1.209492912344114046e+00
3.769199445310000010e+04	1.211473785986420637e+00
3.769218945309999981e+04	1.195373524744598015e+00
3.769238445309999952e+04	1.203303840164009486e+00
3.769258045310000307e+04	1.246209618616823889e+00
3.769277545310000278e+04	1.186315936941644722e+00
3.769297045310000249e+04	1.205688437201061447e+00
3.769316645309999876e+04	1.175034921419687350e+00
3.769336145309999847e+04	1.214233459625496891e+00
3.769355645309999818e+04	1.194636339456621954e+00
3.769375245310000173e+04	1.220718402627046117e+00
3.769394745310000144e+04	1.204261460969867414e+00
3.769414245310000115e+04	1.145770178334686307e+00
3.769433745310000086e+04	1.179967336178272319e+00
3.769453345309999713e+04	1.252214985804439351e+00
3.769472845309999684e+04	1.226467517058612344e+00
3.769492345309999655e+04	1.217255664754004485e+00
3.769511945310000010e+04	1.222472390165236789e+00
3.769531445309999981e+04	1.256854732082411275e+00
3.769550945309999952e+04	1.194559191915987029e+00
3.769570545310000307e+04	1.211559651509519497e+00
3.769590045310000278e+04	1.252627171412770579e+00
3.769609545310000249e+04	1.229525087134051731e+00
3.769629145309999876e+04	1.232007934503723590e+00
3.769648645309999847e+04	1.209868883233816916e+00
3.769668145309999818e+04	1.207004427773572530e+00
3.769687745310000173e+04	1.221466622394395074e+00
3.769707245310000144e+04	1.201124517619902576e+00
3.769726745310000115e+04	1.207806476720435285e+00
3.769746245310000086e+04	1.225526094044253611e+00
3.769765845309999713e+04	1.228334022174767171e+00
3.769785345309999684e+04	1.230014701749588824e+00
3.769804845309999655e+04	1.238076679594755092e+00
3.769824445310000010e+04	1.213869410227783163e+00
3.769843945309999981e+04	1.213597839346235219e+00
3.769863445309999952e+04	1.241623237001746816e+00
3.769883045310000307e+04	1.248173246824322291e+00
3.769902545310000278e+04	1.208017346100865197e+00
3.769922045310000249e+04	1.222703651917356638e+00
3.769941645309999876e+04	1.246375598174072508e+00
3.769961145309999847e+04	1.211076093877228033e+00
3.769980645309999818e+04	1.244846883179933528e+00
3.770000245310000173e+04	1.250305924535075164e+00
3.770019745310000144e+04	1.217516369788613773e+00
3.770039245310000115e+04	1.214822310006965722e+00
3.770058745310000086e+04	1.148758751647880771e+00
3.770078345309999713e+04	1.176240734385228137e+00
3.770097845309999684e+04	1.183977319654099247e+00
3.770117345309999655e+04	1.150951604764715697e+00
3.770136945310000010e+04	1.178720496566853626e+00
3.770156445309999981e+04	1.204279946394652967e+00
3.770175945309999952e+04	1.182138797984253031e+00
3.770195545310000307e+04	1.185740484189867772e+00
3.770215045310000278e+04	1.194974534117696052e+00
3.770234545310000249e+04	1.180646289859726750e+00
3.770254145309999876e+04	1.217420728512276895e+00
3.770273645309999847e+04	1.247519063967416741e+00
3.770293145309999818e+04	1.224560660378628540e+00
3.770312745310000173e+04	1.165849844982593808e+00
3.770332245310000144e+04	1.198912310382047153e+00
3.770351745310000115e+04	1.191935371830229684e+00
3.770371245310000086e+04	1.141445466590376157e+00
3.770390845309999713e+04	1.168660477996525060e+00
3.770410345309999684e+04	1.249826422003433635e+00
3.770429845309999655e+04	1.177181973582108299e+00
3.770449445310000010e+04	1.180619094704960403e+00
3.770468945309999981e+04	1.231792896539234405e+00
3.770488445309999952e+04	1.220298008393525535e+00
3.770508045310000307e+04	1.197605581199873370e+00
3.770527545310000278e+04	1.172567954455930206e+00
3.770547045310000249e+04	1.190280191298768386e+00
3.770566645309999876e+04	1.177270113527896456e+00
3.770586145309999847e+04	1.219194554525827812e+00
3.770605645309999818e+04	1.186760761011395715e+00
3.770625245310000173e+04	1.197490434658208258e+00
3.770644745310000144e+04	1.207204475818205225e+00
3.770664245310000115e+04	1.176539934737713011e+00
3.770683745310000086e+04	1.229982061091426715e+00
3.770703345309999713e+04	1.175485472679756782e+00
3.770722845309999684e+04	1.174228581504364044e+00
3.770742345309999655e+04	1.178706383846728656e+00
3.770761945310000010e+04	1.161778052485114898e+00
3.770781445309999981e+04	1.188518486335773616e+00
3.770800945309999952e+04	1.188440010900359667e+00
3.770820545310000307e+04	1.191169775329846914e+00
3.770840045310000278e+04	1.193828425966323437e+00
3.770859545310000249e+04	1.141114182330962734e+00
3.770879145309999876e+04	1.152736972951338146e+00
3.770898645309999847e+04	1.168633269063001023e+00
3.770918145309999818e+04	1.213116563275281834e+00
3.770937745310000173e+04	1.155299748380439695e+00
3.770957245310000144e+04	1.209537528865014977e+00
3.770976745310000115e+04	1.209660270532534554e+00
3.770996245310000086e+04	1.139203707962291645e+00
3.771015845309999713e+04	1.195809492756399806e+00
3.771035345309999684e+04	1.183908733915284728e+00
3.771054845309999655e+04	1.253690118598154157e+00
3.771074445310000010e+04	1.184887790506278904e+00
3.771093945309999981e+04	1.207764097255171976e+00
3.771113445309999952e+04	1.225097203849294658e+00
3.771133045310000307e+04	1.207449982768523000e+00
3.771152545310000278e+04	1.244109098026013882e+00
3.771172045310000249e+04	1.197476239749665439e+00
3.771191645309999876e+04	1.221594899585626948e+00
3.771211145309999847e+04	1.242558611428846049e+00
3.771230645309999818e+04	1.225379462605964420e+00
3.771250245310000173e+04	1.221457946166466968e+00
3.771269745310000144e+04	1.200056024320968362e+00
3.771289245310000115e+04	1.184240447836657495e+00
3.771308745310000086e+04	1.234960451768996492e+00
3.771328345309999713e+04	1.221829435134416997e+00
3.771347845309999684e+04	1.215828267644308625e+00
3.771367345309999655e+04	1.202594072171997652e+00
3.771386945310000010e+04	1.237059643453886082e+00
3.771406445309999981e+04	1.209353835200372984e+00
3.771425945309999952e+04	1.237888826282407706e+00
3.771445545310000307e+04	1.187630951345379771e+00
3.771465045310000278e+04	1.207174043980423050e+00
3.771484545310000249e+04	1.182452221135502413e+00
3.771504145309999876e+04	1.241097882379254003e+00
3.771523645309999847e+04	1.198482936463845405e+00
3.771543145309999818e+04	1.200773431907339983e+00
3.771562745310000173e+04	1.210248208273450032e+00
3.771582245310000144e+04	1.234408001840080260e+00
3.771601745310000115e+04	1.202789769343567627e+00
3.771621245310000086e+04	1.228657558337044264e+00
3.771640845309999713e+04	1.160532405554475233e+00
3.771660345309999684e+04	1.259078836620361130e+00
3.771679845309999655e+04	1.228598895003674585e+00
3.771699445310000010e+04	1.182817689338266476e+00
3.771718945309999981e+04	1.216386564966134287e+00
3.771738445309999952e+04	1.192792201466051694e+00
3.771758045310000307e+04	1.177479012300127081e+00
3.771777545310000278e+04	1.176004624219601169e+00
3.771797045310000249e+04	1.214820070350299375e+00
3.771816645309999876e+04	1.233392019624574232e+00
3.771836145309999847e+04	1.214442031923885779e+00
3.771855645309999818e+04	1.221183197298710610e+00
3.771875245310000173e+04	1.228504417818271577e+00
3.771894745310000144e+04	1.208548665114946630e+00
3.771914245310000115e+04	1.171640555158306896e+00
3.771933745310000086e+04	1.186236519875770057e+00
3.771953345309999713e+04	1.220279535505767399e+00
3.771972845309999684e+04	1.198804640795803067e+00
3.771992345309999655e+04	1.210930492650298618e+00
3.772011945310000010e+04	1.216342054699667941e+00
3.772031445309999981e+04	1.186684708927948861e+00
3.772050945309999952e+04	1.179920514290756728e+00
3.772070545310000307e+04	1.185787294557020033e+00
3.772090045310000278e+04	1.188159459088646841e+00
3.772109545310000249e+04	1.223909086924198419e+00
3.772129145309999876e+04	1.197900215578659555e+00
3.772148645309999847e+04	1.206128509173414187e+00
3.772168145309999818e+04	1.169085064209557601e+00
3.772187745310000173e+04	1.216737511946996975e+00
3.772207245310000144e+04	1.239337728560483853e+00
3.772226745310000115e+04	1.203691953421092364e+00
3.772246245310000086e+04	1.199227565603324663e+00
3.772265845309999713e+04	1.198004620793945207e+00
3.772285345309999684e+04	1.225211189781463261e+00
3.772304845309999655e+04	1.173850921550904758e+00
3.772324445310000010e+04	1.242337144963538975e+00
3.772343945309999981e+04	1.230354534947103673e+00
3.772363445309999952e+04	1.217117659742230629e+00
3.772383045310000307e+04	1.208861644877440966e+00
3.772402545310000278e+04	1.181877702301390443e+00
3.772422045310000249e+04	1.220089487836036213e+00
3.772441645309999876e+04	1.207560880128307090e+00
3.772461145309999847e+04	1.193968808755190736e+00
3.772480645309999818e+04	1.236199011454017338e+00
3.772500245310000173e+04	1.236716643738898114e+00
3.772519745310000144e+04	1.185309843151426179e+00
3.772539245310000115e+04	1.205378682856149908e+00
3.772558745310000086e+04	1.219851669523981386e+00
3.772578345309999713e+04	1.169727211842912951e+00
3.772597845309999684e+04	1.192127887985714452e+00
3.772617345309999655e+04	1.216414838739607873e+00
3.772636945310000010e+04	1.211658489806579198e+00
3.772656445309999981e+04	1.148626897009457082e+00
3.772675945309999952e+04	1.153508117584433279e+00
3.772695545310000307e+04	1.184120844480244017e+00
3.772715045310000278e+04	1.205597135709680856e+00
3.772734545310000249e+04	1.221154929237107112e+00
3.772754145309999876e+04	1.166429989660100475e+00
3.772773645309999847e+04	1.205653709068016610e+00
3.772793145309999818e+04	1.164621900002032362e+00
3.772812745310000173e+04	1.248584384931428204e+00
3.772832245310000144e+04	1.203878772082767057e+00
3.772851745310000115e+04	1.217548934388405613e+00
3.772871245310000086e+04	1.200472297053199355e+00
3.772890845309999713e+04	1.161362033526160076e+00
3.772910345309999684e+04	1.247757721669739084e+00
3.772929845309999655e+04	1.193486011754616882e+00
3.772949445310000010e+04	1.198085025569284312e+00
3.772968945309999981e+04	1.196479306259160325e+00
3.772988445309999952e+04	1.172189146149474226e+00
3.773008045310000307e+04	1.191586204613111377e+00
3.773027545310000278e+04	1.163886935440812564e+00
3.773047045310000249e+04	1.221927204237211129e+00
3.773066645309999876e+04	1.215737005352245603e+00
3.773086145309999847e+04	1.201895207160980306e+00
3.773105645309999818e+04	1.240114721889964855e+00
3.773125245310000173e+04	1.214910216363291440e+00
3.773144745310000144e+04	1.208244455638354253e+00
3.773164245310000115e+04	1.195663797400410289e+00
3.773183745310000086e+04	1.218072481141621921e+00
3.773203345309999713e+04	1.183248469203814324e+00
3.773222845309999684e+04	1.222361562834418436e+00
3.773242345309999655e+04	1.193652362540866818e+00
3.773261945310000010e+04	1.240093001848521226e+00
3.773281445309999981e+04	1.222747124022678378e+00
3.773300945309999952e+04	1.222546181474765348e+00
3.773320545310000307e+04	1.264479265666999197e+00
3.773340045310000278e+04	1.216187714467320546e+00
3.773359545310000249e+04	1.211568331376541963e+00
3.773379145309999876e+04	1.243714099461952216e+00
3.773398645309999847e+04	1.229149335996059023e+00
3.773418145309999818e+04	1.165955513914729735e+00
3.773437745310000173e+04	1.254311523122563443e+00
3.773457245310000144e+04	1.206284968934031809e+00
3.773476745310000115e+04	1.246028447007507367e+00
3.773496245310000086e+04	1.206153621221526251e+00
3.773515845309999713e+04	1.246454813159811437e+00
3.773535345309999684e+04	1.273285809206065267e+00
3.773554845309999655e+04	1.185417480787451794e+00
3.773574445310000010e+04	1.231426040602947580e+00
3.773593945309999981e+04	1.237191005708950797e+00
3.773613445309999952e+04	1.219571397240233779e+00
3.773633045310000307e+04	1.218130050981237389e+00
3.773652545310000278e+04	1.248353376891699895e+00
3.773672045310000249e+04	1.259335726395359956e+00
3.773691645309999876e+04	1.220825879045268181e+00
3.773711145309999847e+04	1.234703296095890579e+00
3.773730645309999818e+04	1.213551177368241696e+00
3.773750245310000173e+04	1.240631336032031129e+00
3.773769745310000144e+04	1.235921077758810327e+00
3.773789245310000115e+04	1.220620628515822759e+00
3.773808745310000086e+04	1.199062374633090400e+00
3.773828345309999713e+04	1.227558692464397083e+00
3.773847845309999684e+04	1.220097138287259853e+00
3.773867345309999655e+04	1.251887393725482411e+00
3.773886945310000010e+04	1.235240541269092773e+00
3.773906445309999981e+04	1.214389865691863690e+00
3.773925945309999952e+04	1.207212037096972779e+00
3.773945545310000307e+04	1.251647752948414904e+00
3.773965045310000278e+04	1.205029807592111979e+00
3.773984545310000249e+04	1.218679709915475584e+00
3.774004145309999876e+04	1.260093711867700250e+00
3.774023645309999847e+04	1.242388130904055643e+00
3.774043145309999818e+04	1.227656437827910452e+00
3.774062745310000173e+04	1.240388224905043302e+00
3.774082245310000144e+04	1.206375240890036338e+00
3.774101745310000115e+04	1.195685651761069224e+00
3.774121245310000086e+04	1.227690107654186846e+00
3.774140845309999713e+04	1.248672258714091043e+00
3.774160345309999684e+04	1.246500384954467577e+00
3.774179845309999655e+04	1.221545921104000954e+00
3.774199445310000010e+04	1.129425657468230426e+00
3.774218945309999981e+04	1.243495999258268370e+00
3.774238445309999952e+04	1.245967683378033541e+00
3.774258045310000307e+04	1.226434964764639091e+00
3.774277545310000278e+04	1.231436857992331824e+00
3.774297045310000249e+04	1.207382678645572582e+00
3.774316645309999876e+04	1.188411797049207408e+00
3.774336145309999847e+04	1.188775024453539331e+00
3.774355645309999818e+04	1.203068000126712889e+00
3.774375245310000173e+04	1.230505332028554832e+00
3.774394745310000144e+04	1.188817437989273529e+00
3.774414245310000115e+04	1.171100833172836531e+00
3.774433745310000086e+04	1.197176090147708649e+00
3.774453345309999713e+04	1.197632756822519795e+00
3.774472845309999684e+04	1.192447530463734751e+00
3.774492345309999655e+04	1.221644810886136412e+00
3.774511945310000010e+04	1.233409270055039642e+00
3.774531445309999981e+04	1.211138067460385770e+00
3.774550945309999952e+04	1.239023008677547111e+00
3.774570545310000307e+04	1.235761551101898448e+00
3.774590045310000278e+04	1.172515695723854279e+00
3.774609545310000249e+04	1.225354464280002276e+00
3.774629145309999876e+04	1.241369136849137078e+00
3.774648645309999847e+04	1.207137077646198264e+00
3.774668145309999818e+04	1.204180983850942965e+00
3.774687745310000173e+04	1.230085298675728467e+00
3.774707245310000144e+04	1.234701058325732959e+00
3.774726745310000115e+04	1.233604711888496297e+00
3.774746245310000086e+04	1.208523742301213844e+00
3.774765845309999713e+04	1.224326151976846688e+00
3.774785345309999684e+04	1.204302726393182255e+00
3.774804845309999655e+04	1.193243442002263066e+00
3.774824445310000010e+04	1.223936232290602888e+00
3.774843945309999981e+04	1.218173531512567465e+00
3.774863445309999952e+04	1.212312548108867460e+00
3.774883045310000307e+04	1.181153179393001906e+00
3.774902545310000278e+04	1.237987647566328064e+00
3.774922045310000249e+04	1.204120112344526206e+00
3.774941645309999876e+04	1.237294025276236553e+00
3.774961145309999847e+04	1.180456857668122694e+00
3.774980645309999818e+04	1.203185360249561242e+00
3.775000245310000173e+04	1.196772740605984708e+00
3.775019745310000144e+04	1.216068272724212918e+00
3.775039245310000115e+04	1.231562842911920086e+00
3.775058745310000086e+04	1.215614201956613627e+00
3.775078345309999713e+04	1.203969053235313780e+00
3.775097845309999684e+04	1.224033992664111281e+00
3.775117345309999655e+04	1.231430423511312711e+00
3.775136945310000010e+04	1.200772311412672266e+00
3.775156445309999981e+04	1.192819476029962189e+00
3.775175945309999952e+04	1.221968438794611700e+00
3.775195545310000307e+04	1.225887631788344478e+00
3.775215045310000278e+04	1.233002249777841897e+00
3.775234545310000249e+04	1.154195408790227972e+00
3.775254145309999876e+04	1.174053400384346801e+00
3.775273645309999847e+04	1.203713613631499868e+00
3.775293145309999818e+04	1.186432259103744613e+00
3.775312745310000173e+04	1.189929972041614548e+00
3.775332245310000144e+04	1.175381061460580412e+00
3.775351745310000115e+04	1.172424266036681928e+00
3.775371245310000086e+04	1.164900580178843015e+00
3.775390845309999713e+04	1.168907601001965446e+00
3.775410345309999684e+04	1.239008838726146422e+00
3.775429845309999655e+04	1.167551337977791093e+00
3.775449445310000010e+04	1.206463272051546909e+00
3.775468945309999981e+04	1.212917778556315440e+00
3.775488445309999952e+04	1.182806756211382648e+00
3.775508045310000307e+04	1.189346012631080640e+00
3.775527545310000278e+04	1.185474102472252156e+00
3.775547045310000249e+04	1.219617021017898040e+00
3.775566645309999876e+04	1.150461379247735394e+00
3.775586145309999847e+04	1.201107150204654417e+00
3.775605645309999818e+04	1.195225678582016116e+00
3.775625245310000173e+04	1.222058557508598042e+00
3.775644745310000144e+04	1.208412756118439901e+00
3.775664245310000115e+04	1.199181902415009660e+00
3.775683745310000086e+04	1.237155111907814131e+00
3.775703345309999713e+04	1.222051000983688240e+00
3.775722845309999684e+04	1.230026638893290780e+00
3.775742345309999655e+04	1.230777827463223062e+00
3.775761945310000010e+04	1.210715449195962634e+00
3.775781445309999981e+04	1.221653487045355035e+00
3.775800945309999952e+04	1.239616647409086170e+00
3.775820545310000307e+04	1.265945901611475577e+00
3.775840045310000278e+04	1.247610203351863234e+00
3.775859545310000249e+04	1.224079607814294590e+00
3.775879145309999876e+04	1.262497439255866993e+00
3.775898645309999847e+04	1.254111967414779372e+00
3.775918145309999818e+04	1.243018595101240464e+00
3.775937745310000173e+04	1.243116276395122455e+00
3.775957245310000144e+04	1.259097185982957612e+00
3.775976745310000115e+04	1.222936124133227054e+00
3.775996245310000086e+04	1.240306845505214639e+00
3.776015845309999713e+04	1.199867868133319249e+00
3.776035345309999684e+04	1.225116605748981513e+00
