# time(sec)	crack length FEA(mm)
6.028515653100000236e+03	2.194528399435107247e-01
6.028710953099999642e+03	1.791731317595139927e-01
6.028906253099999958e+03	2.000958625771325217e-01
6.029101553099999364e+03	2.042547550082431940e-01
6.029296853099999680e+03	2.482239525739728947e-01
6.029492153099999996e+03	2.151176139090011930e-01
6.029687453099999402e+03	1.897613336876080581e-01
6.029882853099999920e+03	2.316236631365988785e-01
6.030078153100000236e+03	1.871504003266455385e-01
6.030273453099999642e+03	2.481877693149847630e-01
6.030468753099999958e+03	2.245522782481952362e-01
6.030664053099999364e+03	2.199100905944604278e-01
6.030859353099999680e+03	2.548648089195815203e-01
6.031054653099999996e+03	2.574325171174081106e-01
6.031249953099999402e+03	2.233640888012455861e-01
6.031445353099999920e+03	2.251497440608893896e-01
6.031640653100000236e+03	2.332458549547062887e-01
6.031835953099999642e+03	2.400105708372848312e-01
6.032031253099999958e+03	2.261160771302872519e-01
6.032226553099999364e+03	2.441277832305193130e-01
6.032421853099999680e+03	2.021901199409565919e-01
6.032617153099999996e+03	2.255933118997788256e-01
6.032812453099999402e+03	2.203503585221096017e-01
6.033007853099999920e+03	2.124946117078359009e-01
6.033203153100000236e+03	2.360759188356773564e-01
6.033398453099999642e+03	2.185586920278268508e-01
6.033593753099999958e+03	1.934154978223201482e-01
6.033789053099999364e+03	2.260346071863530426e-01
6.033984353099999680e+03	1.872682588987668595e-01
6.034179653099999996e+03	2.085058051041936977e-01
6.034374953099999402e+03	2.172038173116348503e-01
6.034570353099999920e+03	1.935911074255169950e-01
6.034765653100000236e+03	2.126678312658292214e-01
6.034960953099999642e+03	2.035888272747641281e-01
6.035156253099999958e+03	2.247582197672706172e-01
6.035351553099999364e+03	2.247695340111928175e-01
6.035546853099999680e+03	2.517655891057550832e-01
6.035742153099999996e+03	2.355737266293793652e-01
6.035937453099999402e+03	2.144825578264946131e-01
6.036132853099999920e+03	2.265245503219031065e-01
6.036328153100000236e+03	1.766642580472783663e-01
6.036523453099999642e+03	2.029851936498090481e-01
6.036718753099999958e+03	2.203379145411012985e-01
6.036914053099999364e+03	2.219427092024961468e-01
6.037109353099999680e+03	2.356710023826646960e-01
6.037304653099999996e+03	2.284819526111157018e-01
6.037499953099999402e+03	1.943626597592107430e-01
6.037695353099999920e+03	2.166752163851715096e-01
6.037890653100000236e+03	2.605977048531578077e-01
6.038085953099999642e+03	2.695995183819874796e-01
6.038281253099999958e+03	2.181002985385269710e-01
6.038476553099999364e+03	2.594541722028882447e-01
6.038671853099999680e+03	2.295692078806901293e-01
6.038867153099999996e+03	2.085171267066954215e-01
6.039062453099999402e+03	2.045933690518388914e-01
6.039257853099999920e+03	2.541346953247742846e-01
6.039453153100000236e+03	2.766547831915477929e-01
6.039648453099999642e+03	2.707199989223401104e-01
6.039843753099999958e+03	2.145335025451249322e-01
6.040039053099999364e+03	2.185892597210781219e-01
6.040234353099999680e+03	2.551496234453072276e-01
6.040429653099999996e+03	2.653486974731062986e-01
6.040624953099999402e+03	2.588349293082519154e-01
6.040820353099999920e+03	2.507256364789149927e-01
6.041015653100000236e+03	2.459096818402457529e-01
6.041210953099999642e+03	2.599954377889979185e-01
6.041406253099999958e+03	2.537006732809601317e-01
6.041601553099999364e+03	2.488174631804245251e-01
6.041796853099999680e+03	2.025321670086341896e-01
6.041992153099999996e+03	1.970249501680285675e-01
6.042187453099999402e+03	2.393535222538023532e-01
6.042382853099999920e+03	2.135021896858457779e-01
6.042578153100000236e+03	1.791300416458199152e-01
6.042773453099999642e+03	2.487089352495797101e-01
6.042968753099999958e+03	2.551563998497474728e-01
6.043164053099999364e+03	2.368846244851603444e-01
6.043359353099999680e+03	1.959476060280724852e-01
6.043554653099999996e+03	2.289039639115060254e-01
6.043749953099999402e+03	2.376175162512534911e-01
6.043945353099999920e+03	2.036035560333537831e-01
6.044140653100000236e+03	2.552411727078514048e-01
6.044335953099999642e+03	1.841311743674332035e-01
6.044531253099999958e+03	1.916830923047569968e-01
6.044726553099999364e+03	2.008615421226895847e-01
6.044921853099999680e+03	2.060451705258987687e-01
6.045117153099999996e+03	2.201398502498506105e-01
6.045312453099999402e+03	1.956587195474810414e-01
6.045507853099999920e+03	2.288971706579889798e-01
6.045703153100000236e+03	2.164771230675377467e-01
6.045898453099999642e+03	1.979980242114116606e-01
6.046093753099999958e+03	1.937984427373535823e-01
6.046289053099999364e+03	2.097581047277703448e-01
6.046484353099999680e+03	1.855920976124778576e-01
6.046679653099999996e+03	1.659718506764900070e-01
6.046874953099999402e+03	1.801831720053836960e-01
6.047070353099999920e+03	2.067472665234966200e-01
6.047265653100000236e+03	1.942584301986087780e-01
6.047460953099999642e+03	2.079690832890435104e-01
6.047656253099999958e+03	2.217684359556066909e-01
6.047851553099999364e+03	2.091908500923835845e-01
6.048046853099999680e+03	1.891426097050725730e-01
6.048242153099999996e+03	1.745780714850386772e-01
6.048437453099999402e+03	1.700502219855426489e-01
6.048632853099999920e+03	1.867027429677836636e-01
6.048828153100000236e+03	1.964370004930806601e-01
6.049023453099999642e+03	1.914689360411276908e-01
6.049218753099999958e+03	1.411470363509170767e-01
6.049414053099999364e+03	9.863622785466930054e-02
6.049609353099999680e+03	1.368175599189029867e-01
6.049804653099999996e+03	2.266501448149771392e-01
6.049999953099999402e+03	1.923969105749669950e-01
6.050195353099999920e+03	1.582124828378272952e-01
6.050390653100000236e+03	2.383967554638051212e-01
6.050585953099999642e+03	1.945903769688666074e-01
6.050781253099999958e+03	1.624963102457588349e-01
6.050976553099999364e+03	1.854889511024069293e-01
6.051171853099999680e+03	2.379364428275305698e-01
6.051367153099999996e+03	1.929135671724502288e-01
6.051562453099999402e+03	1.696589646727471035e-01
6.051757853099999920e+03	1.764057682706798857e-01
6.051953153100000236e+03	2.233923759796763164e-01
6.052148453099999642e+03	2.128534973373739092e-01
6.052343753099999958e+03	1.770724000079475502e-01
6.052539053099999364e+03	2.139991758679649081e-01
6.052734353099999680e+03	2.326632749639010456e-01
6.052929653099999996e+03	1.954797184157399670e-01
6.053124953099999402e+03	2.069375093754572958e-01
6.053320353099999920e+03	2.056137264650175212e-01
6.053515653100000236e+03	1.883697672810384915e-01
6.053710953099999642e+03	2.233380567922438331e-01
6.053906253099999958e+03	2.148198956984170849e-01
6.054101553099999364e+03	2.081615831449052934e-01
6.054296853099999680e+03	2.041245048956437103e-01
6.054492153099999996e+03	2.042570216596608645e-01
6.054687453099999402e+03	2.468865160853646046e-01
6.054882853099999920e+03	2.014335389560208966e-01
6.055078153100000236e+03	2.213655331761792411e-01
6.055273453099999642e+03	2.215816889675465973e-01
6.055468753099999958e+03	2.917230763089495582e-01
6.055664053099999364e+03	2.273086648385422848e-01
6.055859353099999680e+03	2.344991696613245580e-01
6.056054653099999996e+03	2.443799309369421024e-01
6.056249953099999402e+03	2.539515980503352921e-01
6.056445353099999920e+03	2.200911724507150780e-01
6.056640653100000236e+03	2.398861703701005155e-01
6.056835953099999642e+03	2.475083377981786015e-01
6.057031253099999958e+03	2.180844504787131655e-01
6.057226553099999364e+03	2.188710854803073147e-01
6.057421853099999680e+03	2.154209975356558004e-01
6.057617153099999996e+03	2.384634768731679344e-01
6.057812453099999402e+03	2.236696275159957281e-01
6.058007853099999920e+03	2.120621410674594642e-01
6.058203153100000236e+03	2.048277929703843370e-01
6.058398453099999642e+03	2.791310465304484012e-01
6.058593753099999958e+03	2.362139111061019037e-01
6.058789053099999364e+03	2.743352339267257634e-01
6.058984353099999680e+03	2.375756633934127393e-01
6.059179653099999996e+03	2.109718481193496586e-01
6.059374953099999402e+03	2.544104600604342181e-01
6.059570353099999920e+03	2.521453882664523860e-01
6.059765653100000236e+03	2.629512979094066338e-01
6.059960953099999642e+03	2.270133466954149526e-01
6.060156253099999958e+03	2.117881451160936734e-01
6.060351553099999364e+03	2.520266895129257279e-01
6.060546853099999680e+03	2.091263069565307831e-01
6.060742153099999996e+03	2.188484419231944145e-01
6.060937453099999402e+03	2.147972581952295457e-01
6.061132853099999920e+03	1.858085627389289840e-01
6.061328153100000236e+03	2.060123404557216986e-01
6.061523453099999642e+03	1.670686353701871241e-01
6.061718753099999958e+03	1.987105434120621794e-01
6.061914053099999364e+03	1.898757731713871522e-01
6.062109353099999680e+03	2.445450041852410550e-01
6.062304653099999996e+03	2.296823477396099378e-01
6.062499953099999402e+03	2.484104712948909111e-01
6.062695353099999920e+03	2.432820048298047766e-01
6.062890653100000236e+03	2.039795450327375193e-01
6.063085953099999642e+03	2.621716702491188045e-01
6.063281253099999958e+03	2.515112633606371162e-01
6.063476553099999364e+03	2.533389954212168504e-01
6.063671853099999680e+03	2.793907257065058047e-01
6.063867153099999996e+03	2.456293070437567394e-01
6.064062453099999402e+03	2.392359089560454066e-01
6.064257853099999920e+03	2.320184711879296202e-01
6.064453153100000236e+03	2.036714988867256437e-01
6.064648453099999642e+03	2.256781657681745656e-01
6.064843753099999958e+03	2.538973453096176058e-01
6.065039053099999364e+03	2.287319939281431402e-01
6.065234353099999680e+03	2.775039504571523707e-01
6.065429653099999996e+03	2.155217453673294870e-01
6.065624953099999402e+03	2.085261820397121824e-01
6.065820353099999920e+03	2.432729426591180300e-01
6.066015653100000236e+03	2.278019651870977214e-01
6.066210953099999642e+03	2.049138652395896543e-01
6.066406253099999958e+03	2.270156015649575920e-01
6.066601553099999364e+03	2.440644472424775557e-01
6.066796853099999680e+03	1.904219451190858337e-01
6.066992153099999996e+03	1.831790881460282350e-01
6.067187453099999402e+03	2.240871904028622907e-01
6.067382853099999920e+03	2.374908402205289093e-01
6.067578153100000236e+03	2.303611469777564480e-01
6.067773453099999642e+03	2.211572985746386166e-01
6.067968753099999958e+03	1.851376169792118276e-01
6.068164053099999364e+03	2.325252630719649716e-01
6.068359353099999680e+03	2.349323889459942194e-01
6.068554653099999996e+03	2.273369475514144256e-01
6.068749953099999402e+03	2.177505402173096627e-01
6.068945353099999920e+03	2.543935088306561454e-01
6.069140653100000236e+03	2.117213524342567155e-01
6.069335953099999642e+03	2.516559476753563729e-01
6.069531253099999958e+03	2.178037437001218990e-01
6.069726553099999364e+03	2.461064152900611646e-01
6.069921853099999680e+03	2.444500065872787786e-01
6.070117153099999996e+03	2.288802020939311177e-01
6.070312453099999402e+03	2.221724404503220285e-01
6.070507853099999920e+03	2.193158925622906708e-01
6.070703153100000236e+03	2.679797176856304475e-01
6.070898453099999642e+03	2.437806619692040044e-01
6.071093753099999958e+03	2.641082375453240871e-01
6.071289053099999364e+03	2.590078082902369516e-01
6.071484353099999680e+03	2.010235172772603107e-01
6.071679653099999996e+03	2.466027628999682975e-01
6.071874953099999402e+03	1.995521687822687795e-01
6.072070353099999920e+03	2.482895309555388508e-01
6.072265653100000236e+03	2.580958751348223501e-01
6.072460953099999642e+03	2.654119794408238420e-01
6.072656253099999958e+03	2.467350351333443825e-01
6.072851553099999364e+03	2.096992333150087262e-01
6.073046853099999680e+03	2.177426160777784503e-01
6.073242153099999996e+03	2.367545443198260102e-01
6.073437453099999402e+03	2.431078609975241278e-01
6.073632853099999920e+03	2.532383806249622893e-01
6.073828153100000236e+03	2.537153725225760326e-01
6.074023453099999642e+03	2.906182177071841011e-01
6.074218753099999958e+03	2.212512376762276745e-01
6.074414053099999364e+03	2.098656738105848518e-01
6.074609353099999680e+03	2.416118582206117082e-01
6.074804653099999996e+03	2.101351488656071353e-01
6.074999953099999402e+03	2.236560478808851116e-01
6.075195353099999920e+03	1.942754320062345386e-01
6.075390653100000236e+03	2.590620499158546863e-01
6.075585953099999642e+03	2.316168900576620615e-01
6.075781253099999958e+03	2.082193201681814543e-01
6.075976553099999364e+03	1.851172112546439763e-01
6.076171853099999680e+03	2.438281378054156789e-01
6.076367153099999996e+03	2.299221827207418301e-01
6.076562453099999402e+03	2.171313802479097887e-01
6.076757853099999920e+03	2.401168731972980197e-01
6.076953153100000236e+03	2.192457171900397128e-01
6.077148453099999642e+03	2.103525396980323592e-01
6.077343753099999958e+03	2.548738668812475794e-01
6.077539053099999364e+03	1.964132175310062678e-01
6.077734353099999680e+03	2.618824227599176879e-01
6.077929653099999996e+03	2.141078547239612107e-01
6.078124953099999402e+03	2.311179996424694849e-01
6.078320353099999920e+03	2.514637827201600118e-01
6.078515653100000236e+03	2.147712269860324596e-01
6.078710953099999642e+03	1.944906736975031691e-01
6.078906253099999958e+03	2.302287782496286184e-01
6.079101553099999364e+03	2.370135478432331411e-01
6.079296853099999680e+03	2.549631551011888320e-01
6.079492153099999996e+03	2.381739446896773416e-01
6.079687453099999402e+03	2.475999151046774926e-01
6.079882853099999920e+03	1.915006756275623445e-01
6.080078153100000236e+03	2.252674237113527766e-01
6.080273453099999642e+03	2.419148911126960400e-01
6.080468753099999958e+03	2.339324569275724741e-01
6.080664053099999364e+03	2.193023105611757728e-01
6.080859353099999680e+03	2.274840365803836306e-01
6.081054653099999996e+03	2.419590096441286420e-01
6.081249953099999402e+03	2.257517347136133168e-01
6.081445353099999920e+03	2.360227639669076893e-01
6.081640653100000236e+03	2.228107132174237393e-01
6.081835953099999642e+03	2.674284464046579046e-01
6.082031253099999958e+03	2.385777033566292005e-01
6.082226553099999364e+03	2.420935599986577813e-01
6.082421853099999680e+03	2.240656888597953866e-01
6.082617153099999996e+03	1.755713019855047463e-01
6.082812453099999402e+03	2.094682494583111065e-01
6.083007853099999920e+03	2.178784442323973281e-01
6.083203153100000236e+03	2.484557048122297829e-01
6.083398453099999642e+03	2.491543570511201011e-01
6.083593753099999958e+03	1.916989473677332967e-01
6.083789053099999364e+03	2.506600936299321347e-01
6.083984353099999680e+03	2.317130345671198910e-01
6.084179653099999996e+03	1.797444753150791996e-01
6.084374953099999402e+03	2.736870244863514046e-01
6.084570353099999920e+03	2.366403192107302544e-01
6.084765653100000236e+03	2.269726229388968619e-01
6.084960953099999642e+03	2.522663390452457577e-01
6.085156253099999958e+03	2.088273891432379514e-01
6.085351553099999364e+03	1.809404052555869669e-01
6.085546853099999680e+03	2.274410393219916671e-01
6.085742153099999996e+03	2.403272228916346620e-01
6.085937453099999402e+03	2.589524405535765794e-01
6.086132853099999920e+03	2.174483224516521318e-01
6.086328153100000236e+03	2.244549494642722465e-01
6.086523453099999642e+03	1.984670031947377566e-01
6.086718753099999958e+03	2.182802462331068227e-01
6.086914053099999364e+03	2.202926397860398566e-01
6.087109353099999680e+03	2.479209671430293582e-01
6.087304653099999996e+03	2.362433204704910139e-01
6.087499953099999402e+03	2.346009676868625604e-01
6.087695353099999920e+03	1.990447079864416935e-01
6.087890653100000236e+03	2.660265369088321563e-01
6.088085953099999642e+03	2.096211042295710314e-01
6.088281253099999958e+03	2.114881309851472935e-01
6.088476553099999364e+03	2.484602203907151363e-01
6.088671853099999680e+03	2.563216227876523590e-01
6.088867153099999996e+03	2.176498013680969734e-01
6.089062453099999402e+03	2.351303359921779190e-01
6.089257853099999920e+03	2.633365654497694663e-01
6.089453153100000236e+03	2.553688848240192044e-01
6.089648453099999642e+03	2.189254143778267547e-01
6.089843753099999958e+03	2.587840748978393890e-01
6.090039053099999364e+03	2.538882869933463127e-01
6.090234353099999680e+03	2.562232819621694802e-01
6.090429653099999996e+03	2.362161748608500034e-01
6.090624953099999402e+03	2.279083292469135102e-01
6.090820353099999920e+03	2.284242526560795739e-01
6.091015653100000236e+03	2.451928837943704309e-01
6.091210953099999642e+03	2.481402823495830745e-01
6.091406253099999958e+03	2.530869382317764149e-01
6.091601553099999364e+03	2.675888647717439284e-01
6.091796853099999680e+03	2.643680733115498782e-01
6.091992153099999996e+03	3.087863733667521871e-01
6.092187453099999402e+03	2.464501148212043802e-01
6.092382853099999920e+03	2.554909461236736234e-01
6.092578153100000236e+03	2.860842649784451908e-01
6.092773453099999642e+03	2.855887028759518387e-01
6.092968753099999958e+03	3.013736179854369368e-01
6.093164053099999364e+03	2.276922184620904233e-01
6.093359353099999680e+03	2.212659365909388498e-01
6.093554653099999996e+03	2.390967967826433949e-01
6.093749953099999402e+03	2.848086874636166499e-01
6.093945353099999920e+03	2.589366475248091604e-01
6.094140653100000236e+03	2.537097025387264893e-01
6.094335953099999642e+03	2.355669351897820007e-01
6.094531253099999958e+03	2.781735446788076160e-01
6.094726553099999364e+03	2.432344988159194088e-01
6.094921853099999680e+03	2.266987903997019771e-01
6.095117153099999996e+03	1.979753812084332765e-01
6.095312453099999402e+03	2.594552981732984875e-01
6.095507853099999920e+03	1.959362787357914470e-01
6.095703153100000236e+03	2.029070435887803114e-01
6.095898453099999642e+03	2.247039132691490693e-01
6.096093753099999958e+03	2.624202484249202882e-01
6.096289053099999364e+03	2.388955004839825591e-01
6.096484353099999680e+03	2.295454564142023202e-01
6.096679653099999996e+03	2.049602962808165785e-01
6.096874953099999402e+03	2.921203170722801445e-01
6.097070353099999920e+03	2.534079390900458861e-01
6.097265653100000236e+03	2.307808622840408219e-01
6.097460953099999642e+03	2.023237657723360172e-01
6.097656253099999958e+03	2.306111792027127905e-01
6.097851553099999364e+03	2.375021486982049623e-01
6.098046853099999680e+03	2.040792202290138135e-01
6.098242153099999996e+03	2.205733186130327539e-01
6.098437453099999402e+03	1.969490585327786647e-01
6.098632853099999920e+03	2.332571556381086708e-01
6.098828153100000236e+03	2.150315962018467530e-01
6.099023453099999642e+03	2.385358521083311700e-01
6.099218753099999958e+03	2.538136941095299193e-01
6.099414053099999364e+03	1.922971985657007110e-01
6.099609353099999680e+03	2.045299522279044879e-01
6.099804653099999996e+03	1.998455346909970842e-01
6.099999953099999402e+03	1.718238179224726991e-01
6.100195353099999920e+03	2.290284190988778334e-01
6.100390653100000236e+03	2.585139982868138731e-01
6.100585953099999642e+03	2.065762723908868281e-01
6.100781253099999958e+03	2.235756975052005657e-01
6.100976553099999364e+03	2.307989568209993791e-01
6.101171853099999680e+03	2.053192803220440510e-01
6.101367153099999996e+03	1.720744163600240739e-01
6.101562453099999402e+03	2.320682432433791575e-01
6.101757853099999920e+03	2.065185315744244576e-01
6.101953153100000236e+03	1.949495195552959359e-01
6.102148453099999642e+03	1.752594972976559973e-01
6.102343753099999958e+03	2.396271966453547009e-01
6.102539053099999364e+03	1.815083005646584979e-01
6.102734353099999680e+03	1.844779857250529176e-01
6.102929653099999996e+03	2.181727327944074091e-01
6.103124953099999402e+03	2.016034202069949544e-01
6.103320353099999920e+03	1.756801478370881853e-01
6.103515653100000236e+03	1.923912558586629018e-01
6.103710953099999642e+03	2.062512742901763119e-01
6.103906253099999958e+03	2.195965823587933130e-01
6.104101553099999364e+03	2.133618060989270759e-01
6.104296853099999680e+03	2.090538464864781787e-01
6.104492153099999996e+03	2.136165206240487890e-01
6.104687453099999402e+03	1.968686222952591436e-01
6.104882853099999920e+03	1.789645359686140580e-01
6.105078153100000236e+03	1.941145420854368808e-01
6.105273453099999642e+03	2.353305355882646666e-01
6.105468753099999958e+03	2.012421159133648274e-01
6.105664053099999364e+03	2.248974021076541874e-01
6.105859353099999680e+03	2.499049596201974310e-01
6.106054653099999996e+03	1.993924511943667710e-01
6.106249953099999402e+03	1.961877842892683077e-01
6.106445353099999920e+03	2.169989511404057936e-01
6.106640653100000236e+03	2.256125376926920723e-01
6.106835953099999642e+03	2.120225113283709106e-01
6.107031253099999958e+03	2.220751121175528198e-01
6.107226553099999364e+03	2.348452929145281587e-01
6.107421853099999680e+03	2.132259534012632685e-01
6.107617153099999996e+03	1.824615894848857778e-01
6.107812453099999402e+03	2.276254682699203613e-01
6.108007853099999920e+03	2.320558050974685926e-01
6.108203153100000236e+03	2.238834985052093884e-01
6.108398453099999642e+03	1.695240143576945968e-01
6.108593753099999958e+03	2.459560561825835379e-01
6.108789053099999364e+03	2.248566749020355360e-01
6.108984353099999680e+03	2.299617938036409015e-01
6.109179653099999996e+03	2.348622574264069840e-01
6.109374953099999402e+03	2.005262731825006028e-01
6.109570353099999920e+03	2.081230852375917095e-01
6.109765653100000236e+03	1.984647360186908571e-01
6.109960953099999642e+03	2.261862332112798413e-01
6.110156253099999958e+03	2.237046992953768410e-01
6.110351553099999364e+03	1.896480130674955689e-01
6.110546853099999680e+03	2.371119546819073776e-01
6.110742153099999996e+03	2.090685525746991402e-01
6.110937453099999402e+03	2.144316032798911920e-01
6.111132853099999920e+03	1.698426802442440930e-01
6.111328153100000236e+03	2.131365158286300243e-01
6.111523453099999642e+03	2.348023180427656342e-01
6.111718753099999958e+03	1.774261261021834457e-01
6.111914053099999364e+03	2.447779269362619914e-01
6.112109353099999680e+03	1.952599405660748744e-01
6.112304653099999996e+03	1.757311618628278893e-01
6.112499953099999402e+03	2.242490151658920183e-01
6.112695353099999920e+03	1.848168674404089273e-01
6.112890653100000236e+03	2.595570138594816001e-01
6.113085953099999642e+03	1.712159989102168822e-01
6.113281253099999958e+03	2.313612122726471654e-01
6.113476553099999364e+03	1.889975630324336464e-01
6.113671853099999680e+03	1.602353528508793090e-01
6.113867153099999996e+03	1.657041602719147022e-01
6.114062453099999402e+03	1.835417923906028648e-01
6.114257853099999920e+03	1.995770871638349320e-01
6.114453153100000236e+03	2.151945978528591041e-01
6.114648453099999642e+03	1.717863940203443462e-01
6.114843753099999958e+03	2.161681029140822830e-01
6.115039053099999364e+03	1.732616443879457790e-01
6.115234353099999680e+03	1.997549205940032380e-01
6.115429653099999996e+03	1.988351489927975280e-01
6.115624953099999402e+03	1.928286020560943115e-01
6.115820353099999920e+03	2.402921647323292831e-01
6.116015653100000236e+03	2.406879722794954546e-01
6.116210953099999642e+03	2.157028687415909474e-01
6.116406253099999958e+03	2.085646890529542219e-01
6.116601553099999364e+03	1.979481940088962943e-01
6.116796853099999680e+03	2.315557962196184150e-01
6.116992153099999996e+03	2.330173429619364356e-01
6.117187453099999402e+03	2.067653881950768380e-01
6.117382853099999920e+03	1.673964026963119522e-01
6.117578153100000236e+03	2.035559939805153817e-01
6.117773453099999642e+03	1.994672067418079564e-01
6.117968753099999958e+03	1.377350549873295193e-01
6.118164053099999364e+03	2.287919478815751972e-01
6.118359353099999680e+03	2.185122862312134373e-01
6.118554653099999996e+03	1.732446283080015803e-01
6.118749953099999402e+03	1.742005011097642608e-01
6.118945353099999920e+03	2.335388257060966311e-01
6.119140653100000236e+03	2.242048847782243115e-01
6.119335953099999642e+03	1.563108360437190925e-01
6.119531253099999958e+03	2.165484341201935337e-01
6.119726553099999364e+03	2.457175017623196567e-01
6.119921853099999680e+03	2.061765390125422925e-01
6.120117153099999996e+03	1.894667009551547210e-01
6.120312453099999402e+03	2.399664585763829905e-01
6.120507853099999920e+03	2.296733000683204295e-01
6.120703153100000236e+03	2.122557277931633735e-01
6.120898453099999642e+03	2.562651132649378383e-01
6.121093753099999958e+03	2.290465246238220232e-01
6.121289053099999364e+03	2.186820709423180631e-01
6.121484353099999680e+03	2.143421700201777469e-01
6.121679653099999996e+03	2.374535241508972661e-01
6.121874953099999402e+03	2.077177058738488569e-01
6.122070353099999920e+03	2.025129137297234649e-01
6.122265653100000236e+03	2.208562497132309232e-01
6.122460953099999642e+03	2.559950093747325184e-01
6.122656253099999958e+03	2.163786446391018359e-01
6.122851553099999364e+03	2.019624718817425446e-01
6.123046853099999680e+03	2.409537055488506496e-01
6.123242153099999996e+03	2.331711809207863695e-01
6.123437453099999402e+03	2.257686859632386245e-01
6.123632853099999920e+03	2.652165239139634423e-01
6.123828153100000236e+03	2.420992326225643865e-01
6.124023453099999642e+03	1.499955854915153708e-01
6.124218753099999958e+03	2.185869846459613797e-01
6.124414053099999364e+03	2.346654547772573096e-01
6.124609353099999680e+03	2.080528784415101029e-01
6.124804653099999996e+03	2.297570127686690000e-01
6.124999953099999402e+03	2.147519831273640989e-01
6.125195353099999920e+03	1.746495020252361030e-01
6.125390653100000236e+03	1.615819712243808937e-01
6.125585953099999642e+03	1.928399210223812332e-01
6.125781253099999958e+03	1.918768465202962403e-01
6.125976553099999364e+03	2.270303165275819879e-01
6.126171853099999680e+03	1.963848900863709446e-01
6.126367153099999996e+03	1.672171994644244819e-01
6.126562453099999402e+03	1.778535279192006158e-01
6.126757853099999920e+03	1.805538555663730449e-01
6.126953153100000236e+03	1.824933307547524919e-01
6.127148453099999642e+03	2.186605550257407771e-01
6.127343753099999958e+03	2.288915241897875319e-01
6.127539053099999364e+03	2.154345816458977936e-01
6.127734353099999680e+03	2.149296989668272317e-01
6.127929653099999996e+03	2.325693884806270262e-01
6.128124953099999402e+03	2.123995115985408688e-01
6.128320353099999920e+03	1.725563391291871085e-01
