# time(sec)	crack length FEA(mm)
2.823632853099999920e+03	1.359726743713132180e-01
2.823828153099999781e+03	2.063011074118588084e-01
2.824023453099999642e+03	1.393871677648572671e-01
2.824218753099999958e+03	1.521859717268565504e-01
2.824414053099999819e+03	1.838568724090006157e-01
2.824609353099999680e+03	1.395075431021197687e-01
2.824804653099999996e+03	1.704425934357409744e-01
2.824999953099999857e+03	1.265966290941626937e-01
2.825195353099999920e+03	1.649237838038875026e-01
2.825390653099999781e+03	1.585494491269123785e-01
2.825585953099999642e+03	1.396505941318260113e-01
2.825781253099999958e+03	2.060485751233027685e-01
2.825976553099999819e+03	1.698823865559084823e-01
2.826171853099999680e+03	1.320920591077019424e-01
2.826367153099999996e+03	1.593754091505399373e-01
2.826562453099999857e+03	1.993029641416121933e-01
2.826757853099999920e+03	1.727037602933894078e-01
2.826953153099999781e+03	1.717228843032021501e-01
2.827148453099999642e+03	2.183855230063720398e-01
2.827343753099999958e+03	1.834635718620454270e-01
2.827539053099999819e+03	1.924479002913166426e-01
2.827734353099999680e+03	1.493350482900606124e-01
2.827929653099999996e+03	1.673419715793897922e-01
2.828124953099999857e+03	2.018956334967025867e-01
2.828320353099999920e+03	1.671809085593345401e-01
2.828515653099999781e+03	1.702826998159210348e-01
2.828710953099999642e+03	1.531063169456139406e-01
2.828906253099999958e+03	1.607492818475719787e-01
2.829101553099999819e+03	1.864704272067925217e-01
2.829296853099999680e+03	1.757527147218400643e-01
2.829492153099999996e+03	2.093742757952536948e-01
2.829687453099999857e+03	1.377202972202873354e-01
2.829882853099999920e+03	1.742537972574957905e-01
2.830078153099999781e+03	1.509375852678296326e-01
2.830273453099999642e+03	1.308869973322543956e-01
2.830468753099999958e+03	2.011639701364043020e-01
2.830664053099999819e+03	1.586651812618917745e-01
2.830859353099999680e+03	2.106401186448998430e-01
2.831054653099999996e+03	1.165397319404437582e-01
2.831249953099999857e+03	1.538745841870365894e-01
2.831445353099999920e+03	1.819594489275289106e-01
2.831640653099999781e+03	1.259399942086396607e-01
2.831835953099999642e+03	1.732117551958207713e-01
2.832031253099999958e+03	2.035808986461731251e-01
2.832226553099999819e+03	1.721934757960355000e-01
2.832421853099999680e+03	1.458515266375322028e-01
2.832617153099999996e+03	1.499955854915153708e-01
2.832812453099999857e+03	1.230781444735953301e-01
2.833007853099999920e+03	1.383902501355507297e-01
2.833203153099999781e+03	1.298647251711670947e-01
2.833398453099999642e+03	1.768343269328340739e-01
2.833593753099999958e+03	1.648954304671583770e-01
2.833789053099999819e+03	1.567091048432072142e-01
2.833984353099999680e+03	1.426626984531260689e-01
2.834179653099999996e+03	2.008864689296689932e-01
2.834374953099999857e+03	1.288958235104757932e-01
2.834570353099999920e+03	1.217521903497846836e-01
2.834765653099999781e+03	1.793136877868910517e-01
2.834960953099999642e+03	1.584575549948681328e-01
2.835156253099999958e+03	1.710016675730976488e-01
2.835351553099999819e+03	1.446016938311345257e-01
2.835546853099999680e+03	1.532776764822294524e-01
2.835742153099999996e+03	1.405339481237071197e-01
2.835937453099999857e+03	1.561792252462250730e-01
2.836132853099999920e+03	1.525116720461880959e-01
2.836328153099999781e+03	1.589465323822132348e-01
2.836523453099999642e+03	1.542581338787112344e-01
2.836718753099999958e+03	1.240427324513309060e-01
2.836914053099999819e+03	1.330006636969791600e-01
2.837109353099999680e+03	1.178205008492110295e-01
2.837304653099999996e+03	1.481739281375631379e-01
2.837499953099999857e+03	1.670901761954635134e-01
2.837695353099999920e+03	1.466847106797324329e-01
2.837890653099999781e+03	1.469367012568749686e-01
2.838085953099999642e+03	1.528872978873163646e-01
2.838281253099999958e+03	1.708032124400222784e-01
2.838476553099999819e+03	1.201227726683349317e-01
2.838671853099999680e+03	1.071962180522607611e-01
2.838867153099999996e+03	1.378985700754586929e-01
2.839062453099999857e+03	1.134949495304056200e-01
2.839257853099999920e+03	1.321886059426962134e-01
2.839453153099999781e+03	1.228497574576579154e-01
2.839648453099999642e+03	1.310528205413348246e-01
2.839843753099999958e+03	9.709516423243691463e-02
2.840039053099999819e+03	1.330381552592321270e-01
2.840234353099999680e+03	1.120923311898494035e-01
2.840429653099999996e+03	1.548629623197310679e-01
2.840624953099999857e+03	1.144587728465928933e-01
2.840820353099999920e+03	1.564038784081063227e-01
2.841015653099999781e+03	1.404510679560786457e-01
2.841210953099999642e+03	1.044049874627752672e-01
2.841406253099999958e+03	1.154680237893224160e-01
2.841601553099999819e+03	1.433722482808814647e-01
2.841796853099999680e+03	1.517286135315671913e-01
2.841992153099999996e+03	1.673725823992633366e-01
2.842187453099999857e+03	1.651642597323270678e-01
2.842382853099999920e+03	1.572435248121291096e-01
2.842578153099999781e+03	9.248620705124999120e-02
2.842773453099999642e+03	1.585789499079552911e-01
2.842968753099999958e+03	2.351450364587606146e-01
2.843164053099999819e+03	1.736165541300405124e-01
2.843359353099999680e+03	1.369072508273188049e-01
2.843554653099999996e+03	1.333709038356616361e-01
2.843749953099999857e+03	1.712647621262135544e-01
2.843945353099999920e+03	1.844077125635923409e-01
2.844140653099999781e+03	1.795732966104139905e-01
2.844335953099999642e+03	1.497572551607717628e-01
2.844531253099999958e+03	1.549457949005343949e-01
2.844726553099999819e+03	1.938720860671665491e-01
2.844921853099999680e+03	1.708814725078866559e-01
2.845117153099999996e+03	1.763513469801925027e-01
2.845312453099999857e+03	2.028085019774668041e-01
2.845507853099999920e+03	1.859672280056194893e-01
2.845703153099999781e+03	1.808202578614999112e-01
2.845898453099999642e+03	1.502611818262025167e-01
2.846093753099999958e+03	1.777390334838067076e-01
2.846289053099999819e+03	1.805209823063318453e-01
2.846484353099999680e+03	1.736120250154833400e-01
2.846679653099999996e+03	1.241756536677041112e-01
2.846874953099999857e+03	1.461478035739602888e-01
2.847070353099999920e+03	1.846593339658859634e-01
2.847265653099999781e+03	2.040123972274905384e-01
2.847460953099999642e+03	2.149613990768166616e-01
2.847656253099999958e+03	1.669608822530488368e-01
2.847851553099999819e+03	1.581001499892629170e-01
2.848046853099999680e+03	1.542910513473643164e-01
2.848242153099999996e+03	1.927232176599815716e-01
2.848437453099999857e+03	2.217548455659752449e-01
2.848632853099999920e+03	1.587536636008746171e-01
2.848828153099999781e+03	1.580456889407457766e-01
2.849023453099999642e+03	1.564379236789452676e-01
2.849218753099999958e+03	1.758071373126739445e-01
2.849414053099999819e+03	1.547233803220890991e-01
2.849609353099999680e+03	1.558580951210153387e-01
2.849804653099999996e+03	1.908332695941723500e-01
2.849999953099999857e+03	1.750440805040671677e-01
2.850195353099999920e+03	1.523936499144245005e-01
2.850390653099999781e+03	1.737718876538032475e-01
2.850585953099999642e+03	1.748501862751066227e-01
2.850781253099999958e+03	1.938902170664942304e-01
2.850976553099999819e+03	1.390987795823672712e-01
2.851171853099999680e+03	2.096856363623729180e-01
2.851367153099999996e+03	2.112934004468964844e-01
2.851562453099999857e+03	1.809857512776140709e-01
2.851757853099999920e+03	1.331426298898179539e-01
2.851953153099999781e+03	1.856748286921643398e-01
2.852148453099999642e+03	1.626199560311896164e-01
2.852343753099999958e+03	1.658209895821922686e-01
2.852539053099999819e+03	1.650451474147907049e-01
2.852734353099999680e+03	1.331517124989467504e-01
2.852929653099999996e+03	1.360862476055597625e-01
2.853124953099999857e+03	1.539165577617325198e-01
2.853320353099999920e+03	1.354162332104706934e-01
2.853515653099999781e+03	1.191307516707791336e-01
2.853710953099999642e+03	1.667771358149305883e-01
2.853906253099999958e+03	1.656724074697653037e-01
2.854101553099999819e+03	1.502520956565973620e-01
2.854296853099999680e+03	1.275008755250617298e-01
2.854492153099999996e+03	1.188046180823221221e-01
2.854687453099999857e+03	1.960076483766375333e-01
2.854882853099999920e+03	1.311084719542776611e-01
2.855078153099999781e+03	1.527965137906086568e-01
2.855273453099999642e+03	1.583214040921792076e-01
2.855468753099999958e+03	1.656088920016642874e-01
2.855664053099999819e+03	1.432326120983873352e-01
2.855859353099999680e+03	1.160999211498676686e-01
2.856054653099999996e+03	1.364712007639194979e-01
2.856249953099999857e+03	1.687619060034943885e-01
2.856445353099999920e+03	1.417192567249259127e-01
2.856640653099999781e+03	1.451409157716305742e-01
2.856835953099999642e+03	1.548788406974939136e-01
2.857031253099999958e+03	1.285096028277266100e-01
2.857226553099999819e+03	1.331789700623726702e-01
2.857421853099999680e+03	1.648137609860640396e-01
2.857617153099999996e+03	1.418747976876986172e-01
2.857812453099999857e+03	1.300532790951187678e-01
2.858007853099999920e+03	1.752356942128212580e-01
2.858203153099999781e+03	1.527340964872472284e-01
2.858398453099999642e+03	1.218317161905453361e-01
2.858593753099999958e+03	1.440397685178282927e-01
2.858789053099999819e+03	1.476177573855164127e-01
2.858984353099999680e+03	1.538689012754517194e-01
2.859179653099999996e+03	1.418191603796046252e-01
2.859374953099999857e+03	1.533537005129694819e-01
2.859570353099999920e+03	1.675699345821044517e-01
2.859765653099999781e+03	6.241740282274932383e-02
2.859960953099999642e+03	1.058660175207570830e-01
2.860156253099999958e+03	8.201849960913065729e-02
2.860351553099999819e+03	8.444466468377598289e-02
2.860546853099999680e+03	1.462476896026210227e-01
2.860742153099999996e+03	1.118627312337778790e-01
2.860937453099999857e+03	6.464729947547454003e-02
2.861132853099999920e+03	1.000191217544781352e-01
2.861328153099999781e+03	1.294819343988464766e-01
2.861523453099999642e+03	9.239065189337480888e-02
2.861718753099999958e+03	1.182750702623884820e-01
2.861914053099999819e+03	1.334129312242833265e-01
2.862109353099999680e+03	1.269169823095737115e-01
2.862304653099999996e+03	9.801868243499889388e-02
2.862499953099999857e+03	1.190216602563687331e-01
2.862695353099999920e+03	1.380268921941034677e-01
2.862890653099999781e+03	1.543023877353633111e-01
2.863085953099999642e+03	1.280495395233636202e-01
2.863281253099999958e+03	1.409642515478921609e-01
2.863476553099999819e+03	1.543296223387340405e-01
2.863671853099999680e+03	1.402183037155335654e-01
2.863867153099999996e+03	1.325066146998121752e-01
2.864062453099999857e+03	1.751744722630892426e-01
2.864257853099999920e+03	1.104395650563922970e-01
2.864453153099999781e+03	1.174704923201694839e-01
2.864648453099999642e+03	1.182534777423320804e-01
2.864843753099999958e+03	1.865418141054639989e-01
2.865039053099999819e+03	2.079045467266062985e-01
2.865234353099999680e+03	1.145280999205304795e-01
2.865429653099999996e+03	1.147258679921350222e-01
2.865624953099999857e+03	1.462692483174805602e-01
2.865820353099999920e+03	1.413945475960964870e-01
2.866015653099999781e+03	1.220351071658427600e-01
2.866210953099999642e+03	1.585800804294290600e-01
2.866406253099999958e+03	1.574171172346883196e-01
2.866601553099999819e+03	1.360453562280028450e-01
2.866796853099999680e+03	1.012506999330540225e-01
2.866992153099999996e+03	1.399003926118282948e-01
2.867187453099999857e+03	1.675290944889198386e-01
2.867382853099999920e+03	9.172630735521281053e-02
2.867578153099999781e+03	1.508887922540420590e-01
2.867773453099999642e+03	1.335208285155360386e-01
2.867968753099999958e+03	1.073883503609636136e-01
2.868164053099999819e+03	8.033871031557637821e-02
2.868359353099999680e+03	1.002602101899690012e-01
2.868554653099999996e+03	1.284630299612992133e-01
2.868749953099999857e+03	1.171568325093659269e-01
2.868945353099999920e+03	1.124697044065037232e-01
2.869140653099999781e+03	1.140371046924126830e-01
2.869335953099999642e+03	1.211317864544287914e-01
2.869531253099999958e+03	1.388114999924852100e-01
2.869726553099999819e+03	1.726731365034943622e-01
2.869921853099999680e+03	1.275497335311825964e-01
2.870117153099999996e+03	6.461313850216754417e-02
2.870312453099999857e+03	1.449524751195667704e-01
2.870507853099999920e+03	1.283835055921187518e-01
2.870703153099999781e+03	9.585883947564610708e-02
2.870898453099999642e+03	1.188773398650546653e-01
2.871093753099999958e+03	1.212454268072367114e-01
2.871289053099999819e+03	9.893532841503827058e-02
2.871484353099999680e+03	9.780941127600684126e-02
2.871679653099999996e+03	1.158157953048757349e-01
2.871874953099999857e+03	1.140427868618072438e-01
2.872070353099999920e+03	1.231326814361359823e-01
2.872265653099999781e+03	1.313674386797547555e-01
2.872460953099999642e+03	1.217533225309246347e-01
2.872656253099999958e+03	1.174000312214840136e-01
2.872851553099999819e+03	7.992215697012206022e-02
2.873046853099999680e+03	1.325236584350193425e-01
2.873242153099999996e+03	1.165135984991216844e-01
2.873437453099999857e+03	1.083967523531743637e-01
2.873632853099999920e+03	7.864287065670616528e-02
2.873828153099999781e+03	7.718254460384166293e-02
2.874023453099999642e+03	1.392225309777028741e-01
2.874218753099999958e+03	1.046153367192061978e-01
2.874414053099999819e+03	1.484281754685063959e-01
2.874609353099999680e+03	9.306635174098332186e-02
2.874804653099999996e+03	9.678581273849751199e-02
2.874999953099999857e+03	7.754905494621944229e-02
2.875195353099999920e+03	1.025856962618316714e-01
2.875390653099999781e+03	7.903440295697450324e-02
2.875585953099999642e+03	1.122173678176157097e-01
2.875781253099999958e+03	1.389239094718170975e-01
2.875976553099999819e+03	1.220794276162813219e-01
2.876171853099999680e+03	9.741931291931571479e-02
2.876367153099999996e+03	1.275690444684514091e-01
2.876562453099999857e+03	1.084990639167759952e-01
2.876757853099999920e+03	8.665668636458434548e-02
2.876953153099999781e+03	1.181898421741145455e-01
2.877148453099999642e+03	1.712840297071842599e-01
2.877343753099999958e+03	1.474474902111282404e-01
2.877539053099999819e+03	1.736834583097195406e-01
2.877734353099999680e+03	1.352356698277557001e-01
2.877929653099999996e+03	1.113989553850114333e-01
2.878124953099999857e+03	1.108146782026260269e-01
2.878320353099999920e+03	1.381040938824558140e-01
2.878515653099999781e+03	1.542819666372015064e-01
2.878710953099999642e+03	1.189750698006051266e-01
2.878906253099999958e+03	1.273816038240092041e-01
2.879101553099999819e+03	1.074576969316574093e-01
2.879296853099999680e+03	1.273020760313414712e-01
2.879492153099999996e+03	1.529758201074322699e-01
2.879687453099999857e+03	1.503417580682704369e-01
2.879882853099999920e+03	1.652640798030517999e-01
2.880078153099999781e+03	1.384095527389987978e-01
2.880273453099999642e+03	1.225452707402787667e-01
2.880468753099999958e+03	1.811172318818687899e-01
2.880664053099999819e+03	1.639119980349423855e-01
2.880859353099999680e+03	1.502067037557210938e-01
2.881054653099999996e+03	1.452169644599301535e-01
2.881249953099999857e+03	1.838863531497558768e-01
2.881445353099999920e+03	1.729282654270072328e-01
2.881640653099999781e+03	1.709687817773826168e-01
2.881835953099999642e+03	1.088116892270267755e-01
2.882031253099999958e+03	1.474043552868646856e-01
2.882226553099999819e+03	1.530927087315507862e-01
2.882421853099999680e+03	1.508751633393305980e-01
2.882617153099999996e+03	1.438093096794119674e-01
2.882812453099999857e+03	1.135904255330686397e-01
2.883007853099999920e+03	1.184284820452958797e-01
2.883203153099999781e+03	1.475269444695470611e-01
2.883398453099999642e+03	1.607515426947934145e-01
2.883593753099999958e+03	1.671400678323049505e-01
2.883789053099999819e+03	1.539914686233228025e-01
2.883984353099999680e+03	1.725416115757383295e-01
2.884179653099999996e+03	1.303667877178504853e-01
2.884374953099999857e+03	1.561054710448033234e-01
2.884570353099999920e+03	1.581614234004966590e-01
2.884765653099999781e+03	1.180148362095572168e-01
2.884960953099999642e+03	1.241995150010453131e-01
2.885156253099999958e+03	1.636783210765457852e-01
2.885351553099999819e+03	1.784045098548716624e-01
2.885546853099999680e+03	1.936307566411539227e-01
2.885742153099999996e+03	1.838852237693089364e-01
2.885937453099999857e+03	1.147008651639254140e-01
2.886132853099999920e+03	1.408507198836943530e-01
2.886328153099999781e+03	1.885000799492431156e-01
2.886523453099999642e+03	9.865101835690026633e-02
2.886718753099999958e+03	1.641161688392660523e-01
2.886914053099999819e+03	1.414774246487677800e-01
2.887109353099999680e+03	1.138302416098824210e-01
2.887304653099999996e+03	1.401706212078419611e-01
2.887499953099999857e+03	1.264830226990447670e-01
2.887695353099999920e+03	1.409267815716859218e-01
2.887890653099999781e+03	1.456233563971700562e-01
2.888085953099999642e+03	1.791187164804739496e-01
2.888281253099999958e+03	1.543999896326582189e-01
2.888476553099999819e+03	1.093062042601715689e-01
2.888671853099999680e+03	1.107146511813112966e-01
2.888867153099999996e+03	1.774419999329275299e-01
2.889062453099999857e+03	1.411901917832825148e-01
2.889257853099999920e+03	1.222396188941825557e-01
2.889453153099999781e+03	1.352822301370633085e-01
2.889648453099999642e+03	9.571893906024975252e-02
2.889843753099999958e+03	1.412900975436066631e-01
2.890039053099999819e+03	1.125106244063758254e-01
2.890234353099999680e+03	9.626147750005209502e-02
2.890429653099999996e+03	1.337104866359908328e-01
2.890624953099999857e+03	1.380200742445794049e-01
2.890820353099999920e+03	1.284278148453150692e-01
2.891015653099999781e+03	1.503519750977808656e-01
2.891210953099999642e+03	1.272271049994504466e-01
2.891406253099999958e+03	1.306064437462453043e-01
2.891601553099999819e+03	1.331789700623726702e-01
2.891796853099999680e+03	1.096370017635095451e-01
2.891992153099999996e+03	1.521212912793181715e-01
2.892187453099999857e+03	1.439977686663240775e-01
2.892382853099999920e+03	1.557321449446273931e-01
2.892578153099999781e+03	1.207806918114719963e-01
2.892773453099999642e+03	1.154066461032279278e-01
2.892968753099999958e+03	1.658697535523927513e-01
2.893164053099999819e+03	1.468980993975144145e-01
2.893359353099999680e+03	7.472494335024393308e-02
2.893554653099999996e+03	1.454598916213161175e-01
2.893749953099999857e+03	1.391657661479435149e-01
2.893945353099999920e+03	1.209454495203150515e-01
2.894140653099999781e+03	1.516366846587580142e-01
2.894335953099999642e+03	1.144144487194118653e-01
2.894531253099999958e+03	1.032019868089726344e-01
2.894726553099999819e+03	1.152986807593912033e-01
2.894921853099999680e+03	1.628615843870289126e-01
2.895117153099999996e+03	1.477017449025392892e-01
2.895312453099999857e+03	1.298783654973512114e-01
2.895507853099999920e+03	1.309665040192840024e-01
2.895703153099999781e+03	1.307302565132495431e-01
2.895898453099999642e+03	1.492022504470327249e-01
2.896093753099999958e+03	1.180773398741550295e-01
2.896289053099999819e+03	1.207477303795165824e-01
2.896484353099999680e+03	1.463952557589021097e-01
2.896679653099999996e+03	1.492113272473165608e-01
2.896874953099999857e+03	1.186546250803850455e-01
2.897070353099999920e+03	1.191557598542196672e-01
2.897265653099999781e+03	1.368572990297618475e-01
2.897460953099999642e+03	1.106396306541927999e-01
2.897656253099999958e+03	1.133096787724330312e-01
2.897851553099999819e+03	1.461966058076846764e-01
2.898046853099999680e+03	1.492873636010791927e-01
2.898242153099999996e+03	1.220794276162813219e-01
2.898437453099999857e+03	1.179057399515457405e-01
2.898632853099999920e+03	1.272838968208063193e-01
2.898828153099999781e+03	1.407769108603478259e-01
2.899023453099999642e+03	1.386956860033876637e-01
2.899218753099999958e+03	1.476007238949677003e-01
2.899414053099999819e+03	1.398470234124342682e-01
2.899609353099999680e+03	1.216374298625098049e-01
2.899804653099999996e+03	1.507526002629298034e-01
2.899999953099999857e+03	1.250629579669713110e-01
2.900195353099999920e+03	1.264648428958121684e-01
2.900390653099999781e+03	1.590270904749520042e-01
2.900585953099999642e+03	1.706489904906476340e-01
2.900781253099999958e+03	1.413934065474506951e-01
2.900976553099999819e+03	1.310971153295348302e-01
2.901171853099999680e+03	1.391010423813270336e-01
2.901367153099999996e+03	1.306632279279185127e-01
2.901562453099999857e+03	9.743864701236226722e-02
2.901757853099999920e+03	1.531414974590834532e-01
2.901953153099999781e+03	1.450364715570593432e-01
2.902148453099999642e+03	1.570585668114166111e-01
2.902343753099999958e+03	1.056386265248026035e-01
2.902539053099999819e+03	1.338649260750663927e-01
2.902734353099999680e+03	1.344566278359931033e-01
2.902929653099999996e+03	1.376680646043393352e-01
2.903124953099999857e+03	1.433711073221353161e-01
2.903320353099999920e+03	1.382642122559616382e-01
2.903515653099999781e+03	9.768543627051151645e-02
2.903710953099999642e+03	1.478549770337806990e-01
2.903906253099999958e+03	1.236780347919559375e-01
2.904101553099999819e+03	1.295909804067729709e-01
2.904296853099999680e+03	6.579975447814234712e-02
2.904492153099999996e+03	1.221282766458386959e-01
2.904687453099999857e+03	1.386377788084924845e-01
2.904882853099999920e+03	7.824109078553220797e-02
2.905078153099999781e+03	1.372626753354637685e-01
2.905273453099999642e+03	1.060820287614312463e-01
2.905468753099999958e+03	1.440579356015412316e-01
2.905664053099999819e+03	1.185534871617992536e-01
2.905859353099999680e+03	1.098404914299351276e-01
2.906054653099999996e+03	1.636681094743650533e-01
2.906249953099999857e+03	1.243574383954531015e-01
2.906445353099999920e+03	1.224589054631231022e-01
2.906640653099999781e+03	1.374330116108186672e-01
2.906835953099999642e+03	1.704482725920968278e-01
2.907031253099999958e+03	1.372161186983547054e-01
2.907226553099999819e+03	1.041127790808573650e-01
2.907421853099999680e+03	1.255117070577078664e-01
2.907617153099999996e+03	1.742877988159019509e-01
2.907812453099999857e+03	1.318671882266251316e-01
2.908007853099999920e+03	1.286765931164328691e-01
2.908203153099999781e+03	1.667771358149305883e-01
2.908398453099999642e+03	1.559965401663880868e-01
2.908593753099999958e+03	1.150679678384509685e-01
2.908789053099999819e+03	1.602217485042896072e-01
2.908984353099999680e+03	1.069972579038456217e-01
2.909179653099999996e+03	1.556254932482801223e-01
2.909374953099999857e+03	1.053032154375586060e-01
2.909570353099999920e+03	1.122014526793222444e-01
2.909765653099999781e+03	1.298067976089978259e-01
2.909960953099999642e+03	1.454803296520097433e-01
2.910156253099999958e+03	1.297511433119282742e-01
2.910351553099999819e+03	1.244165203446012669e-01
2.910546853099999680e+03	8.880365838884074492e-02
2.910742153099999996e+03	1.386082643269670456e-01
2.910937453099999857e+03	1.140984857223159565e-01
2.911132853099999920e+03	1.324918538596868700e-01
2.911328153099999781e+03	1.293547199627695932e-01
2.911523453099999642e+03	9.156249362486867938e-02
2.911718753099999958e+03	7.687521187126833411e-02
2.911914053099999819e+03	1.039035586069818606e-01
2.912109353099999680e+03	1.019261677775133990e-01
2.912304653099999996e+03	1.125970141086423126e-01
2.912499953099999857e+03	1.076987140847567304e-01
2.912695353099999920e+03	1.581943260007694363e-01
2.912890653099999781e+03	1.397380219319224182e-01
2.913085953099999642e+03	8.943053813720069911e-02
2.913281253099999958e+03	1.209477139552319613e-01
2.913476553099999819e+03	1.074349622933006287e-01
2.913671853099999680e+03	8.993225546532812587e-02
2.913867153099999996e+03	1.085274810090943731e-01
2.914062453099999857e+03	1.070779828070342887e-01
2.914257853099999920e+03	1.166192938003636215e-01
2.914453153099999781e+03	1.080613780470578433e-01
2.914648453099999642e+03	1.346951132424720754e-01
2.914843753099999958e+03	1.158442138913784447e-01
2.915039053099999819e+03	1.156112215364686335e-01
2.915234353099999680e+03	1.142348766265488536e-01
2.915429653099999996e+03	1.234542109253506936e-01
2.915624953099999857e+03	7.850401552109431691e-02
2.915820353099999920e+03	1.359738254210149933e-01
2.916015653099999781e+03	1.178523240018520823e-01
2.916210953099999642e+03	1.400298261035199943e-01
2.916406253099999958e+03	8.925420028407060613e-02
2.916601553099999819e+03	1.314537538239441972e-01
2.916796853099999680e+03	1.291786598966773170e-01
2.916992153099999996e+03	1.306337040721654574e-01
2.917187453099999857e+03	7.052290260502402930e-02
2.917382853099999920e+03	9.529809000450306655e-02
2.917578153099999781e+03	1.349801572534765626e-01
2.917773453099999642e+03	1.546462199961737838e-01
2.917968753099999958e+03	1.140632504715242135e-01
2.918164053099999819e+03	1.612098765346594575e-01
2.918359353099999680e+03	1.332777857985671943e-01
2.918554653099999996e+03	8.024310904640330477e-02
2.918749953099999857e+03	1.068108064112411881e-01
2.918945353099999920e+03	1.274622535308722604e-01
2.919140653099999781e+03	6.753858843837434733e-02
2.919335953099999642e+03	1.214079073157137145e-01
2.919531253099999958e+03	1.153657308168032358e-01
2.919726553099999819e+03	1.208522756548742194e-01
2.919921853099999680e+03	8.287314810955237476e-02
2.920117153099999996e+03	1.318490220759649389e-01
2.920312453099999857e+03	1.247800752406291735e-01
2.920507853099999920e+03	1.710889959058761178e-01
2.920703153099999781e+03	1.643940777679926413e-01
2.920898453099999642e+03	1.034623742092968257e-01
2.921093753099999958e+03	1.449218271736611996e-01
2.921289053099999819e+03	1.373319492667608444e-01
2.921484353099999680e+03	1.506618084411144309e-01
2.921679653099999996e+03	1.416318455771463647e-01
2.921874953099999857e+03	1.370707713066181554e-01
2.922070353099999920e+03	1.449365709563181781e-01
2.922265653099999781e+03	1.292206747862483240e-01
2.922460953099999642e+03	1.139484451098020656e-01
2.922656253099999958e+03	1.266784230385589183e-01
2.922851553099999819e+03	1.135813358505046722e-01
2.923046853099999680e+03	1.403170819992602958e-01
2.923242153099999996e+03	1.300146707820495351e-01
