# time(sec)	crack length FEA(mm)
1.606171886719999929e+04	6.360379602042058877e-01
1.606191386720000082e+04	6.002526254317679388e-01
1.606210986720000074e+04	6.397490979065683092e-01
1.606230486720000044e+04	6.479131016381991515e-01
1.606249986720000015e+04	6.376950070901408196e-01
1.606269486719999986e+04	6.361082970431795047e-01
1.606289086719999978e+04	6.271167162342372592e-01
1.606308586719999948e+04	6.153132963802008248e-01
1.606328086719999919e+04	6.011341686595059741e-01
1.606347686720000092e+04	6.279476497082718822e-01
1.606367186720000063e+04	6.133099513599997721e-01
1.606386686720000034e+04	6.183661465502705568e-01
1.606406286720000026e+04	6.171932928694481291e-01
1.606425786719999996e+04	5.779589138416962868e-01
1.606445286719999967e+04	6.255707424560306151e-01
1.606464886719999959e+04	6.415879320720314638e-01
1.606484386719999929e+04	5.862969494343861498e-01
1.606503886720000082e+04	6.286760931834667332e-01
1.606523486720000074e+04	6.219692123846911613e-01
1.606542986720000044e+04	6.230269586058945208e-01
1.606562486720000015e+04	5.936332872375693626e-01
1.606581986719999986e+04	5.567958273824569204e-01
1.606601586719999978e+04	6.188681572097998185e-01
1.606621086719999948e+04	6.402755529530761436e-01
1.606640586719999919e+04	5.678319332883674520e-01
1.606660186720000092e+04	6.133927514296573236e-01
1.606679686720000063e+04	6.185824930866505866e-01
1.606699186720000034e+04	6.296983714432400348e-01
1.606718786720000026e+04	5.779444139841736217e-01
1.606738286719999996e+04	6.037786077332825130e-01
1.606757786719999967e+04	6.317893139867756247e-01
1.606777386719999959e+04	5.820655995074304201e-01
1.606796886719999929e+04	6.036947074375618172e-01
1.606816386720000082e+04	6.133565453327385342e-01
1.606835986720000074e+04	6.291872154425615093e-01
1.606855486720000044e+04	5.983350975902332891e-01
1.606874986720000015e+04	6.010461305524295028e-01
1.606894486719999986e+04	5.739417955745089728e-01
1.606914086719999978e+04	5.629115690649726389e-01
1.606933586719999948e+04	5.965935286574115537e-01
1.606953086719999919e+04	5.539117056735403111e-01
1.606972686720000092e+04	5.744105213774552965e-01
1.606992186720000063e+04	5.362012233735313771e-01
1.607011686720000034e+04	5.775254997749001973e-01
1.607031286720000026e+04	6.180607630985601730e-01
1.607050786719999996e+04	5.655134541143187477e-01
1.607070286719999967e+04	6.046610826133917982e-01
1.607089886719999959e+04	5.700537043378357538e-01
1.607109386719999929e+04	5.996103724143466707e-01
1.607128886720000082e+04	5.818737750659490615e-01
1.607148486720000074e+04	5.903845753401562035e-01
1.607167986720000044e+04	6.161673698794789544e-01
1.607187486720000015e+04	5.679107441103035114e-01
1.607206986719999986e+04	5.757824586500532860e-01
1.607226586719999978e+04	5.863891807369103759e-01
1.607246086719999948e+04	5.916094900223569653e-01
1.607265586719999919e+04	5.865104992277849760e-01
1.607285186720000092e+04	5.967209462835718625e-01
1.607304686720000063e+04	6.276279155705992707e-01
1.607324186720000034e+04	5.938176942143869042e-01
1.607343786720000026e+04	5.430926082989806503e-01
1.607363286719999996e+04	5.682685928420418975e-01
1.607382786719999967e+04	5.753199676273652585e-01
1.607402386719999959e+04	5.859072040169870377e-01
1.607421886719999929e+04	5.914488871998528907e-01
1.607441386720000082e+04	5.825227627161062571e-01
1.607460986720000074e+04	5.767768978997658280e-01
1.607480486720000044e+04	5.870535937679104421e-01
1.607499986720000015e+04	5.815109243526954685e-01
1.607519486719999986e+04	6.240049710521429205e-01
1.607539086719999978e+04	5.836941454890762770e-01
1.607558586719999948e+04	5.967053984674102196e-01
1.607578086719999919e+04	5.829405228862487576e-01
1.607597686720000092e+04	5.831800055829532425e-01
1.607617186720000063e+04	5.682458097896070370e-01
1.607636686720000034e+04	5.778147788200342916e-01
1.607656286720000026e+04	5.704664831143837489e-01
1.607675786719999996e+04	5.355655869790254542e-01
1.607695286719999967e+04	5.467317008083263374e-01
1.607714886719999959e+04	5.929079289648182538e-01
1.607734386719999929e+04	6.127291067674871528e-01
1.607753886720000082e+04	6.022715170575754229e-01
1.607773486720000074e+04	6.202593249658523433e-01
1.607792986720000044e+04	5.733154212332269850e-01
1.607812486720000015e+04	6.176260047938253450e-01
1.607831986719999986e+04	5.601610333199680269e-01
1.607851586719999978e+04	5.735809029314591356e-01
1.607871086719999948e+04	6.176218699600646289e-01
1.607890586719999919e+04	6.137468586380769864e-01
1.607910186720000092e+04	6.134186764206646103e-01
1.607929686720000063e+04	6.187657072553065518e-01
1.607949186720000034e+04	5.927897753834638905e-01
1.607968786720000026e+04	6.210470331846806857e-01
1.607988286719999996e+04	5.877055245710813836e-01
1.608007786719999967e+04	5.883273911719388849e-01
1.608027386719999959e+04	5.892187027829400847e-01
1.608046886719999929e+04	5.464129820472347632e-01
1.608066386720000082e+04	5.835697409884375020e-01
1.608085986720000074e+04	5.626428346973639805e-01
1.608105486720000044e+04	5.953284386340449430e-01
1.608124986720000015e+04	6.054937852085373606e-01
1.608144486719999986e+04	5.751073802301558402e-01
1.608164086719999978e+04	6.181715388436721526e-01
1.608183586719999948e+04	6.041131739823946134e-01
1.608203086719999919e+04	5.830960435402570141e-01
1.608222686720000092e+04	6.327173349996844109e-01
1.608242186720000063e+04	6.166176893041601659e-01
1.608261686720000034e+04	6.143018083799400841e-01
1.608281286720000026e+04	5.931700740670553529e-01
1.608300786719999996e+04	5.763361946970047001e-01
1.608320286719999967e+04	5.905244880658493400e-01
1.608339886719999959e+04	5.914291967690843421e-01
1.608359386719999929e+04	5.892974537196327134e-01
1.608378886720000082e+04	6.190576289195988124e-01
1.608398486720000074e+04	6.026185249407234323e-01
1.608417986720000044e+04	5.734274509054948510e-01
1.608437486720000015e+04	5.957615287341120336e-01
1.608456986719999986e+04	6.004411825545314940e-01
1.608476586719999978e+04	5.954341107978216030e-01
1.608496086719999948e+04	6.076707312121847337e-01
1.608515586719999919e+04	5.976409642624886942e-01
1.608535186720000092e+04	6.168071695708050584e-01
1.608554686720000063e+04	6.228675665945448969e-01
1.608574186720000034e+04	6.155224044616058876e-01
1.608593786720000026e+04	6.245565587416415099e-01
1.608613286719999996e+04	5.722513810550555746e-01
1.608632786719999967e+04	5.868815559268192317e-01
1.608652386719999959e+04	6.729545802395406895e-01
1.608671886719999929e+04	5.828503534019606747e-01
1.608691386720000082e+04	6.004370448135389893e-01
1.608710986720000074e+04	6.186622076462438002e-01
1.608730486720000044e+04	5.953367069432786707e-01
1.608749986720000015e+04	5.650310664753810386e-01
1.608769486719999986e+04	6.267348830281544991e-01
1.608789086719999978e+04	6.128885649196682550e-01
1.608808586719999948e+04	6.129517021982806568e-01
1.608828086719999919e+04	5.916312454727457038e-01
1.608847686720000092e+04	5.693380092341726595e-01
1.608867186720000063e+04	5.965033471565934775e-01
1.608886686720000034e+04	5.870877732685180206e-01
1.608906286720000026e+04	5.803736705389255235e-01
1.608925786719999996e+04	6.328063165934132428e-01
1.608945286719999967e+04	5.933648897366321506e-01
1.608964886719999959e+04	6.099748320153963732e-01
1.608984386719999929e+04	5.988779297863100481e-01
1.609003886720000082e+04	6.031177805687164550e-01
1.609023486720000074e+04	6.335769939995454791e-01
1.609042986720000044e+04	5.973767489777319639e-01
1.609062486720000015e+04	6.270732684193838224e-01
1.609081986719999986e+04	5.992363851857831492e-01
1.609101586719999978e+04	5.679294376971295577e-01
1.609121086719999948e+04	6.088575093653112447e-01
1.609140586719999919e+04	6.175659473762387108e-01
1.609160186720000092e+04	6.379949564753388813e-01
1.609179686720000063e+04	6.076531265424094386e-01
1.609199186720000034e+04	6.214444874059523727e-01
1.609218786720000026e+04	5.979538201617415893e-01
1.609238286719999996e+04	5.832370130545871945e-01
1.609257786719999967e+04	6.034295521400050433e-01
1.609277386719999959e+04	6.377612077290635284e-01
1.609296886719999929e+04	6.253989131544521740e-01
1.609316386720000082e+04	5.686845290695696775e-01
1.609335986720000074e+04	5.802875704120662448e-01
1.609355486720000044e+04	5.883470840981424033e-01
1.609374986720000015e+04	5.684117682937266380e-01
1.609394486719999986e+04	6.213854529179378972e-01
1.609414086719999978e+04	6.404472154073239665e-01
1.609433586719999948e+04	6.059650387019299700e-01
1.609453086719999919e+04	6.050577357484669960e-01
1.609472686720000092e+04	5.991213945543876207e-01
1.609492186720000063e+04	6.023492116605861924e-01
1.609511686720000034e+04	6.105432805924699835e-01
1.609531286720000026e+04	5.886849417343835711e-01
1.609550786719999996e+04	6.001583819192291003e-01
1.609570286719999967e+04	6.278679654411192246e-01
1.609589886719999959e+04	5.776727716390954726e-01
1.609609386719999929e+04	6.075930535136908617e-01
1.609628886720000082e+04	6.251930186353256147e-01
1.609648486720000074e+04	6.019721965595703495e-01
1.609667986720000044e+04	6.067562857287445155e-01
1.609687486720000015e+04	5.850852494645657487e-01
1.609706986719999986e+04	5.902457122595965444e-01
1.609726586719999978e+04	5.751530404459828105e-01
1.609746086719999948e+04	5.904187947000103520e-01
1.609765586719999919e+04	6.028681540285933949e-01
1.609785186720000092e+04	5.807894101996282643e-01
1.609804686720000063e+04	6.040831642777924060e-01
1.609824186720000034e+04	5.672406613813549825e-01
1.609843786720000026e+04	6.104511403056740448e-01
1.609863286719999996e+04	5.431985059548534167e-01
1.609882786719999967e+04	5.773368283934026124e-01
1.609902386719999959e+04	6.058366105479340291e-01
1.609921886719999929e+04	5.831312793164293851e-01
1.609941386720000082e+04	5.831592488464032442e-01
1.609960986720000074e+04	5.792176255132535090e-01
1.609980486720000044e+04	5.815047173912031298e-01
1.609999986720000015e+04	6.187988377076454327e-01
1.610019486719999986e+04	5.866876947279227039e-01
1.610039086719999978e+04	6.311499510005162961e-01
1.610058586719999948e+04	5.915162101940492079e-01
1.610078086719999919e+04	5.709798743097351803e-01
1.610097686720000092e+04	6.039774760862908209e-01
1.610117186720000063e+04	5.974171703901038910e-01
1.610136686720000034e+04	6.142386745885417554e-01
1.610156286720000026e+04	5.941482668108744036e-01
1.610175786719999996e+04	6.055631958287612804e-01
1.610195286719999967e+04	5.861155575213601310e-01
1.610214886719999959e+04	5.713573759089349835e-01
1.610234386719999929e+04	5.952216979820654785e-01
1.610253886720000082e+04	5.895710413714443376e-01
1.610273486720000074e+04	6.208938341228336100e-01
1.610292986720000044e+04	5.832960862614537945e-01
1.610312486720000015e+04	5.789646824574816719e-01
1.610331986719999986e+04	6.027262832331121700e-01
1.610351586719999978e+04	5.307229508402500073e-01
1.610371086719999948e+04	5.922353965742725990e-01
1.610390586719999919e+04	6.125986418499991260e-01
1.610410186720000092e+04	5.678454233667658002e-01
1.610429686720000063e+04	5.889253742350692988e-01
1.610449186720000034e+04	6.467292233853640937e-01
1.610468786720000026e+04	6.351659389473596207e-01
1.610488286719999996e+04	5.968017378103382953e-01
1.610507786719999967e+04	5.595944442527418516e-01
1.610527386719999959e+04	5.995243933215821386e-01
1.610546886719999929e+04	5.906467919814382128e-01
1.610566386720000082e+04	6.096838692529065185e-01
1.610585986720000074e+04	5.865902649621173026e-01
1.610605486720000044e+04	5.748543947260031928e-01
1.610624986720000015e+04	5.840196546969558256e-01
1.610644486719999986e+04	6.293558895732083158e-01
1.610664086719999978e+04	5.900944388245132899e-01
1.610683586719999948e+04	5.937348278473493224e-01
1.610703086719999919e+04	5.692695560795186793e-01
1.610722686720000092e+04	5.776426671510179744e-01
1.610742186720000063e+04	5.968141973743286144e-01
1.610761686720000034e+04	5.899659273321251618e-01
1.610781286720000026e+04	6.030950299234820733e-01
1.610800786719999996e+04	6.424814252762089950e-01
1.610820286719999967e+04	5.812310395854218825e-01
1.610839886719999959e+04	6.053570807628698702e-01
1.610859386719999929e+04	5.914550916406220438e-01
1.610878886720000082e+04	5.969302134098732893e-01
1.610898486720000074e+04	6.155348544908250119e-01
1.610917986720000044e+04	5.999211297658249009e-01
1.610937486720000015e+04	6.455939429760615411e-01
1.610956986719999986e+04	6.475088309928231922e-01
1.610976586719999978e+04	6.056895614405632955e-01
1.610996086719999948e+04	6.295379653149240085e-01
1.611015586719999919e+04	5.938944098844949337e-01
1.611035186720000092e+04	6.319196675788489870e-01
1.611054686720000063e+04	5.868960415899220351e-01
1.611074186720000034e+04	5.863871151299253626e-01
1.611093786720000026e+04	5.908706477799867685e-01
1.611113286719999996e+04	5.895606879701631442e-01
1.611132786719999967e+04	5.793607458977323432e-01
1.611152386719999959e+04	6.304722664367634621e-01
1.611171886719999929e+04	6.049293562099471444e-01
1.611191386720000082e+04	5.993078869812897835e-01
1.611210986720000074e+04	5.992446610732464762e-01
1.611230486720000044e+04	5.793254423535305619e-01
1.611249986720000015e+04	5.523455340491967291e-01
1.611269486719999986e+04	6.388048191737034642e-01
1.611289086719999978e+04	6.003261975863249944e-01
1.611308586719999948e+04	5.895731067097838007e-01
1.611328086719999919e+04	5.723914063300856725e-01
1.611347686720000092e+04	6.073217311692715725e-01
1.611367186720000063e+04	6.215469261293282699e-01
1.611386686720000034e+04	5.886176020495508254e-01
1.611406286720000026e+04	6.029272332516839583e-01
1.611425786719999996e+04	5.895130426827144277e-01
1.611445286719999967e+04	5.781227402596123000e-01
1.611464886719999959e+04	5.543455285900638074e-01
1.611484386719999929e+04	5.614113191467460240e-01
1.611503886720000082e+04	5.788827722012630517e-01
1.611523486720000074e+04	5.945565008934963203e-01
1.611542986720000044e+04	5.831706646084491297e-01
1.611562486720000015e+04	6.253264920308669872e-01
1.611581986719999986e+04	5.596131441826521780e-01
1.611601586719999978e+04	6.136060648176027144e-01
1.611621086719999948e+04	5.841492035933697480e-01
1.611640586719999919e+04	5.952517808611457184e-01
1.611660186720000092e+04	5.842777456245702439e-01
1.611679686720000063e+04	5.979911080820237146e-01
1.611699186720000034e+04	6.179262007477994700e-01
1.611718786720000026e+04	5.599701068879507915e-01
1.611738286719999996e+04	5.630734285436247433e-01
1.611757786719999967e+04	5.806473579263737861e-01
1.611777386719999959e+04	5.873842043152084358e-01
1.611796886719999929e+04	5.864793995134309768e-01
1.611816386720000082e+04	6.165949512177419933e-01
1.611835986720000074e+04	6.245213737074788440e-01
1.611855486720000044e+04	5.863291088970221665e-01
1.611874986720000015e+04	6.002702354293987241e-01
1.611894486719999986e+04	5.694697117461711144e-01
1.611914086719999978e+04	6.069975993230052325e-01
1.611933586719999948e+04	5.905192893124606712e-01
1.611953086719999919e+04	5.825984452093244670e-01
1.611972686720000092e+04	6.065563813308294527e-01
1.611992186720000063e+04	5.903597386780425893e-01
1.612011686720000034e+04	5.899534553787173508e-01
1.612031286720000026e+04	5.830327757380722176e-01
1.612050786719999996e+04	6.193484801179689470e-01
1.612070286719999967e+04	6.239894405776880149e-01
1.612089886719999959e+04	5.721311054932485263e-01
1.612109386719999929e+04	5.892756961947398509e-01
1.612128886720000082e+04	5.707807466216969772e-01
1.612148486720000074e+04	5.547482573094004721e-01
1.612167986720000044e+04	5.795981350833727674e-01
1.612187486720000015e+04	5.979641611133512669e-01
1.612206986719999986e+04	6.172750749610660392e-01
1.612226586719999978e+04	5.579777912056869127e-01
1.612246086719999948e+04	6.169054927814361378e-01
1.612265586719999919e+04	5.995834272292128730e-01
1.612285186720000092e+04	5.682063470334952626e-01
1.612304686720000063e+04	6.052607840058108479e-01
1.612324186720000034e+04	6.117154483549711586e-01
1.612343786720000026e+04	5.539833309801807104e-01
1.612363286719999996e+04	5.473764027238932073e-01
1.612382786719999967e+04	5.653630348099341063e-01
1.612402386719999959e+04	5.929131272108350004e-01
1.612421886719999929e+04	6.012636358884151377e-01
1.612441386720000082e+04	6.330080235935060529e-01
1.612460986720000074e+04	6.198297983031153535e-01
1.612480486720000044e+04	5.976295641469224762e-01
1.612499986720000015e+04	5.887004857442548200e-01
1.612519486719999986e+04	5.861404519114756795e-01
1.612539086719999978e+04	5.773782893724934695e-01
1.612558586719999948e+04	5.987225182810522739e-01
1.612578086719999919e+04	6.211256816944210613e-01
1.612597686720000092e+04	6.081118757241306128e-01
1.612617186720000063e+04	6.257994255585934695e-01
1.612636686720000034e+04	6.154675442215982173e-01
1.612656286720000026e+04	5.907255383235145985e-01
1.612675786719999996e+04	6.109057010213891914e-01
1.612695286719999967e+04	5.612255985135448100e-01
1.612714886719999959e+04	6.429643574276440177e-01
1.612734386719999929e+04	5.722181875177678734e-01
1.612753886720000082e+04	5.930281559235890398e-01
1.612773486720000074e+04	5.937182278378312361e-01
1.612792986720000044e+04	5.492844317183340763e-01
1.612812486720000015e+04	6.101746550979196826e-01
1.612831986719999986e+04	5.857040574203722372e-01
1.612851586719999978e+04	5.830100064130316895e-01
1.612871086719999948e+04	6.011165592838167981e-01
1.612890586719999919e+04	6.122165817087044104e-01
1.612910186720000092e+04	5.757264403551065612e-01
1.612929686720000063e+04	5.876361077872616079e-01
1.612949186720000034e+04	6.168589055737623283e-01
1.612968786720000026e+04	5.741792907304077431e-01
1.612988286719999996e+04	5.542884538694341501e-01
1.613007786719999967e+04	5.737883458090173860e-01
1.613027386719999959e+04	5.963883436788659509e-01
1.613046886719999929e+04	6.180617678896460632e-01
1.613066386720000082e+04	5.502300936538500054e-01
1.613085986720000074e+04	6.123770482289980777e-01
1.613105486720000044e+04	5.727543832524801815e-01
1.613124986720000015e+04	6.081719474782065760e-01
1.613144486719999986e+04	5.636243238235891795e-01
1.613164086719999978e+04	6.011103572924909599e-01
1.613183586719999948e+04	5.868141578609975539e-01
1.613203086719999919e+04	5.626106975985933900e-01
1.613222686720000092e+04	6.072326567215480253e-01
1.613242186720000063e+04	5.824688346784672177e-01
1.613261686720000034e+04	5.508788586836654844e-01
1.613281286720000026e+04	5.594159920115959750e-01
1.613300786719999996e+04	6.006742296752936028e-01
1.613320286719999967e+04	5.640444827683293028e-01
1.613339886719999959e+04	5.922074374124530749e-01
1.613359386719999929e+04	5.792290431128943595e-01
1.613378886720000082e+04	5.807894101996282643e-01
1.613398486720000074e+04	5.577744039960830236e-01
1.613417986720000044e+04	5.919556343911231977e-01
1.613437486720000015e+04	5.918478197488106218e-01
1.613456986719999986e+04	5.800315035686551823e-01
1.613476586719999978e+04	5.723063382647062269e-01
1.613496086719999948e+04	6.125323818768375617e-01
1.613515586719999919e+04	6.046444811194984226e-01
1.613535186720000092e+04	5.771356236335289935e-01
1.613554686720000063e+04	5.953408455469606508e-01
1.613574186720000034e+04	6.095161177865975333e-01
1.613593786720000026e+04	6.004815455137961777e-01
1.613613286719999996e+04	5.784451884903791807e-01
1.613632786719999967e+04	6.130873591914909326e-01
1.613652386719999959e+04	6.117175118244571053e-01
1.613671886719999929e+04	5.794198284559897161e-01
1.613691386720000082e+04	6.085664799332271002e-01
1.613710986720000074e+04	6.114379723822160884e-01
1.613730486720000044e+04	6.162098233327242269e-01
1.613749986720000015e+04	5.728829851001915330e-01
1.613769486719999986e+04	5.947627069826122437e-01
1.613789086719999978e+04	6.050940075167687837e-01
1.613808586719999948e+04	6.298349397932501148e-01
1.613828086719999919e+04	6.248959877103406058e-01
1.613847686720000092e+04	6.021679475969587969e-01
1.613867186720000063e+04	5.879273328902723250e-01
1.613886686720000034e+04	5.892176433914908529e-01
1.613906286720000026e+04	5.947440338680909377e-01
1.613925786719999996e+04	5.942290668326002390e-01
1.613945286719999967e+04	5.816218657318898977e-01
1.613964886719999959e+04	6.443572796887213627e-01
1.613984386719999929e+04	6.209238231970903854e-01
1.614003886720000082e+04	6.152263053262423398e-01
1.614023486720000074e+04	6.443148662578916941e-01
1.614042986720000044e+04	5.716737037475532190e-01
1.614062486720000015e+04	6.173216702676320722e-01
1.614081986719999986e+04	6.322393988518637542e-01
1.614101586719999978e+04	5.704115217779026636e-01
1.614121086719999948e+04	5.867612987725436824e-01
1.614140586719999919e+04	6.692722998066535922e-01
1.614160186720000092e+04	6.141144253167230005e-01
1.614179686720000063e+04	6.155990431836926291e-01
1.614199186720000034e+04	5.962795962775615521e-01
1.614218786720000026e+04	6.154188822230377554e-01
1.614238286719999996e+04	6.341656605154319948e-01
1.614257786719999967e+04	5.862503038928785770e-01
1.614277386719999959e+04	6.589391221190314951e-01
1.614296886719999929e+04	6.138462524860184288e-01
1.614316386720000082e+04	5.718033714127468414e-01
1.614335986720000074e+04	6.292606916653387117e-01
1.614355486720000044e+04	6.214548184266899256e-01
1.614374986720000015e+04	6.049344985218123583e-01
1.614394486719999986e+04	6.151538540454932757e-01
1.614414086719999978e+04	6.119753196204680279e-01
1.614433586719999948e+04	6.404182541712426513e-01
1.614453086719999919e+04	6.000381899918174611e-01
1.614472686720000092e+04	6.080953299463089934e-01
1.614492186720000063e+04	6.454915606850590848e-01
1.614511686720000034e+04	6.364869094088021484e-01
1.614531286720000026e+04	6.227412897600430597e-01
1.614550786719999996e+04	6.531491776785554038e-01
1.614570286719999967e+04	6.370651191539096203e-01
1.614589886719999959e+04	6.480051095750649637e-01
1.614609386719999929e+04	6.059225585580065854e-01
1.614628886720000082e+04	6.175224914654684483e-01
1.614648486720000074e+04	6.036470896655501406e-01
1.614667986720000044e+04	6.078985677656518760e-01
1.614687486720000015e+04	6.402041709374639566e-01
1.614706986719999986e+04	6.445371739927079346e-01
1.614726586719999978e+04	6.030484074948176954e-01
1.614746086719999948e+04	5.954175564419976752e-01
1.614765586719999919e+04	5.889792880525828167e-01
1.614785186720000092e+04	6.354204249791308712e-01
1.614804686720000063e+04	5.945430255214176896e-01
1.614824186720000034e+04	5.733610847890364681e-01
1.614843786720000026e+04	6.471531525443765531e-01
1.614863286719999996e+04	6.319248575356581910e-01
1.614882786719999967e+04	6.161259656864714884e-01
1.614902386719999959e+04	6.045947922293333221e-01
1.614921886719999929e+04	6.365179455707536960e-01
1.614941386720000082e+04	6.234885485904033686e-01
1.614960986720000074e+04	6.343332428218584340e-01
1.614980486720000044e+04	6.337932058532107504e-01
1.614999986720000015e+04	6.123822512328924716e-01
1.615019486719999986e+04	6.045689201584636407e-01
1.615039086719999978e+04	6.269170316429004686e-01
1.615058586719999948e+04	6.357421185395590868e-01
1.615078086719999919e+04	5.602378009957007521e-01
1.615097686720000092e+04	6.154406165048342814e-01
1.615117186720000063e+04	6.175866749381331289e-01
1.615136686720000034e+04	6.016489903726167654e-01
1.615156286720000026e+04	6.056802290546485779e-01
1.615175786719999996e+04	6.445992258061181701e-01
1.615195286719999967e+04	6.296869862690694930e-01
1.615214886719999959e+04	6.270515444829722895e-01
1.615234386719999929e+04	5.877532267947529476e-01
1.615253886720000082e+04	6.532153363999384510e-01
1.615273486720000074e+04	6.063678713475688653e-01
1.615292986720000044e+04	5.922571514682779537e-01
1.615312486720000015e+04	6.238590357635782624e-01
1.615331986719999986e+04	6.168568336458761792e-01
1.615351586719999978e+04	6.331321768093722824e-01
1.615371086719999948e+04	6.206174670228641332e-01
1.615390586719999919e+04	6.237338308409157150e-01
1.615410186720000092e+04	6.356749083581227922e-01
1.615429686720000063e+04	5.974192350663543039e-01
1.615449186720000034e+04	6.192066515796046389e-01
1.615468786720000026e+04	6.445485611251715596e-01
1.615488286719999996e+04	6.074739656147407629e-01
1.615507786719999967e+04	6.363348645204958132e-01
1.615527386719999959e+04	6.378088123722633895e-01
1.615546886719999929e+04	6.377446820193455324e-01
1.615566386720000082e+04	6.009011259206289424e-01
1.615585986720000074e+04	6.106965534424446673e-01
1.615605486720000044e+04	6.316289660278116003e-01
1.615624986720000015e+04	6.181404793600808745e-01
1.615644486719999986e+04	6.406137507316262969e-01
1.615664086719999978e+04	6.330670299962797287e-01
1.615683586719999948e+04	6.719816513031684480e-01
1.615703086719999919e+04	5.853174367258979771e-01
1.615722686720000092e+04	6.240660082991382751e-01
1.615742186720000063e+04	6.146538303044444262e-01
1.615761686720000034e+04	5.979144586510614090e-01
1.615781286720000026e+04	6.169313606925328486e-01
1.615800786719999996e+04	6.062809107309874435e-01
1.615820286719999967e+04	6.191807949684360324e-01
1.615839886719999959e+04	6.162118864228354198e-01
1.615859386719999929e+04	5.948859954630769664e-01
1.615878886720000082e+04	6.465917459079442153e-01
1.615898486720000074e+04	6.124112457300441292e-01
1.615917986720000044e+04	6.172098324903529942e-01
1.615937486720000015e+04	5.627901960347863053e-01
1.615956986719999986e+04	5.868162234319544979e-01
1.615976586719999978e+04	6.103465914797681080e-01
1.615996086719999948e+04	5.673827825021824367e-01
1.616015586719999919e+04	5.759877629580998359e-01
1.616035186720000092e+04	6.336070297092000203e-01
1.616054686720000063e+04	6.036418936997662854e-01
1.616074186720000034e+04	5.513324490224889018e-01
1.616093786720000026e+04	6.060178474229829249e-01
1.616113286719999996e+04	5.680383110731845875e-01
1.616132786719999967e+04	5.828368715840497316e-01
