# time(sec)	crack length FEA(mm)
5.020175686719999794e+04	2.487820070957940999e+00
5.020195186719999765e+04	2.491800866486164168e+00
5.020214786720000120e+04	2.526814014496800098e+00
5.020234286720000091e+04	2.524282657815103192e+00
5.020253786720000062e+04	2.505621207131344619e+00
5.020273386719999689e+04	2.521341182746514420e+00
5.020292886719999660e+04	2.510374109080611760e+00
5.020312386720000359e+04	2.499068568866078976e+00
5.020331886720000330e+04	2.509437522995341396e+00
5.020351486719999957e+04	2.524930916169834560e+00
5.020370986719999928e+04	2.483337209670990475e+00
5.020390486719999899e+04	2.509972509300723686e+00
5.020410086720000254e+04	2.508769877728463271e+00
5.020429586720000225e+04	2.497217256448136524e+00
5.020449086720000196e+04	2.488824502026943719e+00
5.020468686719999823e+04	2.497152332658131968e+00
5.020488186719999794e+04	2.530590608849795586e+00
5.020507686719999765e+04	2.460410108400953533e+00
5.020527286720000120e+04	2.510849923973390574e+00
5.020546786720000091e+04	2.519823660334791882e+00
5.020566286720000062e+04	2.508953074610920098e+00
5.020585886719999689e+04	2.496340277124083684e+00
5.020605386719999660e+04	2.507904669512686979e+00
5.020624886720000359e+04	2.522645224274713271e+00
5.020644386720000330e+04	2.486983638545215314e+00
5.020663986719999957e+04	2.494972683066421837e+00
5.020683486719999928e+04	2.506419643143079412e+00
5.020702986719999899e+04	2.523981446089148761e+00
5.020722586720000254e+04	2.516744072029402091e+00
5.020742086720000225e+04	2.535780035233374363e+00
5.020761586720000196e+04	2.525475100987124577e+00
5.020781186719999823e+04	2.529047700683651811e+00
5.020800686719999794e+04	2.472066326152855709e+00
5.020820186719999765e+04	2.491220418288872196e+00
5.020839786720000120e+04	2.524804016898618997e+00
5.020859286720000091e+04	2.521084803229289406e+00
5.020878786720000062e+04	2.520184789806378944e+00
5.020898386719999689e+04	2.525071077602735414e+00
5.020917886719999660e+04	2.525955416507713380e+00
5.020937386720000359e+04	2.491618673502266290e+00
5.020956886720000330e+04	2.530073071516746097e+00
5.020976486719999957e+04	2.540431217739410386e+00
5.020995986719999928e+04	2.536862203382144187e+00
5.021015486719999899e+04	2.518597495151857046e+00
5.021035086720000254e+04	2.512984327408251062e+00
5.021054586720000225e+04	2.560037466715289867e+00
5.021074086720000196e+04	2.507332515343197343e+00
5.021093686719999823e+04	2.495362999638190971e+00
5.021113186719999794e+04	2.539624454529436193e+00
5.021132686719999765e+04	2.531508116740999625e+00
5.021152286720000120e+04	2.533064845231173479e+00
5.021171786720000091e+04	2.500136332169018871e+00
5.021191286720000062e+04	2.516605822674705450e+00
5.021210886719999689e+04	2.526998860781725753e+00
5.021230386719999660e+04	2.563553237780048732e+00
5.021249886720000359e+04	2.549143107806489894e+00
5.021269386720000330e+04	2.560940492867072038e+00
5.021288986719999957e+04	2.483169218795611144e+00
5.021308486719999928e+04	2.545382326682229746e+00
5.021327986719999899e+04	2.510495193813850889e+00
5.021347586720000254e+04	2.510229183370631389e+00
5.021367086720000225e+04	2.536131571896193648e+00
5.021386586720000196e+04	2.508972082428330808e+00
5.021406186719999823e+04	2.496826891053324005e+00
5.021425686719999794e+04	2.519512805775770303e+00
5.021445186719999765e+04	2.466280449543043929e+00
5.021464786720000120e+04	2.513132101821060616e+00
5.021484286720000091e+04	2.528066239632417833e+00
5.021503786720000062e+04	2.479619371311772014e+00
5.021523386719999689e+04	2.527096031339812754e+00
5.021542886719999660e+04	2.508344406045065256e+00
5.021562386720000359e+04	2.483911223431986670e+00
5.021581886720000330e+04	2.482366978931544566e+00
5.021601486719999957e+04	2.519371625897834477e+00
5.021620986719999928e+04	2.486177848037041116e+00
5.021640486719999899e+04	2.530495172714486429e+00
5.021660086720000254e+04	2.528575229707048067e+00
5.021679586720000225e+04	2.544730914257527843e+00
5.021699086720000196e+04	2.496698106650159232e+00
5.021718686719999823e+04	2.494919066256224838e+00
5.021738186719999794e+04	2.516357086290463840e+00
5.021757686719999765e+04	2.551893497878072736e+00
5.021777286720000120e+04	2.482869243595082764e+00
5.021796786720000091e+04	2.527168642922955399e+00
5.021816286720000062e+04	2.518487920632273003e+00
5.021835886719999689e+04	2.555276260785264597e+00
5.021855386719999660e+04	2.549822028705165167e+00
5.021874886720000359e+04	2.546603059007786385e+00
5.021894386720000330e+04	2.531917913533154874e+00
5.021913986719999957e+04	2.493443486522327390e+00
5.021933486719999928e+04	2.520548943103770867e+00
5.021952986719999899e+04	2.525782923299384919e+00
5.021972586720000254e+04	2.534779728539838572e+00
5.021992086720000225e+04	2.525275832841797907e+00
5.022011586720000196e+04	2.514629285213754173e+00
5.022031186719999823e+04	2.498536020120091905e+00
5.022050686719999794e+04	2.509973492418149377e+00
5.022070186719999765e+04	2.539195903105346375e+00
5.022089786720000120e+04	2.559442730599954530e+00
5.022109286720000091e+04	2.521545154203819195e+00
5.022128786720000062e+04	2.541561666782428119e+00
5.022148386719999689e+04	2.526302281725229193e+00
5.022167886719999660e+04	2.535340033605940846e+00
5.022187386720000359e+04	2.538695915781428170e+00
5.022206886720000330e+04	2.508032650390635609e+00
5.022226486719999957e+04	2.572970096430855946e+00
5.022245986719999928e+04	2.544358658146315122e+00
5.022265486719999899e+04	2.536956629718872591e+00
5.022285086720000254e+04	2.546314424360202722e+00
5.022304586720000225e+04	2.525914483264340760e+00
5.022324086720000196e+04	2.520583253613537522e+00
5.022343686719999823e+04	2.532302740648741946e+00
5.022363186719999794e+04	2.573914327022315263e+00
5.022382686719999765e+04	2.516351189311787806e+00
5.022402286720000120e+04	2.524455162900247629e+00
5.022421786720000091e+04	2.534123334135362171e+00
5.022441286720000062e+04	2.573577777526294241e+00
5.022460886719999689e+04	2.578049702500056384e+00
5.022480386719999660e+04	2.532287517927311882e+00
5.022499886720000359e+04	2.547685425284964111e+00
5.022519386720000330e+04	2.592479365536334512e+00
5.022538986719999957e+04	2.537790983981578208e+00
5.022558486719999928e+04	2.555215434076703929e+00
5.022577986719999899e+04	2.584948219357126931e+00
5.022597586720000254e+04	2.562815901449173595e+00
5.022617086720000225e+04	2.539722550547441671e+00
5.022636586720000196e+04	2.563221186174571287e+00
5.022656186719999823e+04	2.544881499902109212e+00
5.022675686719999794e+04	2.509899103074458182e+00
5.022695186719999765e+04	2.532034950147007635e+00
5.022714786720000120e+04	2.548197637133835514e+00
5.022734286720000091e+04	2.557914373802276486e+00
5.022753786720000062e+04	2.526384228542797317e+00
5.022773386719999689e+04	2.562386580712544770e+00
5.022792886719999660e+04	2.559267723375768355e+00
5.022812386720000359e+04	2.498804140406427621e+00
5.022831886720000330e+04	2.536142127727769591e+00
5.022851486719999957e+04	2.595630913801121764e+00
5.022870986719999928e+04	2.521963735977283960e+00
5.022890486719999899e+04	2.523465880504806691e+00
5.022910086720000254e+04	2.497241028999717116e+00
5.022929586720000225e+04	2.545703118051182656e+00
5.022949086720000196e+04	2.534799777677278598e+00
5.022968686719999823e+04	2.515273899210018982e+00
5.022988186719999794e+04	2.552090396571799147e+00
5.023007686719999765e+04	2.530168509501422136e+00
5.023027286720000120e+04	2.517615563330091177e+00
5.023046786720000091e+04	2.510890148206943451e+00
5.023066286720000062e+04	2.561362813097534996e+00
5.023085886719999689e+04	2.545716531967684659e+00
5.023105386719999660e+04	2.540563670985587663e+00
5.023124886720000359e+04	2.546210714518156948e+00
5.023144386720000330e+04	2.557263418296829016e+00
5.023163986719999957e+04	2.495844962520513022e+00
5.023183486719999928e+04	2.531795965623116373e+00
5.023202986719999899e+04	2.565177218239821144e+00
5.023222586720000254e+04	2.545575521846645373e+00
5.023242086720000225e+04	2.546024068273293750e+00
5.023261586720000196e+04	2.547035308609586934e+00
5.023281186719999823e+04	2.557397649320286348e+00
5.023300686719999794e+04	2.527736593044686231e+00
5.023320186719999765e+04	2.558813564475304503e+00
5.023339786720000120e+04	2.560078417572619003e+00
5.023359286720000091e+04	2.559372351871571638e+00
5.023378786720000062e+04	2.554653841818758764e+00
5.023398386719999689e+04	2.550784355827953931e+00
5.023417886719999660e+04	2.557230064783674095e+00
5.023437386720000359e+04	2.548063512890868409e+00
5.023456886720000330e+04	2.590146727530161286e+00
5.023476486719999957e+04	2.575343542360663207e+00
5.023495986719999928e+04	2.545744014112260700e+00
5.023515486719999899e+04	2.525137637593637407e+00
5.023535086720000254e+04	2.546422059604172006e+00
5.023554586720000225e+04	2.613259448798416429e+00
5.023574086720000196e+04	2.578782601976785216e+00
5.023593686719999823e+04	2.555316239537347656e+00
5.023613186719999794e+04	2.569563205912668735e+00
5.023632686719999765e+04	2.569836335652491144e+00
5.023652286720000120e+04	2.541088321910438097e+00
5.023671786720000091e+04	2.574119766688131250e+00
5.023691286720000062e+04	2.578210347949710268e+00
5.023710886719999689e+04	2.546425004025856254e+00
5.023730386719999660e+04	2.566177027099492136e+00
5.023749886720000359e+04	2.567150152009521236e+00
5.023769386720000330e+04	2.592493730002763286e+00
5.023788986719999957e+04	2.523213292310359179e+00
5.023808486719999928e+04	2.589305809580181972e+00
5.023827986719999899e+04	2.600378386390270080e+00
5.023847586720000254e+04	2.571686223344769928e+00
5.023867086720000225e+04	2.549412568829421133e+00
5.023886586720000196e+04	2.567480182546868051e+00
5.023906186719999823e+04	2.561654108742599689e+00
5.023925686719999794e+04	2.553674352284229343e+00
5.023945186719999765e+04	2.564548299784810581e+00
5.023964786720000120e+04	2.556339310858827929e+00
5.023984286720000091e+04	2.598618328882754014e+00
5.024003786720000062e+04	2.560149693132345305e+00
5.024023386719999689e+04	2.573241958014072850e+00
5.024042886719999660e+04	2.567788391733852649e+00
5.024062386720000359e+04	2.591985336366136039e+00
5.024081886720000330e+04	2.582788611169487325e+00
5.024101486719999957e+04	2.589836876483886385e+00
5.024120986719999928e+04	2.573692874773145789e+00
5.024140486719999899e+04	2.559807126923034915e+00
5.024160086720000254e+04	2.589085248924760663e+00
5.024179586720000225e+04	2.522103752733906745e+00
5.024199086720000196e+04	2.584387476716756282e+00
5.024218686719999823e+04	2.545588036122875764e+00
5.024238186719999794e+04	2.593317467272413523e+00
5.024257686719999765e+04	2.549642119183621602e+00
5.024277286720000120e+04	2.526902672144490936e+00
5.024296786720000091e+04	2.541619832025279635e+00
5.024316286720000062e+04	2.578034348424345978e+00
5.024335886719999689e+04	2.574949020689977885e+00
5.024355386719999660e+04	2.545208923973341086e+00
5.024374886720000359e+04	2.503058787318103384e+00
5.024394386720000330e+04	2.576661503172793743e+00
5.024413986719999957e+04	2.570097778792138854e+00
5.024433486719999928e+04	2.533455462596894137e+00
5.024452986719999899e+04	2.581002628456685599e+00
5.024472586720000254e+04	2.572122712762258345e+00
5.024492086720000225e+04	2.565331339710677838e+00
5.024511586720000196e+04	2.557141612327031410e+00
5.024531186719999823e+04	2.571671028159361327e+00
5.024550686719999794e+04	2.581411248655181012e+00
5.024570186719999765e+04	2.516635307207783612e+00
5.024589786720000120e+04	2.556618247638020591e+00
5.024609286720000091e+04	2.555023060315415151e+00
5.024628786720000062e+04	2.504577476749339837e+00
5.024648386719999689e+04	2.551216604139268540e+00
5.024667886719999660e+04	2.565434958409667843e+00
5.024687386720000359e+04	2.541161623137977443e+00
5.024706886720000330e+04	2.496956658400792506e+00
5.024726486719999957e+04	2.545108071668003902e+00
5.024745986719999928e+04	2.513022581745325112e+00
5.024765486719999899e+04	2.496912719574826411e+00
5.024785086720000254e+04	2.551989576159336082e+00
5.024804586720000225e+04	2.582610934027830041e+00
5.024824086720000196e+04	2.595132060013140674e+00
5.024843686719999823e+04	2.514677857173674980e+00
5.024863186719999794e+04	2.571430272916488846e+00
5.024882686719999765e+04	2.565319817411575443e+00
5.024902286720000120e+04	2.583526249708413047e+00
5.024921786720000091e+04	2.516307453336796840e+00
5.024941286720000062e+04	2.576654724079737946e+00
5.024960886719999689e+04	2.539749303930186386e+00
5.024980386719999660e+04	2.521667159502332112e+00
5.024999886720000359e+04	2.525466504822905023e+00
5.025019386720000330e+04	2.542342671498488471e+00
5.025038986719999957e+04	2.527660299654549192e+00
5.025058486719999928e+04	2.501321326802763423e+00
5.025077986719999899e+04	2.533894683937930381e+00
5.025097586720000254e+04	2.564480634396888448e+00
5.025117086720000225e+04	2.516437104857381257e+00
5.025136586720000196e+04	2.519129554327099285e+00
5.025156186719999823e+04	2.589293320454162384e+00
5.025175686719999794e+04	2.527395480932153049e+00
5.025195186719999765e+04	2.539437751796018716e+00
5.025214786720000120e+04	2.526871236787144426e+00
5.025234286720000091e+04	2.543804392907265566e+00
5.025253786720000062e+04	2.577622724475915561e+00
5.025273386719999689e+04	2.517504018318950543e+00
5.025292886719999660e+04	2.569507157925588814e+00
5.025312386720000359e+04	2.493118973501147195e+00
5.025331886720000330e+04	2.558948848581117375e+00
5.025351486719999957e+04	2.545286137425680550e+00
5.025370986719999928e+04	2.533213547451051539e+00
5.025390486719999899e+04	2.567464984419785878e+00
5.025410086720000254e+04	2.530434276711506669e+00
5.025429586720000225e+04	2.574522880226577826e+00
5.025449086720000196e+04	2.535633314458735299e+00
5.025468686719999823e+04	2.512204235572188082e+00
5.025488186719999794e+04	2.553761101843882386e+00
5.025507686719999765e+04	2.539433088297958108e+00
5.025527286720000120e+04	2.552174208805542577e+00
5.025546786720000091e+04	2.538882624876903193e+00
5.025566286720000062e+04	2.508997808499653814e+00
5.025585886719999689e+04	2.526212721114575288e+00
5.025605386719999660e+04	2.513260871169142874e+00
5.025624886720000359e+04	2.528208345487987785e+00
5.025644386720000330e+04	2.582301955241298685e+00
5.025663986719999957e+04	2.555429471391338581e+00
5.025683486719999928e+04	2.533832815397392579e+00
5.025702986719999899e+04	2.522774838103856609e+00
5.025722586720000254e+04	2.522638592087112386e+00
5.025742086720000225e+04	2.512431229365205354e+00
5.025761586720000196e+04	2.510122352270274249e+00
5.025781186719999823e+04	2.540778752396661844e+00
5.025800686719999794e+04	2.523554551776346244e+00
5.025820186719999765e+04	2.493392079652254623e+00
5.025839786720000120e+04	2.539038814559788193e+00
5.025859286720000091e+04	2.506110564031938992e+00
5.025878786720000062e+04	2.523422977562466585e+00
5.025898386719999689e+04	2.516072964768705233e+00
5.025917886719999660e+04	2.486612281482827314e+00
5.025937386720000359e+04	2.499209634319178974e+00
5.025956886720000330e+04	2.508161367917043805e+00
5.025976486719999957e+04	2.521484069415237173e+00
5.025995986719999928e+04	2.562545625705361374e+00
5.026015486719999899e+04	2.493486530459186667e+00
5.026035086720000254e+04	2.513771108139115640e+00
5.026054586720000225e+04	2.519112356988744139e+00
5.026074086720000196e+04	2.529855838044007044e+00
5.026093686719999823e+04	2.502974785923868239e+00
5.026113186719999794e+04	2.514109566660824413e+00
5.026132686719999765e+04	2.510122352270274249e+00
5.026152286720000120e+04	2.540877824937302520e+00
5.026171786720000091e+04	2.492955813287876410e+00
5.026191286720000062e+04	2.525133871597118329e+00
5.026210886719999689e+04	2.512473170940589640e+00
5.026230386719999660e+04	2.485611685537074678e+00
5.026249886720000359e+04	2.519236341305376214e+00
5.026269386720000330e+04	2.495204447182217677e+00
5.026288986719999957e+04	2.547761648536763346e+00
5.026308486719999928e+04	2.513393407782926303e+00
5.026327986719999899e+04	2.563303811352817263e+00
5.026347586720000254e+04	2.548901366944091862e+00
5.026367086720000225e+04	2.521587160132012784e+00
5.026386586720000196e+04	2.537278445344973932e+00
5.026406186719999823e+04	2.548050263987850172e+00
5.026425686719999794e+04	2.508306307367016430e+00
5.026445186719999765e+04	2.527201878809254509e+00
5.026464786720000120e+04	2.533439258621703161e+00
5.026484286720000091e+04	2.562287851272433414e+00
5.026503786720000062e+04	2.560883441817946249e+00
5.026523386719999689e+04	2.554553850877139709e+00
5.026542886719999660e+04	2.559446572405516207e+00
5.026562386720000359e+04	2.601099273585971261e+00
5.026581886720000330e+04	2.537362396465169923e+00
5.026601486719999957e+04	2.525007955947518923e+00
5.026620986719999928e+04	2.531987398983241988e+00
5.026640486719999899e+04	2.560979480389029561e+00
5.026660086720000254e+04	2.535102803821034811e+00
5.026679586720000225e+04	2.544328229547208053e+00
5.026699086720000196e+04	2.585194458199286061e+00
5.026718686719999823e+04	2.536805007334319129e+00
5.026738186719999794e+04	2.580819057167097696e+00
5.026757686719999765e+04	2.570412731896819736e+00
5.026777286720000120e+04	2.533531817529855346e+00
5.026796786720000091e+04	2.543787215040042682e+00
5.026816286720000062e+04	2.540862608209749851e+00
5.026835886719999689e+04	2.593290779752404518e+00
5.026855386719999660e+04	2.559311373137571621e+00
5.026874886720000359e+04	2.546133422555749704e+00
5.026894386720000330e+04	2.552849110378849318e+00
5.026913986719999957e+04	2.549466787745732432e+00
5.026933486719999928e+04	2.588681426105011951e+00
5.026952986719999899e+04	2.548926146323838182e+00
5.026972586720000254e+04	2.574449691374001148e+00
5.026992086720000225e+04	2.545846990053650671e+00
5.027011586720000196e+04	2.495766589964564020e+00
5.027031186719999823e+04	2.563269731569581822e+00
5.027050686719999794e+04	2.578276010516331596e+00
5.027070186719999765e+04	2.560615839340163902e+00
5.027089786720000120e+04	2.575636447603638857e+00
5.027109286720000091e+04	2.581527284284003798e+00
5.027128786720000062e+04	2.561661709839331280e+00
5.027148386719999689e+04	2.544754716837767106e+00
5.027167886719999660e+04	2.539086432144879169e+00
5.027187386720000359e+04	2.582957060168244112e+00
5.027206886720000330e+04	2.594840397012298183e+00
5.027226486719999957e+04	2.541516999697179813e+00
5.027245986719999928e+04	2.544514890337318036e+00
5.027265486719999899e+04	2.547825440323363111e+00
5.027285086720000254e+04	2.549851468303408808e+00
5.027304586720000225e+04	2.514875338345031963e+00
5.027324086720000196e+04	2.566004852423780846e+00
5.027343686719999823e+04	2.527168642922955399e+00
5.027363186719999794e+04	2.521041895599324789e+00
5.027382686719999765e+04	2.561441930819325918e+00
5.027402286720000120e+04	2.571771675641107535e+00
5.027421786720000091e+04	2.571169662775163900e+00
5.027441286720000062e+04	2.569411075325662708e+00
5.027460886719999689e+04	2.583163230818827927e+00
5.027480386719999660e+04	2.571534107622269971e+00
5.027499886720000359e+04	2.541756941040384632e+00
5.027519386720000330e+04	2.536785123694521360e+00
5.027538986719999957e+04	2.541228379398299708e+00
5.027558486719999928e+04	2.580187814865562146e+00
5.027577986719999899e+04	2.565769836284189864e+00
5.027597586720000254e+04	2.554189366512815695e+00
5.027617086720000225e+04	2.519679534430821377e+00
5.027636586720000196e+04	2.562042333402882122e+00
5.027656186719999823e+04	2.524355278774386591e+00
5.027675686719999794e+04	2.565851716326434939e+00
5.027695186719999765e+04	2.546894388821829835e+00
5.027714786720000120e+04	2.543244469253709283e+00
5.027734286720000091e+04	2.548796688064767224e+00
5.027753786720000062e+04	2.584176418840534950e+00
5.027773386719999689e+04	2.537280409117563806e+00
5.027792886719999660e+04	2.533111657486944779e+00
5.027812386720000359e+04	2.538818806873642586e+00
5.027831886720000330e+04	2.528792475950529806e+00
5.027851486719999957e+04	2.506093356423580332e+00
5.027870986719999928e+04	2.544585235355560471e+00
5.027890486719999899e+04	2.555824592802458994e+00
5.027910086720000254e+04	2.567685764769969126e+00
5.027929586720000225e+04	2.538277655414544753e+00
5.027949086720000196e+04	2.534754114716983864e+00
5.027968686719999823e+04	2.543683493153681141e+00
5.027988186719999794e+04	2.538978760618398667e+00
5.028007686719999765e+04	2.537694761172812008e+00
5.028027286720000120e+04	2.561609319430457887e+00
5.028046786720000091e+04	2.555332427232013259e+00
5.028066286720000062e+04	2.552342649976679922e+00
5.028085886719999689e+04	2.559651004526555695e+00
5.028105386719999660e+04	2.543478747316648025e+00
5.028124886720000359e+04	2.570988132484778532e+00
5.028144386720000330e+04	2.537689115433579445e+00
5.028163986719999957e+04	2.590684630193267779e+00
5.028183486719999928e+04	2.556877070300330956e+00
5.028202986719999899e+04	2.555015456897626436e+00
5.028222586720000254e+04	2.539946476165049205e+00
5.028242086720000225e+04	2.540264647843546442e+00
5.028261586720000196e+04	2.535106486262419523e+00
5.028281186719999823e+04	2.544739502820407395e+00
5.028300686719999794e+04	2.552278953201732037e+00
5.028320186719999765e+04	2.538479586501010132e+00
5.028339786720000120e+04	2.466140977323320271e+00
5.028359286720000091e+04	2.561424766875211034e+00
5.028378786720000062e+04	2.566269201685660306e+00
5.028398386719999689e+04	2.558852801039783742e+00
5.028417886719999660e+04	2.530495172714486429e+00
5.028437386720000359e+04	2.522324911871887565e+00
5.028456886720000330e+04	2.559304752111923875e+00
5.028476486719999957e+04	2.555062058448733353e+00
5.028495986719999928e+04	2.556411661451480910e+00
5.028515486719999899e+04	2.588308942481871711e+00
5.028535086720000254e+04	2.530114979156705246e+00
5.028554586720000225e+04	2.526293685887344154e+00
5.028574086720000196e+04	2.538544305508811050e+00
5.028593686719999823e+04	2.556768505768406641e+00
5.028613186719999794e+04	2.544843301469498442e+00
5.028632686719999765e+04	2.530082648074390761e+00
5.028652286720000120e+04	2.558325553787845763e+00
5.028671786720000091e+04	2.550116995324188451e+00
5.028691286720000062e+04	2.518053138578565608e+00
5.028710886719999689e+04	2.531389112992473045e+00
5.028730386719999660e+04	2.571313366371386522e+00
5.028749886720000359e+04	2.555614074839404282e+00
5.028769386720000330e+04	2.525087205934077872e+00
5.028788986719999957e+04	2.549061246604136244e+00
5.028808486719999928e+04	2.552446412359568484e+00
5.028827986719999899e+04	2.528890620773584175e+00
5.028847586720000254e+04	2.548903329668270601e+00
5.028867086720000225e+04	2.550083712626118881e+00
5.028886586720000196e+04	2.512515194352214820e+00
5.028906186719999823e+04	2.550415883119610427e+00
5.028925686719999794e+04	2.472150282365364049e+00
5.028945186719999765e+04	2.507033855229444441e+00
5.028964786720000120e+04	2.502484375231892599e+00
5.028984286720000091e+04	2.490506459785301274e+00
5.029003786720000062e+04	2.543880629754371014e+00
5.029023386719999689e+04	2.517839552506080381e+00
5.029042886719999660e+04	2.493862607874996584e+00
5.029062386720000359e+04	2.531201357475612923e+00
5.029081886720000330e+04	2.530348580031859029e+00
5.029101486719999957e+04	2.527683138583691758e+00
5.029120986719999928e+04	2.527821317687383385e+00
5.029140486719999899e+04	2.523427808241489601e+00
5.029160086720000254e+04	2.523165721888435797e+00
5.029179586720000225e+04	2.461993016714201232e+00
5.029199086720000196e+04	2.495436454780730173e+00
5.029218686719999823e+04	2.563527494359234993e+00
5.029238186719999794e+04	2.533023843504908612e+00
5.029257686719999765e+04	2.498231747557227322e+00
5.029277286720000120e+04	2.460317485258020298e+00
5.029296786720000091e+04	2.534562542006725039e+00
5.029316286720000062e+04	2.511630228095373951e+00
5.029335886719999689e+04	2.494821752229160694e+00
5.029355386719999660e+04	2.505415038077746459e+00
5.029374886720000359e+04	2.524204551124281437e+00
5.029394386720000330e+04	2.469732083055259153e+00
5.029413986719999957e+04	2.502480605320915430e+00
5.029433486719999928e+04	2.517634727393494032e+00
5.029452986719999899e+04	2.512541899246173216e+00
5.029472586720000254e+04	2.507886725910879022e+00
5.029492086720000225e+04	2.513648075690134931e+00
5.029511586720000196e+04	2.527675525609968332e+00
5.029531186719999823e+04	2.499391026266660987e+00
5.029550686719999794e+04	2.519459331138399705e+00
5.029570186719999765e+04	2.532359866680522487e+00
5.029589786720000120e+04	2.508112781441573347e+00
5.029609286720000091e+04	2.501455001436610814e+00
5.029628786720000062e+04	2.520394504197792429e+00
5.029648386719999689e+04	2.522989194595835372e+00
5.029667886719999660e+04	2.495600662202196673e+00
5.029687386720000359e+04	2.508057476299851984e+00
5.029706886720000330e+04	2.540555080774788976e+00
5.029726486719999957e+04	2.549557234083701829e+00
5.029745986719999928e+04	2.523305812799168990e+00
5.029765486719999899e+04	2.494607118747264707e+00
5.029785086720000254e+04	2.501990183522398326e+00
5.029804586720000225e+04	2.509422284295812489e+00
5.029824086720000196e+04	2.509980128459613269e+00
5.029843686719999823e+04	2.512000176702928300e+00
5.029863186719999794e+04	2.516654472132904274e+00
5.029882686719999765e+04	2.501992150476757715e+00
5.029902286720000120e+04	2.523120771428754239e+00
5.029921786720000091e+04	2.527189517685052067e+00
5.029941286720000062e+04	2.499818557762147009e+00
5.029960886719999689e+04	2.511713049287669364e+00
5.029980386719999660e+04	2.506439554505139000e+00
5.029999886720000359e+04	2.537353804991129280e+00
5.030019386720000330e+04	2.537897679524023786e+00
5.030038986719999957e+04	2.536495376907891952e+00
5.030058486719999928e+04	2.549268883958772491e+00
5.030077986719999899e+04	2.509834217008036106e+00
5.030097586720000254e+04	2.499290781377656145e+00
5.030117086720000225e+04	2.518908362764037179e+00
5.030136586720000196e+04	2.534190111979157223e+00
5.030156186719999823e+04	2.514039860361940271e+00
