# time(sec)	crack length FEA(mm)
2.344706886719999966e+04	9.489060482144200392e-01
2.344726486719999957e+04	9.210329343852752260e-01
2.344745986719999928e+04	9.101318109830263126e-01
2.344765486719999899e+04	8.972845455330098474e-01
2.344785086719999890e+04	8.912616584490500315e-01
2.344804586719999861e+04	9.056455781991878951e-01
2.344824086719999832e+04	8.816628306162250794e-01
2.344843686720000187e+04	9.334291853326242006e-01
2.344863186720000158e+04	9.191876713572568747e-01
2.344882686720000129e+04	8.985769494249513656e-01
2.344902286720000120e+04	8.778656504324047205e-01
2.344921786720000091e+04	9.182296723940872596e-01
2.344941286720000062e+04	9.062583015571235023e-01
2.344960886720000053e+04	9.136232209520596115e-01
2.344980386720000024e+04	9.097052921538466563e-01
2.344999886719999995e+04	9.270330810333398119e-01
2.345019386719999966e+04	9.372533316797859726e-01
2.345038986719999957e+04	8.876430973641635802e-01
2.345058486719999928e+04	9.357065978254190952e-01
2.345077986719999899e+04	9.355001835881715522e-01
2.345097586719999890e+04	9.032057244366953341e-01
2.345117086719999861e+04	9.330398384144729107e-01
2.345136586719999832e+04	9.491622550459055674e-01
2.345156186720000187e+04	9.286815831940327115e-01
2.345175686720000158e+04	9.074919342690961344e-01
2.345195186720000129e+04	9.560261051786298481e-01
2.345214786720000120e+04	9.324390416079904043e-01
2.345234286720000091e+04	8.819669622981507473e-01
2.345253786720000062e+04	8.632601809683571048e-01
2.345273386720000053e+04	8.998846297649834014e-01
2.345292886720000024e+04	9.209338004592915183e-01
2.345312386719999995e+04	9.169710501306980177e-01
2.345331886719999966e+04	9.664309994727027231e-01
2.345351486719999957e+04	9.211362039447319461e-01
2.345370986719999928e+04	8.990589340485790615e-01
2.345390486719999899e+04	9.323388927157871819e-01
2.345410086719999890e+04	9.077742131193407005e-01
2.345429586719999861e+04	9.481339903958989623e-01
2.345449086719999832e+04	9.143421316529476428e-01
2.345468686720000187e+04	9.303259079179362345e-01
2.345488186720000158e+04	9.563405467156513851e-01
2.345507686720000129e+04	8.932012468409205042e-01
2.345527286720000120e+04	9.421729058223764497e-01
2.345546786720000091e+04	9.038216032718793258e-01
2.345566286720000062e+04	9.155722576623936959e-01
2.345585886720000053e+04	9.134136301405746394e-01
2.345605386720000024e+04	9.305547504777056389e-01
2.345624886719999995e+04	8.953760455142383279e-01
2.345644386719999966e+04	8.854327910609960384e-01
2.345663986719999957e+04	9.115932842781564460e-01
2.345683486719999928e+04	9.391442922516528569e-01
2.345702986719999899e+04	9.336785360708894643e-01
2.345722586719999890e+04	8.790136958522509758e-01
2.345742086719999861e+04	8.970717268465655536e-01
2.345761586719999832e+04	9.129636625340715739e-01
2.345781186720000187e+04	9.153401189873218158e-01
2.345800686720000158e+04	9.135680388377753758e-01
2.345820186720000129e+04	8.957884634746484664e-01
2.345839786720000120e+04	9.333024464070796000e-01
2.345859286720000091e+04	9.004146288011405375e-01
2.345878786720000062e+04	9.265016320387680082e-01
2.345898386720000053e+04	8.894816122625659460e-01
2.345917886720000024e+04	9.638033323462380508e-01
2.345937386719999995e+04	9.005599453910342334e-01
2.345956886719999966e+04	8.635389300005407165e-01
2.345976486719999957e+04	9.263902206329994726e-01
2.345995986719999928e+04	9.135291864071621859e-01
2.346015486719999899e+04	9.089310499424030354e-01
2.346035086719999890e+04	9.282104461423106301e-01
2.346054586719999861e+04	9.093023291018926813e-01
2.346074086719999832e+04	9.173329919172736879e-01
2.346093686720000187e+04	9.191180993118770459e-01
2.346113186720000158e+04	9.074868030139455755e-01
2.346132686720000129e+04	9.385354874864582087e-01
2.346152286720000120e+04	9.107270428336171619e-01
2.346171786720000091e+04	9.567978211759058382e-01
2.346191286720000062e+04	9.308092222465642607e-01
2.346210886720000053e+04	9.176417491574557772e-01
2.346230386720000024e+04	9.451542035464015612e-01
2.346249886719999995e+04	8.899893574257831119e-01
2.346269386719999966e+04	9.453339538989613544e-01
2.346288986719999957e+04	9.385487377978751766e-01
2.346308486719999928e+04	9.007011303306846628e-01
2.346327986719999899e+04	9.588945079468480515e-01
2.346347586719999890e+04	9.055095100374543904e-01
2.346367086719999861e+04	9.388367328246154386e-01
2.346386586719999832e+04	9.378560262780339940e-01
2.346406186720000187e+04	9.340279387126919630e-01
2.346425686720000158e+04	9.559577096521927331e-01
2.346445186720000129e+04	9.463193549041371000e-01
2.346464786720000120e+04	9.668737949734413917e-01
2.346484286720000091e+04	9.673186857714277664e-01
2.346503786720000062e+04	9.470392782104255502e-01
2.346523386720000053e+04	9.786324008779700989e-01
2.346542886720000024e+04	9.495104674048171489e-01
2.346562386719999995e+04	8.991561191059034286e-01
2.346581886719999966e+04	9.157849740867689547e-01
2.346601486719999957e+04	9.737928572776652913e-01
2.346620986719999928e+04	9.365689197328119775e-01
2.346640486719999899e+04	9.424588394122110913e-01
2.346660086719999890e+04	9.502650271101522605e-01
2.346679586719999861e+04	9.505498994565400039e-01
2.346699086719999832e+04	9.100264558783770497e-01
2.346718686720000187e+04	9.572122980811403892e-01
2.346738186720000158e+04	9.224385741142278050e-01
2.346757686720000129e+04	9.445239700959113804e-01
2.346777286720000120e+04	9.370224468466048506e-01
2.346796786720000091e+04	9.112026080167741071e-01
2.346816286720000062e+04	9.657218259670763416e-01
2.346835886720000053e+04	9.450091039384176383e-01
2.346855386720000024e+04	9.343129162013426026e-01
2.346874886719999995e+04	1.004744465895981875e+00
2.346894386719999966e+04	9.422270395681291433e-01
2.346913986719999957e+04	9.530187098013058744e-01
2.346933486719999928e+04	9.406468454430658710e-01
2.346952986719999899e+04	9.970711340285269841e-01
2.346972586719999890e+04	9.795717571591655570e-01
2.346992086719999861e+04	9.482493357645616072e-01
2.347011586719999832e+04	9.878958402292870034e-01
2.347031186720000187e+04	9.931597831234064699e-01
2.347050686720000158e+04	8.983580069424839110e-01
2.347070186720000129e+04	9.488621042137310724e-01
2.347089786720000120e+04	9.327149974799269216e-01
2.347109286720000091e+04	9.828541775004691061e-01
2.347128786720000062e+04	9.448753202692650177e-01
2.347148386720000053e+04	9.342762300375007101e-01
2.347167886720000024e+04	9.268879244769792081e-01
2.347187386719999995e+04	8.807801523420373258e-01
2.347206886719999966e+04	9.065120028185553736e-01
2.347226486719999957e+04	8.989289549026739934e-01
2.347245986719999928e+04	9.270443360290503421e-01
2.347265486719999899e+04	9.344550087324776655e-01
2.347285086719999890e+04	9.341372960425928795e-01
2.347304586719999861e+04	9.175313505659570268e-01
2.347324086719999832e+04	9.106636310886742081e-01
2.347343686720000187e+04	9.284281159804219641e-01
2.347363186720000158e+04	9.750974172743038793e-01
2.347382686720000129e+04	9.209613830729335149e-01
2.347402286720000120e+04	9.205299806947273566e-01
2.347421786720000091e+04	9.383749914113863611e-01
2.347441286720000062e+04	9.832456938639904109e-01
2.347460886720000053e+04	9.533678308077941921e-01
2.347480386720000024e+04	9.267714404026694552e-01
2.347499886719999995e+04	9.310851968586781879e-01
2.347519386719999966e+04	9.027136023287987143e-01
2.347538986719999957e+04	9.053161926290815842e-01
2.347558486719999928e+04	9.396775321618910937e-01
2.347577986719999899e+04	9.324901252816264474e-01
2.347597586719999890e+04	9.242080243725503408e-01
2.347617086719999861e+04	9.210953264638810367e-01
2.347636586719999832e+04	9.533034617304991798e-01
2.347656186720000187e+04	9.201936244269468546e-01
2.347675686720000158e+04	9.045520112682154945e-01
2.347695186720000129e+04	9.009160174206787275e-01
2.347714786720000120e+04	9.082447583634980504e-01
2.347734286720000091e+04	9.117998514217884320e-01
2.347753786720000062e+04	9.131344569078301276e-01
2.347773386720000053e+04	8.988286837912458083e-01
2.347792886720000024e+04	9.082109757097018843e-01
2.347812386719999995e+04	8.662860907688987311e-01
2.347831886719999966e+04	9.057805999352517290e-01
2.347851486719999957e+04	9.209092474279518825e-01
2.347870986719999928e+04	9.108109238927912799e-01
2.347890486719999899e+04	8.989923976111633408e-01
2.347910086719999890e+04	8.611716216531917212e-01
2.347929586719999861e+04	9.001476180442242736e-01
2.347949086719999832e+04	8.794110265946759597e-01
2.347968686720000187e+04	9.335650515260454085e-01
2.347988186720000158e+04	8.933946616735184421e-01
2.348007686720000129e+04	9.264954513092344968e-01
2.348027286720000120e+04	8.928757789167640624e-01
2.348046786720000091e+04	8.959122797853105169e-01
2.348066286720000062e+04	9.380971700798070856e-01
2.348085886720000053e+04	9.210554412157119231e-01
2.348105386720000024e+04	9.068178589614497298e-01
2.348124886719999995e+04	9.037826823548513744e-01
2.348144386719999966e+04	8.954118329311189228e-01
2.348163986719999957e+04	8.571139433071053304e-01
2.348183486719999928e+04	8.974544580716692366e-01
2.348202986719999899e+04	9.181877448503712458e-01
2.348222586719999890e+04	9.064404082475974178e-01
2.348242086719999861e+04	9.016649520312221000e-01
2.348261586719999832e+04	8.995838183425348689e-01
2.348281186720000187e+04	8.477014782849110475e-01
2.348300686720000158e+04	8.704548907001257163e-01
2.348320186720000129e+04	8.910088513268448196e-01
2.348339786720000120e+04	8.904427974641073718e-01
2.348359286720000091e+04	9.377211496667481327e-01
2.348378786720000062e+04	8.819198347609980004e-01
2.348398386720000053e+04	9.043361636828848305e-01
2.348417886720000024e+04	9.297117002037413869e-01
2.348437386719999995e+04	8.983037302750211950e-01
2.348456886719999966e+04	8.883965430892217796e-01
2.348476486719999957e+04	9.101318109830263126e-01
2.348495986719999928e+04	8.819761890112136626e-01
2.348515486719999899e+04	9.058133315642855621e-01
2.348535086719999890e+04	8.999470767777566493e-01
2.348554586719999861e+04	9.191048558348136055e-01
2.348574086719999832e+04	9.009119306289079532e-01
2.348593686720000187e+04	9.201997979970357733e-01
2.348613186720000158e+04	9.268061890272516479e-01
2.348632686720000129e+04	9.490438441494362110e-01
2.348652286720000120e+04	9.105961340308414975e-01
2.348671786720000091e+04	9.062767363526589293e-01
2.348691286720000062e+04	8.909238988153802552e-01
2.348710886720000053e+04	9.283044758918634898e-01
2.348730386720000024e+04	9.287490294443419003e-01
2.348749886719999995e+04	9.406376324569336589e-01
2.348769386719999966e+04	9.421503573703553513e-01
2.348788986719999957e+04	9.170293160125240206e-01
2.348808486719999928e+04	8.817672721401059732e-01
2.348827986719999899e+04	8.880003543316199455e-01
2.348847586719999890e+04	8.802015868908981133e-01
2.348867086719999861e+04	8.911224667090245077e-01
2.348886586719999832e+04	8.948602383994241904e-01
2.348906186720000187e+04	8.779731962436585491e-01
2.348925686720000158e+04	8.495009879183594848e-01
2.348945186720000129e+04	9.208336211236041180e-01
2.348964786720000120e+04	9.184985813078228034e-01
2.348984286720000091e+04	9.183646234339981618e-01
2.349003786720000062e+04	8.793003995653201343e-01
2.349023386720000053e+04	9.277188360055141914e-01
2.349042886720000024e+04	9.192428405637897981e-01
2.349062386719999995e+04	9.039944486421980230e-01
2.349081886719999966e+04	9.471628744206768147e-01
2.349101486719999957e+04	9.365034524560922335e-01
2.349120986719999928e+04	8.808497738321552362e-01
2.349140486719999899e+04	8.912565237292149334e-01
2.349160086719999890e+04	9.313037622863760134e-01
2.349179586719999861e+04	9.165405685632066479e-01
2.349199086719999832e+04	8.958488289504664692e-01
2.349218686720000187e+04	9.181754932815735515e-01
2.349238186720000158e+04	9.292201559255364174e-01
2.349257686720000129e+04	8.763539849420638461e-01
2.349277286720000120e+04	8.928082319019239321e-01
2.349296786720000091e+04	8.835540192690451988e-01
2.349316286720000062e+04	8.911050753782294720e-01
2.349335886720000053e+04	9.093708840788217174e-01
2.349355386720000024e+04	9.253578890369063004e-01
2.349374886719999995e+04	9.628808895486589137e-01
2.349394386719999966e+04	9.470761202985826799e-01
2.349413986719999957e+04	9.153299125284686255e-01
2.349433486719999928e+04	9.272231949367242265e-01
2.349452986719999899e+04	9.445944159989139166e-01
2.349472586719999890e+04	8.881846394132946187e-01
2.349492086719999861e+04	9.018030369393841283e-01
2.349511586719999832e+04	9.368794919536327370e-01
2.349531186720000187e+04	9.035893510586348043e-01
2.349550686720000158e+04	9.147112893799906885e-01
2.349570186720000129e+04	8.812112745747349152e-01
2.349589786720000120e+04	9.166111405605814610e-01
2.349609286720000091e+04	9.351497492289144731e-01
2.349628786720000062e+04	9.629992321007954104e-01
2.349648386720000053e+04	9.446057329428683147e-01
2.349667886720000024e+04	9.382748672909215770e-01
2.349687386719999995e+04	9.154945680040427192e-01
2.349706886719999966e+04	9.097881400841334454e-01
2.349726486719999957e+04	9.319220546686999285e-01
2.349745986719999928e+04	9.017334760629474033e-01
2.349765486719999899e+04	9.039545877224171022e-01
2.349785086719999890e+04	9.133696474611490146e-01
2.349804586719999861e+04	9.074397693861531167e-01
2.349824086719999832e+04	9.482463534578364772e-01
2.349843686720000187e+04	9.032353662134546823e-01
2.349863186720000158e+04	9.223149031774813267e-01
2.349882686720000129e+04	9.453736935461485302e-01
2.349902286720000120e+04	9.194013393556517144e-01
2.349921786720000091e+04	9.404109041403447833e-01
2.349941286720000062e+04	9.331737758713707365e-01
2.349960886720000053e+04	9.733613178230715590e-01
2.349980386720000024e+04	8.954722520969937705e-01
2.349999886719999995e+04	8.912954121708143163e-01
2.350019386719999966e+04	9.730817987769597721e-01
2.350038986719999957e+04	9.042614781919571243e-01
2.350058486719999928e+04	9.337510324906972414e-01
2.350077986719999899e+04	8.879655495564087175e-01
2.350097586719999890e+04	9.254713421518641070e-01
2.350117086719999861e+04	8.996636600815417495e-01
2.350136586719999832e+04	9.275992657399800834e-01
2.350156186720000187e+04	9.080432390783510499e-01
2.350175686720000158e+04	9.643564478832704623e-01
2.350195186720000129e+04	9.323174760711001596e-01
2.350214786720000120e+04	9.306630702841331981e-01
2.350234286720000091e+04	9.383188306941327994e-01
2.350253786720000062e+04	9.196466819709758767e-01
2.350273386720000053e+04	9.245728950392990697e-01
2.350292886720000024e+04	9.372686010659077027e-01
2.350312386719999995e+04	9.186682912396406664e-01
2.350331886719999966e+04	8.953043650305296808e-01
2.350351486719999957e+04	8.540745973450381001e-01
2.350370986719999928e+04	9.165231868284866579e-01
2.350390486719999899e+04	8.826335546281338651e-01
2.350410086719999890e+04	8.372050901882452933e-01
2.350429586719999861e+04	8.993413119370963216e-01
2.350449086719999832e+04	9.169516222833884456e-01
2.350468686720000187e+04	8.936668904154210225e-01
2.350488186720000158e+04	8.853027910347357476e-01
2.350507686720000129e+04	9.185077413187148210e-01
2.350527286720000120e+04	8.929801629908276084e-01
2.350546786720000091e+04	9.055401946394798784e-01
2.350566286720000062e+04	9.139525453856478521e-01
2.350585886720000053e+04	9.120095002346939594e-01
2.350605386720000024e+04	8.912309556216762019e-01
2.350624886719999995e+04	8.983580069424839110e-01
2.350644386719999966e+04	9.222280152703437039e-01
2.350663986719999957e+04	8.930886347340827314e-01
2.350683486719999928e+04	9.200678957701313720e-01
2.350702986719999899e+04	8.860470848918495790e-01
2.350722586719999890e+04	8.628266862349853739e-01
2.350742086719999861e+04	8.895747473064545829e-01
2.350761586719999832e+04	9.228372338084653848e-01
2.350781186720000187e+04	9.009477098081255519e-01
2.350800686720000158e+04	9.245351052459263030e-01
2.350820186720000129e+04	9.208325673415558299e-01
2.350839786720000120e+04	9.046491741234223838e-01
2.350859286720000091e+04	9.356667543992145397e-01
2.350878786720000062e+04	8.810136188362562848e-01
2.350898386720000053e+04	8.924028842862803401e-01
2.350917886720000024e+04	8.985063771912766839e-01
2.350937386719999995e+04	9.202610945243794305e-01
2.350956886719999966e+04	9.623828801508853559e-01
2.350976486719999957e+04	9.042706963572317846e-01
2.350995986719999928e+04	9.532912719266395385e-01
2.351015486719999899e+04	9.162675535470743426e-01
2.351035086719999890e+04	9.129063794297369583e-01
2.351054586719999861e+04	9.439653960654901255e-01
2.351074086719999832e+04	9.369733912119784236e-01
2.351093686720000187e+04	9.651433225746330891e-01
2.351113186720000158e+04	9.235517331529550233e-01
2.351132686720000129e+04	9.217915074447837753e-01
2.351152286720000120e+04	9.256716704917522520e-01
2.351171786720000091e+04	9.032671082712528943e-01
2.351191286720000062e+04	9.141171575977828923e-01
2.351210886720000053e+04	9.301215541447547253e-01
2.351230386720000024e+04	8.946064229534869128e-01
2.351249886719999995e+04	9.344274503950451560e-01
2.351269386719999966e+04	9.440348785757777250e-01
2.351288986719999957e+04	9.154659250943097959e-01
2.351308486719999928e+04	9.322939528491751560e-01
2.351327986719999899e+04	9.213232735133267681e-01
2.351347586719999890e+04	9.284495712106970444e-01
2.351367086719999861e+04	9.281154152350907793e-01
2.351386586719999832e+04	9.512054087421102366e-01
2.351406186720000187e+04	9.408389134624144390e-01
2.351425686720000158e+04	9.484659028703497086e-01
2.351445186720000129e+04	9.107270428336171619e-01
2.351464786720000120e+04	8.886708684349606813e-01
2.351484286720000091e+04	9.053837045170531894e-01
2.351503786720000062e+04	9.269492566091397379e-01
2.351523386720000053e+04	9.187050890846784057e-01
2.351542886720000024e+04	9.055851845922475718e-01
2.351562386719999995e+04	9.040926594799643112e-01
2.351581886719999966e+04	9.203132315764417370e-01
2.351601486719999957e+04	9.352457615558602555e-01
2.351620986719999928e+04	9.099579027716089286e-01
2.351640486719999899e+04	9.805680144561605971e-01
2.351660086719999890e+04	8.915625739772092828e-01
2.351679586719999861e+04	9.263033562515552433e-01
2.351699086719999832e+04	8.940875575454469981e-01
2.351718686720000187e+04	9.270197892453424515e-01
2.351738186720000158e+04	9.068116819518294847e-01
2.351757686720000129e+04	9.149914456269279128e-01
2.351777286720000120e+04	9.160865753085563057e-01
2.351796786720000091e+04	8.828751828623637721e-01
2.351816286720000062e+04	9.102770161274253979e-01
2.351835886720000053e+04	9.079092228979686041e-01
2.351855386720000024e+04	8.937149971732605280e-01
2.351874886719999995e+04	9.183594945003612509e-01
2.351894386719999966e+04	9.338818063502873912e-01
2.351913986719999957e+04	8.977686041194345989e-01
2.351933486719999928e+04	9.240526392020580460e-01
2.351952986719999899e+04	8.786275746588856350e-01
2.351972586719999890e+04	9.102197354032313115e-01
2.351992086719999861e+04	9.077875155612513680e-01
2.352011586719999832e+04	8.974043194939653745e-01
2.352031186720000187e+04	9.642473159558235807e-01
2.352050686720000158e+04	9.341853042796053330e-01
2.352070186720000129e+04	9.014828179493648008e-01
2.352089786720000120e+04	9.091969703606253006e-01
2.352109286720000091e+04	9.222188039922265546e-01
2.352128786720000062e+04	8.853887571705314485e-01
2.352148386720000053e+04	8.969786208259673543e-01
2.352167886720000024e+04	9.071104084029339987e-01
2.352187386719999995e+04	9.186723750128180654e-01
2.352206886719999966e+04	8.532626519226838013e-01
2.352226486719999957e+04	9.164189049391637809e-01
2.352245986719999928e+04	9.278220768129337159e-01
2.352265486719999899e+04	9.068894524080945985e-01
2.352285086719999890e+04	9.241803840258491221e-01
2.352304586719999861e+04	9.212057086745701895e-01
2.352324086719999832e+04	8.867350567227028080e-01
2.352343686720000187e+04	9.091366383917787175e-01
2.352363186720000158e+04	8.786132620257482984e-01
2.352382686720000129e+04	9.131957714668192949e-01
2.352402286720000120e+04	9.393924428895683576e-01
2.352421786720000091e+04	9.226113470715997522e-01
2.352441286720000062e+04	9.003675901232544021e-01
2.352460886720000053e+04	9.485230923992666874e-01
2.352480386720000024e+04	8.670115132748037468e-01
2.352499886719999995e+04	8.754014661518603191e-01
2.352519386719999966e+04	9.696265337102900617e-01
2.352538986719999957e+04	9.178830785358993438e-01
2.352558486719999928e+04	9.220081905347896623e-01
2.352577986719999899e+04	9.093054216797149536e-01
2.352597586719999890e+04	9.372522786183150600e-01
2.352617086719999861e+04	9.680828514453452271e-01
2.352636586719999832e+04	9.421524630632696073e-01
2.352656186720000187e+04	9.356616642651065519e-01
2.352675686720000158e+04	9.548001296046386699e-01
2.352695186720000129e+04	9.587760574424404325e-01
2.352714786720000120e+04	9.250931922836542753e-01
2.352734286720000091e+04	9.779001977673793533e-01
2.352753786720000062e+04	9.340647130229040584e-01
2.352773386720000053e+04	9.416601645768203355e-01
2.352792886720000024e+04	9.435619197831393024e-01
2.352812386719999995e+04	9.581503029070468358e-01
2.352831886719999966e+04	8.996615594491395029e-01
2.352851486719999957e+04	9.527164147846693965e-01
2.352870986719999928e+04	9.572898966204430593e-01
2.352890486719999899e+04	9.485006376311702070e-01
2.352910086719999890e+04	9.194207652216164206e-01
2.352929586719999861e+04	9.223210235164422954e-01
2.352949086719999832e+04	9.140220796892588595e-01
2.352968686720000187e+04	9.411228449123765216e-01
2.352988186720000158e+04	9.357770696265177435e-01
2.353007686720000129e+04	9.593864526657718272e-01
2.353027286720000120e+04	9.492338275708753770e-01
2.353046786720000091e+04	9.402219914876202012e-01
2.353066286720000062e+04	9.290617131574805398e-01
2.353085886720000053e+04	9.506265547993582032e-01
2.353105386720000024e+04	9.276932978835432664e-01
2.353124886719999995e+04	9.255081295736538038e-01
2.353144386719999966e+04	9.609918002917101632e-01
2.353163986719999957e+04	9.839615303738398211e-01
2.353183486719999928e+04	9.399594592184499220e-01
2.353202986719999899e+04	9.457719636357353465e-01
2.353222586719999890e+04	9.373697824422055902e-01
2.353242086719999861e+04	9.295073412012850866e-01
2.353261586719999832e+04	9.055207663350159919e-01
2.353281186720000187e+04	9.693786958915779906e-01
2.353300686720000158e+04	9.353602035351080701e-01
2.353320186720000129e+04	9.205545253322018340e-01
2.353339786720000120e+04	9.409349030245657275e-01
2.353359286720000091e+04	9.409921105151219933e-01
2.353378786720000062e+04	9.451848199778822845e-01
2.353398386720000053e+04	9.576889332763212082e-01
2.353417886720000024e+04	9.380573306232182773e-01
2.353437386719999995e+04	9.482585458271124423e-01
2.353456886719999966e+04	9.380195094038761283e-01
2.353476486719999957e+04	9.160855740177353823e-01
2.353495986719999928e+04	9.016168699629005800e-01
2.353515486719999899e+04	8.961128459118850031e-01
2.353535086719999890e+04	9.485934388413053142e-01
2.353554586719999861e+04	9.329652333469677927e-01
2.353574086719999832e+04	9.291996933497195243e-01
2.353593686720000187e+04	9.214755853351341841e-01
2.353613186720000158e+04	9.271557443992897163e-01
2.353632686720000129e+04	9.699836505260570618e-01
2.353652286720000120e+04	9.458659158138065237e-01
2.353671786720000091e+04	9.219090606346469485e-01
2.353691286720000062e+04	9.244911517079028584e-01
2.353710886720000053e+04	9.280826613082098220e-01
2.353730386720000024e+04	9.139596692352540686e-01
2.353749886719999995e+04	9.260661939945613597e-01
2.353769386719999966e+04	9.318024175644303853e-01
2.353788986719999957e+04	8.927805642100867800e-01
2.353808486719999928e+04	9.098024868918308528e-01
2.353827986719999899e+04	9.399358557419823512e-01
2.353847586719999890e+04	9.535934719984862085e-01
2.353867086719999861e+04	9.319597977253160082e-01
2.353886586719999832e+04	9.469137515279442141e-01
2.353906186720000187e+04	9.921965326281227959e-01
2.353925686720000158e+04	9.411238978039548897e-01
2.353945186720000129e+04	9.189156788178323154e-01
2.353964786720000120e+04	9.709803945367276867e-01
2.353984286720000091e+04	9.610408944773851658e-01
2.354003786720000062e+04	9.817355615606953023e-01
2.354023386720000053e+04	9.638238443073277040e-01
2.354042886720000024e+04	9.840512164435715192e-01
2.354062386719999995e+04	9.639891665661544096e-01
2.354081886719999966e+04	9.687909910097474153e-01
2.354101486719999957e+04	9.803364954226410077e-01
2.354120986719999928e+04	9.378325962379729930e-01
2.354140486719999899e+04	9.373085295871419476e-01
2.354160086719999890e+04	9.647544903221767498e-01
2.354179586719999861e+04	9.793258618981788288e-01
2.354199086719999832e+04	9.959033722645926900e-01
2.354218686720000187e+04	9.677421832822901138e-01
2.354238186720000158e+04	9.545540675845423095e-01
2.354257686720000129e+04	9.896441952650292251e-01
2.354277286720000120e+04	9.835037232940653240e-01
2.354296786720000091e+04	9.956576448162692827e-01
2.354316286720000062e+04	9.911538284622718464e-01
2.354335886720000053e+04	9.858059828820913140e-01
2.354355386720000024e+04	9.143216651795142980e-01
2.354374886719999995e+04	9.689847616898852323e-01
2.354394386719999966e+04	9.520048181389899611e-01
2.354413986719999957e+04	9.599252919477923029e-01
2.354433486719999928e+04	9.605804571979419393e-01
2.354452986719999899e+04	9.325821107290437340e-01
2.354472586719999890e+04	9.401759257057165087e-01
2.354492086719999861e+04	8.668639432900544506e-01
2.354511586719999832e+04	9.655871936977042935e-01
2.354531186720000187e+04	9.409155998527936049e-01
2.354550686720000158e+04	9.337878072252507877e-01
2.354570186720000129e+04	9.408633934695060930e-01
2.354589786720000120e+04	9.424864762615641212e-01
2.354609286720000091e+04	9.205412299574504686e-01
2.354628786720000062e+04	9.385200434056386598e-01
2.354648386720000053e+04	9.464398845721788689e-01
2.354667886720000024e+04	9.321825683248370353e-01
2.354687386719999995e+04	9.750739359978570775e-01
