# time(sec)	crack length FEA(mm)
2.804550686720000158e+04	1.081228134244724970e+00
2.804570186720000129e+04	1.076321931331776227e+00
2.804589786720000120e+04	1.064633609843257389e+00
2.804609286720000091e+04	1.063475260204974404e+00
2.804628786720000062e+04	1.051748229077503538e+00
2.804648386720000053e+04	1.025804512683286873e+00
2.804667886720000024e+04	1.046249097765361569e+00
2.804687386719999995e+04	1.092467672004433510e+00
2.804706886719999966e+04	1.073856758367748299e+00
2.804726486719999957e+04	1.053778528860808805e+00
2.804745986719999928e+04	1.101062028481811339e+00
2.804765486719999899e+04	1.030599971150234495e+00
2.804785086719999890e+04	1.021807182271121661e+00
2.804804586719999861e+04	1.081248458336947493e+00
2.804824086719999832e+04	1.048874702968884520e+00
2.804843686720000187e+04	1.117345138883612421e+00
2.804863186720000158e+04	1.076677368422505054e+00
2.804882686720000129e+04	1.100186364319659660e+00
2.804902286720000120e+04	1.104583533796715145e+00
2.804921786720000091e+04	1.053085043038308299e+00
2.804941286720000062e+04	1.116519808066129826e+00
2.804960886720000053e+04	1.069376669001410818e+00
2.804980386720000024e+04	1.073817144599168216e+00
2.804999886719999995e+04	1.069988258743446607e+00
2.805019386719999966e+04	1.114265679602615577e+00
2.805038986719999957e+04	1.112329827502616553e+00
2.805058486719999928e+04	1.069521975350172127e+00
2.805077986719999899e+04	1.106907591300455351e+00
2.805097586719999890e+04	1.143392844396906582e+00
2.805117086719999861e+04	1.098612667577967272e+00
2.805136586719999832e+04	1.061616458310430389e+00
2.805156186720000187e+04	1.098889673652472254e+00
2.805175686720000158e+04	1.145579398407551963e+00
2.805195186720000129e+04	1.113598432560372942e+00
2.805214786720000120e+04	1.118824408995401143e+00
2.805234286720000091e+04	1.123718886152452967e+00
2.805253786720000062e+04	1.096052344091265951e+00
2.805273386720000053e+04	1.114428917081994541e+00
2.805292886720000024e+04	1.088321060222066095e+00
2.805312386719999995e+04	1.085163706046110121e+00
2.805331886719999966e+04	1.071611757812815924e+00
2.805351486719999957e+04	1.087400364792209473e+00
2.805370986719999928e+04	1.133527007283035459e+00
2.805390486719999899e+04	1.096973750609279818e+00
2.805410086719999890e+04	1.103550788447675401e+00
2.805429586719999861e+04	1.081234152969123841e+00
2.805449086719999832e+04	1.082233414563660290e+00
2.805468686720000187e+04	1.094926906979083014e+00
2.805488186720000158e+04	1.090570588316147393e+00
2.805507686720000129e+04	1.121316359181143696e+00
2.805527286720000120e+04	1.131602822634116379e+00
2.805546786720000091e+04	1.093906906329383588e+00
2.805566286720000062e+04	1.085749598933514193e+00
2.805585886720000053e+04	1.103578239436362907e+00
2.805605386720000024e+04	1.113503047802741008e+00
2.805624886719999995e+04	1.076115768407078122e+00
2.805644386719999966e+04	1.111685786105349294e+00
2.805663986719999957e+04	1.103056665228292488e+00
2.805683486719999928e+04	1.086447017663552117e+00
2.805702986719999899e+04	1.101294383038879943e+00
2.805722586719999890e+04	1.056225348207451731e+00
2.805742086719999861e+04	1.101044858906398360e+00
2.805761586719999832e+04	1.082507558692684668e+00
2.805781186720000187e+04	1.128421704863864505e+00
2.805800686720000158e+04	1.099962191896048935e+00
2.805820186720000129e+04	1.121070006092372395e+00
2.805839786720000120e+04	1.069915127121259246e+00
2.805859286720000091e+04	1.152559988194836293e+00
2.805878786720000062e+04	1.082266908638739977e+00
2.805898386720000053e+04	1.103516278588333677e+00
2.805917886720000024e+04	1.101397834993345981e+00
2.805937386719999995e+04	1.092093115031971706e+00
2.805956886719999966e+04	1.069374661760353007e+00
2.805976486719999957e+04	1.065473050781005071e+00
2.805995986719999928e+04	1.119542194106683652e+00
2.806015486719999899e+04	1.062774985647134685e+00
2.806035086719999890e+04	1.081899343473789799e+00
2.806054586719999861e+04	1.065903801592213540e+00
2.806074086719999832e+04	1.096812485254123004e+00
2.806093686720000187e+04	1.049539749820510792e+00
2.806113186720000158e+04	1.118084306450835896e+00
2.806132686720000129e+04	1.088428667117227633e+00
2.806152286720000120e+04	1.115759339090500291e+00
2.806171786720000091e+04	1.098202643850163085e+00
2.806191286720000062e+04	1.087191158427033955e+00
2.806210886720000053e+04	1.112287141679635383e+00
2.806230386720000024e+04	1.074136059741642057e+00
2.806249886719999995e+04	1.065100076256902284e+00
2.806269386719999966e+04	1.073651533901159638e+00
2.806288986719999957e+04	1.094205326432815539e+00
2.806308486719999928e+04	1.051546831515818070e+00
2.806327986719999899e+04	1.097848487135317797e+00
2.806347586719999890e+04	1.093876479996811923e+00
2.806367086719999861e+04	1.077404540923080134e+00
2.806386586719999832e+04	1.100679501346004230e+00
2.806406186720000187e+04	1.123545525035620329e+00
2.806425686720000158e+04	1.099597863617578497e+00
2.806445186720000129e+04	1.146659899551430328e+00
2.806464786720000120e+04	1.081014861071267319e+00
2.806484286720000091e+04	1.122568375057177548e+00
2.806503786720000062e+04	1.100859130371389938e+00
2.806523386720000053e+04	1.092832109577630106e+00
2.806542886720000024e+04	1.151457404685531927e+00
2.806562386719999995e+04	1.129316611452537700e+00
2.806581886719999966e+04	1.093691741628727954e+00
2.806601486719999957e+04	1.119784557072984299e+00
2.806620986719999928e+04	1.141530190899908703e+00
2.806640486719999899e+04	1.151141613507789430e+00
2.806660086719999890e+04	1.126529580142470621e+00
2.806679586719999861e+04	1.165535621495145335e+00
2.806699086719999832e+04	1.104791454315684263e+00
2.806718686720000187e+04	1.115330448583041090e+00
2.806738186720000158e+04	1.104995364541077052e+00
2.806757686720000129e+04	1.121305299906765640e+00
2.806777286720000120e+04	1.090989811674374366e+00
2.806796786720000091e+04	1.087919056087901737e+00
2.806816286720000062e+04	1.118339748074848927e+00
2.806835886720000053e+04	1.122117228526310129e+00
2.806855386720000024e+04	1.129326709427679987e+00
2.806874886719999995e+04	1.084594195258162586e+00
2.806894386719999966e+04	1.132890677971374771e+00
2.806913986719999957e+04	1.134686038433759592e+00
2.806933486719999928e+04	1.160885628416171045e+00
2.806952986719999899e+04	1.122874446232733803e+00
2.806972586719999890e+04	1.133091213630248006e+00
2.806992086719999861e+04	1.159279437487729325e+00
2.807011586719999832e+04	1.132741667738052627e+00
2.807031186720000187e+04	1.099200146730865413e+00
2.807050686720000158e+04	1.121742180866259986e+00
2.807070186720000129e+04	1.125191664451854479e+00
2.807089786720000120e+04	1.156050555487450282e+00
2.807109286720000091e+04	1.117866312328780865e+00
2.807128786720000062e+04	1.124231735080842398e+00
2.807148386720000053e+04	1.112484976755856891e+00
2.807167886720000024e+04	1.166298667560056401e+00
2.807187386719999995e+04	1.140544645403313240e+00
2.807206886719999966e+04	1.124472047573629396e+00
2.807226486719999957e+04	1.146128223636955212e+00
2.807245986719999928e+04	1.113277955677776987e+00
2.807265486719999899e+04	1.117718339948449824e+00
2.807285086719999890e+04	1.134691086279154604e+00
2.807304586719999861e+04	1.142583557746004175e+00
2.807324086719999832e+04	1.155441178105027333e+00
2.807343686720000187e+04	1.111000258766788207e+00
2.807363186720000158e+04	1.095416055867371341e+00
2.807382686720000129e+04	1.133159189959730639e+00
2.807402286720000120e+04	1.114065942995928538e+00
2.807421786720000091e+04	1.118422920598282744e+00
2.807441286720000062e+04	1.123750319147514887e+00
2.807460886720000053e+04	1.144537213130261577e+00
2.807480386720000024e+04	1.064460864816803465e+00
2.807499886719999995e+04	1.154977526022761936e+00
2.807519386719999966e+04	1.109566067047715876e+00
2.807538986719999957e+04	1.099603006089076018e+00
2.807558486719999928e+04	1.103586344007910114e+00
2.807577986719999899e+04	1.142968455207915568e+00
2.807597586719999890e+04	1.116154775545529887e+00
2.807617086719999861e+04	1.084606318217884890e+00
2.807636586719999832e+04	1.152989336578782442e+00
2.807656186720000187e+04	1.115134727696416306e+00
2.807675686720000158e+04	1.139260164155906807e+00
2.807695186720000129e+04	1.061752645593346145e+00
2.807714786720000120e+04	1.112461630386125222e+00
2.807734286720000091e+04	1.110334923759710435e+00
2.807753786720000062e+04	1.107230158195802616e+00
2.807773386720000053e+04	1.110083403628852494e+00
2.807792886720000024e+04	1.140902168143686168e+00
2.807812386719999995e+04	1.092435151346649036e+00
2.807831886719999966e+04	1.122348419336866243e+00
2.807851486719999957e+04	1.109967705216718059e+00
2.807870986719999928e+04	1.096188421606276719e+00
2.807890486719999899e+04	1.109911946744565725e+00
2.807910086719999890e+04	1.114416809324564994e+00
2.807929586719999861e+04	1.118928829702333871e+00
2.807949086719999832e+04	1.121400566243028862e+00
2.807968686720000187e+04	1.128283896696490984e+00
2.807988186720000158e+04	1.127239035770596587e+00
2.808007686720000129e+04	1.122120276254088722e+00
2.808027286720000120e+04	1.081098164317467081e+00
2.808046786720000091e+04	1.080277592821943244e+00
2.808066286720000062e+04	1.097595875946604238e+00
2.808085886720000053e+04	1.104501358504867525e+00
2.808105386720000024e+04	1.113692771628745248e+00
2.808124886719999995e+04	1.128427885754701876e+00
2.808144386719999966e+04	1.148178833319875025e+00
2.808163986719999957e+04	1.137623093674676511e+00
2.808183486719999928e+04	1.103517324342384143e+00
2.808202986719999899e+04	1.141089584822383429e+00
2.808222586719999890e+04	1.082841621242137009e+00
2.808242086719999861e+04	1.133188608592503144e+00
2.808261586719999832e+04	1.108863227473372959e+00
2.808281186720000187e+04	1.099830232490040416e+00
2.808300686720000158e+04	1.123339684275100225e+00
2.808320186720000129e+04	1.080203446028553671e+00
2.808339786720000120e+04	1.153380065544507005e+00
2.808359286720000091e+04	1.095661629049553554e+00
2.808378786720000062e+04	1.115127672307229645e+00
2.808398386720000053e+04	1.124794288876024950e+00
2.808417886720000024e+04	1.145612803254522305e+00
2.808437386719999995e+04	1.107722103487516208e+00
2.808456886719999966e+04	1.132995994218884306e+00
2.808476486719999957e+04	1.112759730442373751e+00
2.808495986719999928e+04	1.117361425726947743e+00
2.808515486719999899e+04	1.131783175334250657e+00
2.808535086719999890e+04	1.110592539643210586e+00
2.808554586719999861e+04	1.161687248640765446e+00
2.808574086719999832e+04	1.119109365837729797e+00
2.808593686720000187e+04	1.127806654646509088e+00
2.808613186720000158e+04	1.114899546927066609e+00
2.808632686720000129e+04	1.101296474742504472e+00
2.808652286720000120e+04	1.169940941413209146e+00
2.808671786720000091e+04	1.147999649084148643e+00
2.808691286720000062e+04	1.145456826573598264e+00
2.808710886720000053e+04	1.125919443526042230e+00
2.808730386720000024e+04	1.105296782476550277e+00
2.808749886719999995e+04	1.155964558402196474e+00
2.808769386719999966e+04	1.117642306695096011e+00
2.808788986719999957e+04	1.154389426127766072e+00
2.808808486719999928e+04	1.136248382321989325e+00
2.808827986719999899e+04	1.086316029735616695e+00
2.808847586719999890e+04	1.143554837610675889e+00
2.808867086719999861e+04	1.078308437274294818e+00
2.808886586719999832e+04	1.132291759081649474e+00
2.808906186720000187e+04	1.087963791374200184e+00
2.808925686720000158e+04	1.134404488804182876e+00
2.808945186720000129e+04	1.160407999040984350e+00
2.808964786720000120e+04	1.106005827167431121e+00
2.808984286720000091e+04	1.125401494181472728e+00
2.809003786720000062e+04	1.145068924733362081e+00
2.809023386720000053e+04	1.180521726467739896e+00
2.809042886720000024e+04	1.112887610909307767e+00
2.809062386719999995e+04	1.089816351310389564e+00
2.809081886719999966e+04	1.138963353992386018e+00
2.809101486719999957e+04	1.136782194371228627e+00
2.809120986719999928e+04	1.124981832866925657e+00
2.809140486719999899e+04	1.154398556875001702e+00
2.809160086719999890e+04	1.121571853108903838e+00
2.809179586719999861e+04	1.127787327969427267e+00
2.809199086719999832e+04	1.139646159737315756e+00
2.809218686720000187e+04	1.122848149518585359e+00
2.809238186720000158e+04	1.132626166755512642e+00
2.809257686720000129e+04	1.146899897910172328e+00
2.809277286720000120e+04	1.166854139892004483e+00
2.809296786720000091e+04	1.171993487640035525e+00
2.809316286720000062e+04	1.125371108165385436e+00
2.809335886720000053e+04	1.094831447235995014e+00
2.809355386720000024e+04	1.153152307778714913e+00
2.809374886719999995e+04	1.113938155982106437e+00
2.809394386719999966e+04	1.120863273036718510e+00
2.809413986719999957e+04	1.128555507732409424e+00
2.809433486719999928e+04	1.175380147294804445e+00
2.809452986719999899e+04	1.134538170899727305e+00
2.809472586719999890e+04	1.117633161785677842e+00
2.809492086719999861e+04	1.161283442690436374e+00
2.809511586719999832e+04	1.124776091631826347e+00
2.809531186720000187e+04	1.137086167725136931e+00
2.809550686720000158e+04	1.101277126476951196e+00
2.809570186720000129e+04	1.118300295456606364e+00
2.809589786720000120e+04	1.134635385856689993e+00
2.809609286720000091e+04	1.141443010015414927e+00
2.809628786720000062e+04	1.167094889772215538e+00
2.809648386720000053e+04	1.129958085492974718e+00
2.809667886720000024e+04	1.150963408366456164e+00
2.809687386719999995e+04	1.167067599114609777e+00
2.809706886719999966e+04	1.140624607759505693e+00
2.809726486719999957e+04	1.135507691674561670e+00
2.809745986719999928e+04	1.155109179093187777e+00
2.809765486719999899e+04	1.156290458749413830e+00
2.809785086719999890e+04	1.142835777652082996e+00
2.809804586719999861e+04	1.118421004585314904e+00
2.809824086719999832e+04	1.145194543337602511e+00
2.809843686720000187e+04	1.164069433205634496e+00
2.809863186720000158e+04	1.141269865392040117e+00
2.809882686720000129e+04	1.118677400582811288e+00
2.809902286720000120e+04	1.139317942072937129e+00
2.809921786720000091e+04	1.173902317527200978e+00
2.809941286720000062e+04	1.161207549005800033e+00
2.809960886720000053e+04	1.177008442172738256e+00
2.809980386720000024e+04	1.170957591024635036e+00
2.809999886719999995e+04	1.142993685609914323e+00
2.810019386719999966e+04	1.155944298173881890e+00
2.810038986719999957e+04	1.157727914459821150e+00
2.810058486719999928e+04	1.158860462384707191e+00
2.810077986719999899e+04	1.159262223051790386e+00
2.810097586719999890e+04	1.146859448918863933e+00
2.810117086719999861e+04	1.165719888203360810e+00
2.810136586719999832e+04	1.135319360578952441e+00
2.810156186720000187e+04	1.140891030987082999e+00
2.810175686720000158e+04	1.132792324359305880e+00
2.810195186720000129e+04	1.122917025949821124e+00
2.810214786720000120e+04	1.142683784811623582e+00
2.810234286720000091e+04	1.129361181793193225e+00
2.810253786720000062e+04	1.148092807659274683e+00
2.810273386720000053e+04	1.181170935891103113e+00
2.810292886720000024e+04	1.111107763027789019e+00
2.810312386719999995e+04	1.162368356745469455e+00
2.810331886719999966e+04	1.114181534337696178e+00
2.810351486719999957e+04	1.132249283225000624e+00
2.810370986719999928e+04	1.144352955574127861e+00
2.810390486719999899e+04	1.136170319787716210e+00
2.810410086719999890e+04	1.117077493060921967e+00
2.810429586719999861e+04	1.114336671493809661e+00
2.810449086719999832e+04	1.101622168181497941e+00
2.810468686720000187e+04	1.170315227189494323e+00
2.810488186720000158e+04	1.135947531208799433e+00
2.810507686720000129e+04	1.111825781439893746e+00
2.810527286720000120e+04	1.155042309164040049e+00
2.810546786720000091e+04	1.173101197731718059e+00
2.810566286720000062e+04	1.102373939097935462e+00
2.810585886720000053e+04	1.145784872267295640e+00
2.810605386720000024e+04	1.163111163863327135e+00
2.810624886719999995e+04	1.174266461821979135e+00
2.810644386719999966e+04	1.114783871975555840e+00
2.810663986719999957e+04	1.187142322924049864e+00
2.810683486719999928e+04	1.111512337100755587e+00
2.810702986719999899e+04	1.115542368845471088e+00
2.810722586719999890e+04	1.155351091876617886e+00
2.810742086719999861e+04	1.174744941165105416e+00
2.810761586719999832e+04	1.134017363485638086e+00
2.810781186720000187e+04	1.141370098011552869e+00
2.810800686720000158e+04	1.141381234943121825e+00
2.810820186720000129e+04	1.176440089462690963e+00
2.810839786720000120e+04	1.132387068360234395e+00
2.810859286720000091e+04	1.098091071543558783e+00
2.810878786720000062e+04	1.154968482456064649e+00
2.810898386720000053e+04	1.157077974778022877e+00
2.810917886720000024e+04	1.103685777289747705e+00
2.810937386719999995e+04	1.182373237888466377e+00
2.810956886719999966e+04	1.147692858171982522e+00
2.810976486719999957e+04	1.138422368537892027e+00
2.810995986719999928e+04	1.101479062328580838e+00
2.811015486719999899e+04	1.123023518445652513e+00
2.811035086719999890e+04	1.142489333477572089e+00
2.811054586719999861e+04	1.105358564402774135e+00
2.811074086719999832e+04	1.108266751543776962e+00
2.811093686720000187e+04	1.159621550071332052e+00
2.811113186720000158e+04	1.105530054154428399e+00
2.811132686720000129e+04	1.120878512476760847e+00
2.811152286720000120e+04	1.137240197968745647e+00
2.811171786720000091e+04	1.197776090063660703e+00
2.811191286720000062e+04	1.149129704855196721e+00
2.811210886720000053e+04	1.144688150146128791e+00
2.811230386720000024e+04	1.129771625428031001e+00
2.811249886719999995e+04	1.142240242033604858e+00
2.811269386719999966e+04	1.120896625627064935e+00
2.811288986719999957e+04	1.114266724883536952e+00
2.811308486719999928e+04	1.144517030125031809e+00
2.811327986719999899e+04	1.152562075384244267e+00
2.811347586719999890e+04	1.161642739043752925e+00
2.811367086719999861e+04	1.149320013748996061e+00
2.811386586719999832e+04	1.144759051063889643e+00
2.811406186720000187e+04	1.149220771504658956e+00
2.811425686720000158e+04	1.112065087048543788e+00
2.811445186720000129e+04	1.167126265298287890e+00
2.811464786720000120e+04	1.118670346246283032e+00
2.811484286720000091e+04	1.151392611741066219e+00
2.811503786720000062e+04	1.156636614266453478e+00
2.811523386720000053e+04	1.158549725699497657e+00
2.811542886720000024e+04	1.145660387681795456e+00
2.811562386719999995e+04	1.166725594097734131e+00
2.811581886719999966e+04	1.153928710141656211e+00
2.811601486719999957e+04	1.135519875705028880e+00
2.811620986719999928e+04	1.162843947227916175e+00
2.811640486719999899e+04	1.161563716916383271e+00
2.811660086719999890e+04	1.157479852629471395e+00
2.811679586719999861e+04	1.133883591419929004e+00
2.811699086719999832e+04	1.166700388958181733e+00
2.811718686720000187e+04	1.115216866208882607e+00
2.811738186720000158e+04	1.142592693042971064e+00
2.811757686720000129e+04	1.105104987349204038e+00
2.811777286720000120e+04	1.121727986933162668e+00
2.811796786720000091e+04	1.158300716079274650e+00
2.811816286720000062e+04	1.141767195995447182e+00
2.811835886720000053e+04	1.122623058902460613e+00
2.811855386720000024e+04	1.104703266958171781e+00
2.811874886719999995e+04	1.147544984751664998e+00
2.811894386719999966e+04	1.116201461000720485e+00
2.811913986719999957e+04	1.136707353497406814e+00
2.811933486719999928e+04	1.170228239079857957e+00
2.811952986719999899e+04	1.154125154690063937e+00
2.811972586719999890e+04	1.111401872684687930e+00
2.811992086719999861e+04	1.140782617454949133e+00
2.812011586719999832e+04	1.142375881045252228e+00
2.812031186720000187e+04	1.171800319518464306e+00
2.812050686720000158e+04	1.142957319021940421e+00
2.812070186720000129e+04	1.103431136625037112e+00
2.812089786720000120e+04	1.147293858776347264e+00
2.812109286720000091e+04	1.063144941288598488e+00
2.812128786720000062e+04	1.138314030736292892e+00
2.812148386720000053e+04	1.161075929828268016e+00
2.812167886720000024e+04	1.152501285917322704e+00
2.812187386719999995e+04	1.115202755477220364e+00
2.812206886719999966e+04	1.118877185490172010e+00
2.812226486719999957e+04	1.117261091626772895e+00
2.812245986719999928e+04	1.133515779626137032e+00
2.812265486719999899e+04	1.103243422354896808e+00
2.812285086719999890e+04	1.173995461149083042e+00
2.812304586719999861e+04	1.120439525602661135e+00
2.812324086719999832e+04	1.154182809420976952e+00
2.812343686720000187e+04	1.124806478409791310e+00
2.812363186720000158e+04	1.153722263340696941e+00
2.812382686720000129e+04	1.121781714843759659e+00
2.812402286720000120e+04	1.154847002672569900e+00
2.812421786720000091e+04	1.153399284408154202e+00
2.812441286720000062e+04	1.162431120284415087e+00
2.812460886720000053e+04	1.133840073994537789e+00
2.812480386720000024e+04	1.092102269776923151e+00
2.812499886719999995e+04	1.102270491392726370e+00
2.812519386719999966e+04	1.148755084116865888e+00
2.812538986719999957e+04	1.118100592787108383e+00
2.812558486719999928e+04	1.137369948092533889e+00
2.812577986719999899e+04	1.160067984346071057e+00
2.812597586719999890e+04	1.139668435214799658e+00
2.812617086719999861e+04	1.145219858363537568e+00
2.812636586719999832e+04	1.131634158143759450e+00
2.812656186720000187e+04	1.141512963564917271e+00
2.812675686720000158e+04	1.121145070471561311e+00
2.812695186720000129e+04	1.135749891619985519e+00
2.812714786720000120e+04	1.120327970612201796e+00
2.812734286720000091e+04	1.150783114538951324e+00
2.812753786720000062e+04	1.115578864581383556e+00
2.812773386720000053e+04	1.139608656835369160e+00
2.812792886720000024e+04	1.119371937650706528e+00
2.812812386719999995e+04	1.101821922291586375e+00
2.812831886719999966e+04	1.134197697828421170e+00
2.812851486719999957e+04	1.124357464094355663e+00
2.812870986719999928e+04	1.131184228481574294e+00
2.812890486719999899e+04	1.108079162605623225e+00
2.812910086719999890e+04	1.133568523456567334e+00
2.812929586719999861e+04	1.098802423188747213e+00
2.812949086719999832e+04	1.109995148791664832e+00
2.812968686720000187e+04	1.089233784943676397e+00
2.812988186720000158e+04	1.140498007821870274e+00
2.813007686720000129e+04	1.093948491826960634e+00
2.813027286720000120e+04	1.072888645295810406e+00
2.813046786720000091e+04	1.135163316167677294e+00
2.813066286720000062e+04	1.117674705774406974e+00
2.813085886720000053e+04	1.098549734973808256e+00
2.813105386720000024e+04	1.114153137421167727e+00
2.813124886719999995e+04	1.129959130083047825e+00
2.813144386719999966e+04	1.057748065139996640e+00
2.813163986719999957e+04	1.101748888479221478e+00
2.813183486719999928e+04	1.082043439464364099e+00
2.813202986719999899e+04	1.127855232441008937e+00
2.813222586719999890e+04	1.130863988958026312e+00
2.813242086719999861e+04	1.110748658561869107e+00
2.813261586719999832e+04	1.126260993111118935e+00
2.813281186720000187e+04	1.132609019990493238e+00
2.813300686720000158e+04	1.135796538540645884e+00
2.813320186720000129e+04	1.103011086854641221e+00
2.813339786720000120e+04	1.149099262248675757e+00
2.813359286720000091e+04	1.141470417214254240e+00
2.813378786720000062e+04	1.110991111299103551e+00
2.813398386720000053e+04	1.125152136154039084e+00
2.813417886720000024e+04	1.106665184014234526e+00
2.813437386719999995e+04	1.132288799700656767e+00
2.813456886719999966e+04	1.134265670986959407e+00
2.813476486719999957e+04	1.107747458521384232e+00
2.813495986719999928e+04	1.105126249584104769e+00
2.813515486719999899e+04	1.123318438342000292e+00
2.813535086719999890e+04	1.125178430315422418e+00
2.813554586719999861e+04	1.143532652783768810e+00
2.813574086719999832e+04	1.157537586144059105e+00
2.813593686720000187e+04	1.116012802421867178e+00
2.813613186720000158e+04	1.094516906849689164e+00
2.813632686720000129e+04	1.141215137506872424e+00
2.813652286720000120e+04	1.142770961133512841e+00
2.813671786720000091e+04	1.143597467219787944e+00
2.813691286720000062e+04	1.146291242029047197e+00
2.813710886720000053e+04	1.125748188034595643e+00
2.813730386720000024e+04	1.107142938351696415e+00
2.813749886719999995e+04	1.129229472712623306e+00
2.813769386719999966e+04	1.107799126943069368e+00
2.813788986719999957e+04	1.110618849934656538e+00
2.813808486719999928e+04	1.137161181448975711e+00
2.813827986719999899e+04	1.162636534969587743e+00
2.813847586719999890e+04	1.127364748851778842e+00
2.813867086719999861e+04	1.136717361302352458e+00
2.813886586719999832e+04	1.130896457038147673e+00
2.813906186720000187e+04	1.150462182913397413e+00
2.813925686720000158e+04	1.161700462411275225e+00
2.813945186720000129e+04	1.102576824275235623e+00
2.813964786720000120e+04	1.139745355062096621e+00
2.813984286720000091e+04	1.147711124824581930e+00
2.814003786720000062e+04	1.125072034555682166e+00
2.814023386720000053e+04	1.097133097139643354e+00
2.814042886720000024e+04	1.110248673651206275e+00
2.814062386719999995e+04	1.100726304381520748e+00
2.814081886719999966e+04	1.068829122276531152e+00
2.814101486719999957e+04	1.101047822184257896e+00
2.814120986719999928e+04	1.105094791926537923e+00
2.814140486719999899e+04	1.136825793422568509e+00
2.814160086719999890e+04	1.094569650192676491e+00
2.814179586719999861e+04	1.111764887490993559e+00
2.814199086719999832e+04	1.096562826892339970e+00
2.814218686720000187e+04	1.113920908602416660e+00
2.814238186720000158e+04	1.144003575652195792e+00
2.814257686720000129e+04	1.145188366815141023e+00
2.814277286720000120e+04	1.137743704541605894e+00
2.814296786720000091e+04	1.122168952767609085e+00
2.814316286720000062e+04	1.096297910700489098e+00
2.814335886720000053e+04	1.077370080340308789e+00
2.814355386720000024e+04	1.131935151014133112e+00
2.814374886719999995e+04	1.076414324547108947e+00
2.814394386719999966e+04	1.087702877953324432e+00
2.814413986719999957e+04	1.104566279623270475e+00
2.814433486719999928e+04	1.110226370541880669e+00
2.814452986719999899e+04	1.135027461831391804e+00
2.814472586719999890e+04	1.120719238074423529e+00
2.814492086719999861e+04	1.120706088527075650e+00
2.814511586719999832e+04	1.090402129593888603e+00
2.814531186720000187e+04	1.108495027770375785e+00
