# time(sec)	crack length FEA(mm)
2.985702986719999899e+04	1.138315074958430984e+00
2.985722586719999890e+04	1.157845206022491524e+00
2.985742086719999861e+04	1.173275152513053143e+00
2.985761586719999832e+04	1.101992478900486461e+00
2.985781186720000187e+04	1.136871393941408570e+00
2.985800686720000158e+04	1.144716510538682286e+00
2.985820186720000129e+04	1.170024975907029585e+00
2.985839786720000120e+04	1.167850672044091098e+00
2.985859286720000091e+04	1.150596905146802129e+00
2.985878786720000062e+04	1.159294739198060142e+00
2.985898386720000053e+04	1.144511897375270593e+00
2.985917886720000024e+04	1.179364849134870497e+00
2.985937386719999995e+04	1.174648759513736707e+00
2.985956886719999966e+04	1.183875725463945372e+00
2.985976486719999957e+04	1.150396343557497758e+00
2.985995986719999928e+04	1.175256687008992884e+00
2.986015486719999899e+04	1.181480333416850215e+00
2.986035086719999890e+04	1.138328214749723344e+00
2.986054586719999861e+04	1.157872594257778331e+00
2.986074086719999832e+04	1.175975892765414699e+00
2.986093686720000187e+04	1.131966486084788670e+00
2.986113186720000158e+04	1.161804694460951026e+00
2.986132686720000129e+04	1.208775714833016934e+00
2.986152286720000120e+04	1.126367383540301859e+00
2.986171786720000091e+04	1.156053598856843223e+00
2.986191286720000062e+04	1.198435935975439293e+00
2.986210886720000053e+04	1.119474352933737649e+00
2.986230386720000024e+04	1.158003187883835494e+00
2.986249886719999995e+04	1.141952517712475412e+00
2.986269386719999966e+04	1.147597610398173984e+00
2.986288986719999957e+04	1.172850342606160723e+00
2.986308486719999928e+04	1.120224601078147586e+00
2.986327986719999899e+04	1.184553155545984282e+00
2.986347586719999890e+04	1.180755301457981687e+00
2.986367086719999861e+04	1.135920117625772718e+00
2.986386586719999832e+04	1.160718711345833043e+00
2.986406186720000187e+04	1.171649555179186564e+00
2.986425686720000158e+04	1.161943264131853226e+00
2.986445186720000129e+04	1.155542481224857809e+00
2.986464786720000120e+04	1.143527519820860761e+00
2.986484286720000091e+04	1.188296822670222852e+00
2.986503786720000062e+04	1.160474853823476593e+00
2.986523386720000053e+04	1.152440583261100215e+00
2.986542886720000024e+04	1.180443809715871595e+00
2.986562386719999995e+04	1.143271218259640065e+00
2.986581886719999966e+04	1.166003152011146682e+00
2.986601486719999957e+04	1.174839992927887877e+00
2.986620986719999928e+04	1.182085045362748943e+00
2.986640486719999899e+04	1.196802866174248692e+00
2.986660086719999890e+04	1.161278313571649790e+00
2.986679586719999861e+04	1.200594150923555148e+00
2.986699086719999832e+04	1.158099350240052061e+00
2.986718686720000187e+04	1.216176900220029111e+00
2.986738186720000158e+04	1.169270132104806237e+00
2.986757686720000129e+04	1.129821330845368621e+00
2.986777286720000120e+04	1.163531106880288490e+00
2.986796786720000091e+04	1.176442087669478553e+00
2.986816286720000062e+04	1.241070069831904377e+00
2.986835886720000053e+04	1.208325166933452266e+00
2.986855386720000024e+04	1.170609646111399726e+00
2.986874886719999995e+04	1.204015940056761380e+00
2.986894386719999966e+04	1.197920525155979021e+00
2.986913986719999957e+04	1.192293500691112840e+00
2.986933486719999928e+04	1.214196885406542137e+00
2.986952986719999899e+04	1.235760970994821406e+00
2.986972586719999890e+04	1.183124450180537579e+00
2.986992086719999861e+04	1.157743043278145478e+00
2.987011586719999832e+04	1.208758536387882998e+00
2.987031186720000187e+04	1.199695858911738355e+00
2.987050686720000158e+04	1.197581049208080728e+00
2.987070186720000129e+04	1.183997056355153177e+00
2.987089786720000120e+04	1.219583337428844061e+00
2.987109286720000091e+04	1.178755984751436614e+00
2.987128786720000062e+04	1.199656454789403526e+00
2.987148386720000053e+04	1.173556327467693450e+00
2.987167886720000024e+04	1.226817718402710256e+00
2.987187386719999995e+04	1.184484458071818125e+00
2.987206886719999966e+04	1.203913976534160213e+00
2.987226486719999957e+04	1.196880729032550050e+00
2.987245986719999928e+04	1.161079059486951337e+00
2.987265486719999899e+04	1.158436437080245796e+00
2.987285086719999890e+04	1.153815399420130561e+00
2.987304586719999861e+04	1.179766261923710147e+00
2.987324086719999832e+04	1.187029084260746714e+00
2.987343686720000187e+04	1.167171807539158834e+00
2.987363186720000158e+04	1.159300738161343602e+00
2.987382686720000129e+04	1.211627770763692880e+00
2.987402286720000120e+04	1.183459096326656024e+00
2.987421786720000091e+04	1.184860424486043229e+00
2.987441286720000062e+04	1.221153178864009092e+00
2.987460886720000053e+04	1.188293783444409613e+00
2.987480386720000024e+04	1.162711467855938707e+00
2.987499886719999995e+04	1.201389306137565782e+00
2.987519386719999966e+04	1.164837481032028776e+00
2.987538986719999957e+04	1.217150193381833390e+00
2.987558486719999928e+04	1.177468709247291301e+00
2.987577986719999899e+04	1.175970766829282255e+00
2.987597586719999890e+04	1.183559237375128248e+00
2.987617086719999861e+04	1.160488937641751761e+00
2.987636586719999832e+04	1.188953894118698784e+00
2.987656186720000187e+04	1.212315509307341443e+00
2.987675686720000158e+04	1.196159207413789005e+00
2.987695186720000129e+04	1.193807512088117306e+00
2.987714786720000120e+04	1.157333083663619533e+00
2.987734286720000091e+04	1.174000413738113480e+00
2.987753786720000062e+04	1.141225230417292735e+00
2.987773386720000053e+04	1.205866653353254492e+00
2.987792886720000024e+04	1.174134915233402410e+00
2.987812386719999995e+04	1.175602565325508664e+00
2.987831886719999966e+04	1.193978276139029404e+00
2.987851486719999957e+04	1.176449211709687859e+00
2.987870986719999928e+04	1.210502692108260447e+00
2.987890486719999899e+04	1.195411360687629099e+00
2.987910086719999890e+04	1.208876616255947667e+00
2.987929586719999861e+04	1.224772876954329348e+00
2.987949086719999832e+04	1.182883863339693420e+00
2.987968686720000187e+04	1.190451882752407542e+00
2.987988186720000158e+04	1.188996355224157142e+00
2.988007686720000129e+04	1.186335572456760801e+00
2.988027286720000120e+04	1.176122546196655350e+00
2.988046786720000091e+04	1.217937766499254337e+00
2.988066286720000062e+04	1.211342971048747330e+00
2.988085886720000053e+04	1.196431082679520586e+00
2.988105386720000024e+04	1.225525863227552748e+00
2.988124886719999995e+04	1.213916106763283764e+00
2.988144386719999966e+04	1.195237481847986061e+00
2.988163986719999957e+04	1.182939450408413862e+00
2.988183486719999928e+04	1.190411508115175820e+00
2.988202986719999899e+04	1.235961849475179619e+00
2.988222586719999890e+04	1.195275938436431318e+00
2.988242086719999861e+04	1.206597943635529191e+00
2.988261586719999832e+04	1.223761574675705788e+00
2.988281186720000187e+04	1.196260249544423004e+00
2.988300686720000158e+04	1.208448454628703317e+00
2.988320186720000129e+04	1.220750387439249351e+00
2.988339786720000120e+04	1.189336996465698348e+00
2.988359286720000091e+04	1.191033096232976263e+00
2.988378786720000062e+04	1.200674952134651363e+00
2.988398386720000053e+04	1.202751214140221236e+00
2.988417886720000024e+04	1.181516814610201749e+00
2.988437386719999995e+04	1.205910993026806821e+00
2.988456886719999966e+04	1.224180441500795524e+00
2.988476486719999957e+04	1.180925204315688148e+00
2.988495986719999928e+04	1.135553381756540858e+00
2.988515486719999899e+04	1.212282198517634413e+00
2.988535086719999890e+04	1.173653556224998340e+00
2.988554586719999861e+04	1.215929450817462509e+00
2.988574086719999832e+04	1.204783732940724050e+00
2.988593686720000187e+04	1.176147828183285782e+00
2.988613186720000158e+04	1.206525232112912960e+00
2.988632686720000129e+04	1.148309480389201553e+00
2.988652286720000120e+04	1.210594650583496801e+00
2.988671786720000091e+04	1.190503457995149006e+00
2.988691286720000062e+04	1.142349518937614050e+00
2.988710886720000053e+04	1.158382705220269315e+00
2.988730386720000024e+04	1.176817313161082623e+00
2.988749886719999995e+04	1.221693229429954286e+00
2.988769386719999966e+04	1.185162739182137770e+00
2.988788986719999957e+04	1.206707097267127438e+00
2.988808486719999928e+04	1.183476293171727534e+00
2.988827986719999899e+04	1.208568618300606801e+00
2.988847586719999890e+04	1.161720630783625197e+00
2.988867086719999861e+04	1.217129031490745916e+00
2.988886586719999832e+04	1.180564202716013256e+00
2.988906186720000187e+04	1.186340609305020166e+00
2.988925686720000158e+04	1.205360515721675796e+00
2.988945186720000129e+04	1.194055193351221789e+00
2.988964786720000120e+04	1.211061204197550367e+00
2.988984286720000091e+04	1.181080947529835612e+00
2.989003786720000062e+04	1.191555603115759254e+00
2.989023386720000053e+04	1.185051575365111631e+00
2.989042886720000024e+04	1.146420855638856651e+00
2.989062386719999995e+04	1.176984203624476422e+00
2.989081886719999966e+04	1.218454648568350507e+00
2.989101486719999957e+04	1.195510409419764386e+00
2.989120986719999928e+04	1.190951220146372336e+00
2.989140486719999899e+04	1.214774479164351106e+00
2.989160086719999890e+04	1.193348604718096340e+00
2.989179586719999861e+04	1.208587792375082515e+00
2.989199086719999832e+04	1.197547717632446052e+00
2.989218686720000187e+04	1.217904463642211610e+00
2.989238186720000158e+04	1.170846360439778522e+00
2.989257686720000129e+04	1.200687015879303488e+00
2.989277286720000120e+04	1.201207400036460982e+00
2.989296786720000091e+04	1.202247092559836972e+00
2.989316286720000062e+04	1.219663206489498108e+00
2.989335886720000053e+04	1.218742397808483702e+00
2.989355386720000024e+04	1.212143836791753415e+00
2.989374886719999995e+04	1.207626206367942601e+00
2.989394386719999966e+04	1.199378627823898924e+00
2.989413986719999957e+04	1.208304951507505720e+00
2.989433486719999928e+04	1.179748106850508904e+00
2.989452986719999899e+04	1.186267835427631923e+00
2.989472586719999890e+04	1.174348395688205926e+00
2.989492086719999861e+04	1.197721405874032641e+00
2.989511586719999832e+04	1.186119247495604156e+00
2.989531186720000187e+04	1.184809965954434219e+00
2.989550686720000158e+04	1.193903529037251943e+00
2.989570186720000129e+04	1.153358759546225798e+00
2.989589786720000120e+04	1.184826032796319595e+00
2.989609286720000091e+04	1.209988585582028264e+00
2.989628786720000062e+04	1.193914641281049072e+00
2.989648386720000053e+04	1.160143794744390888e+00
2.989667886720000024e+04	1.183899956951519172e+00
2.989687386719999995e+04	1.176996279463454087e+00
2.989706886719999966e+04	1.190716790758475696e+00
2.989726486719999957e+04	1.166445380968157863e+00
2.989745986719999928e+04	1.155165874906051826e+00
2.989765486719999899e+04	1.209912934807599427e+00
2.989785086719999890e+04	1.158103436696812594e+00
2.989804586719999861e+04	1.183095180359902798e+00
2.989824086719999832e+04	1.158988007572022028e+00
2.989843686720000187e+04	1.185001030394241539e+00
2.989863186720000158e+04	1.159978872042355391e+00
2.989882686720000129e+04	1.181488411400229310e+00
2.989902286720000120e+04	1.228420366644529693e+00
2.989921786720000091e+04	1.214507759069611836e+00
2.989941286720000062e+04	1.170967758169208395e+00
2.989960886720000053e+04	1.160760179915330426e+00
2.989980386720000024e+04	1.188655709074573963e+00
2.989999886719999995e+04	1.183782707587521799e+00
2.990019386719999966e+04	1.158698573775374996e+00
2.990038986719999957e+04	1.201373076976484100e+00
2.990058486719999928e+04	1.178477998940607563e+00
2.990077986719999899e+04	1.158895848200817369e+00
2.990097586719999890e+04	1.167270887684201952e+00
2.990117086719999861e+04	1.224257173698450885e+00
2.990136586719999832e+04	1.173043502157218754e+00
2.990156186720000187e+04	1.176570580699289437e+00
2.990175686720000158e+04	1.190810736444174012e+00
2.990195186720000129e+04	1.193303199664178749e+00
2.990214786720000120e+04	1.215680090663614266e+00
2.990234286720000091e+04	1.207816045270902805e+00
2.990253786720000062e+04	1.208906895274688864e+00
2.990273386720000053e+04	1.212119634249795297e+00
2.990292886720000024e+04	1.206041321683205325e+00
2.990312386719999995e+04	1.213126404346539289e+00
2.990331886719999966e+04	1.162226660055498684e+00
2.990351486719999957e+04	1.179930091284202121e+00
2.990370986719999928e+04	1.177214859771090971e+00
2.990390486719999899e+04	1.193574065997964340e+00
2.990410086719999890e+04	1.211264201590278589e+00
2.990429586719999861e+04	1.183990976797751671e+00
2.990449086719999832e+04	1.206641414259912892e+00
2.990468686720000187e+04	1.219898389384916015e+00
2.990488186720000158e+04	1.133450937627671351e+00
2.990507686720000129e+04	1.158337233016995427e+00
2.990527286720000120e+04	1.164976119876186544e+00
2.990546786720000091e+04	1.143717960700360692e+00
2.990566286720000062e+04	1.177405898696196829e+00
2.990585886720000053e+04	1.175714903012750057e+00
2.990605386720000024e+04	1.176088141800322617e+00
2.990624886719999995e+04	1.129565925719823838e+00
2.990644386719999966e+04	1.180225432970047450e+00
2.990663986719999957e+04	1.150912703584008767e+00
2.990683486719999928e+04	1.210669344892714605e+00
2.990702986719999899e+04	1.209233194786724752e+00
2.990722586719999890e+04	1.179404287092120640e+00
2.990742086719999861e+04	1.187163598532636755e+00
2.990761586719999832e+04	1.134529032499218104e+00
2.990781186720000187e+04	1.157351342885444723e+00
2.990800686720000158e+04	1.180738102634425246e+00
2.990820186720000129e+04	1.204796835880268091e+00
2.990839786720000120e+04	1.184023372135595054e+00
2.990859286720000091e+04	1.191647635368431324e+00
2.990878786720000062e+04	1.151160834187226811e+00
2.990898386720000053e+04	1.144395496751789310e+00
2.990917886720000024e+04	1.198503551346794538e+00
2.990937386719999995e+04	1.190902771596784149e+00
2.990956886719999966e+04	1.166633551751310449e+00
2.990976486719999957e+04	1.160219778776255595e+00
2.990995986719999928e+04	1.186293019730353393e+00
2.991015486719999899e+04	1.171738710460704880e+00
2.991035086719999890e+04	1.160431298258385979e+00
2.991054586719999861e+04	1.143957901850537695e+00
2.991074086719999832e+04	1.181875717065013376e+00
2.991093686720000187e+04	1.142007243895516666e+00
2.991113186720000158e+04	1.173948802496260768e+00
2.991132686720000129e+04	1.162654790102958913e+00
2.991152286720000120e+04	1.193749867005411858e+00
2.991171786720000091e+04	1.173572662621950258e+00
2.991191286720000062e+04	1.219308780051198582e+00
2.991210886720000053e+04	1.190088942677157036e+00
2.991230386720000024e+04	1.183229717010528148e+00
2.991249886719999995e+04	1.150329460325693276e+00
2.991269386719999966e+04	1.173557370137451983e+00
2.991288986719999957e+04	1.199235069592536007e+00
2.991308486719999928e+04	1.187235327586229516e+00
2.991327986719999899e+04	1.177894391851666001e+00
2.991347586719999890e+04	1.228823113830429747e+00
2.991367086719999861e+04	1.215855900687722979e+00
2.991386586719999832e+04	1.205635235349959089e+00
2.991406186720000187e+04	1.220833200877056157e+00
2.991425686720000158e+04	1.228683808812469636e+00
2.991445186720000129e+04	1.200300105085920777e+00
2.991464786720000120e+04	1.218935269355794659e+00
2.991484286720000091e+04	1.238837829133267121e+00
2.991503786720000062e+04	1.205539352835740985e+00
2.991523386720000053e+04	1.189679629887926637e+00
2.991542886720000024e+04	1.220958330996680274e+00
2.991562386719999995e+04	1.230174251796565699e+00
2.991581886719999966e+04	1.227054910618925021e+00
2.991601486719999957e+04	1.201271015258750907e+00
2.991620986719999928e+04	1.280766745272480023e+00
2.991640486719999899e+04	1.266227089384566185e+00
2.991660086719999890e+04	1.221060307651280041e+00
2.991679586719999861e+04	1.243457344803198694e+00
2.991699086719999832e+04	1.225550138723628280e+00
2.991718686720000187e+04	1.197361789074527394e+00
2.991738186720000158e+04	1.215999184455242244e+00
2.991757686720000129e+04	1.216342558903226845e+00
2.991777286720000120e+04	1.247336854689917729e+00
2.991796786720000091e+04	1.194823136351407911e+00
2.991816286720000062e+04	1.189656446282842950e+00
2.991835886720000053e+04	1.227334405988198540e+00
2.991855386720000024e+04	1.176094136509339805e+00
2.991874886719999995e+04	1.225408820306624236e+00
2.991894386719999966e+04	1.241626819050518193e+00
2.991913986719999957e+04	1.235916352989123723e+00
2.991933486719999928e+04	1.216646379110720488e+00
2.991952986719999899e+04	1.225182709078641352e+00
2.991972586719999890e+04	1.222823844403261973e+00
2.991992086719999861e+04	1.166078074243486640e+00
2.992011586719999832e+04	1.161755056069157632e+00
2.992031186720000187e+04	1.190773401327279046e+00
2.992050686720000158e+04	1.216231368229491849e+00
2.992070186720000129e+04	1.186679291467935826e+00
2.992089786720000120e+04	1.229716137408289001e+00
2.992109286720000091e+04	1.222820896325146123e+00
2.992128786720000062e+04	1.204276617563760254e+00
2.992148386720000053e+04	1.216049749887122999e+00
2.992167886720000024e+04	1.199690911701747353e+00
2.992187386719999995e+04	1.195802431486468365e+00
2.992206886719999966e+04	1.219576313101132570e+00
2.992226486719999957e+04	1.212723562667106236e+00
2.992245986719999928e+04	1.207649459112653645e+00
2.992265486719999899e+04	1.210386615710259406e+00
2.992285086719999890e+04	1.178115917523799183e+00
2.992304586719999861e+04	1.201684293063740583e+00
2.992324086719999832e+04	1.214334194228447572e+00
2.992343686720000187e+04	1.181168851222514249e+00
2.992363186720000158e+04	1.216156778248434378e+00
2.992382686720000129e+04	1.177751832469224880e+00
2.992402286720000120e+04	1.199802961414402347e+00
2.992421786720000091e+04	1.235385640826802245e+00
2.992441286720000062e+04	1.213123368313073769e+00
2.992460886720000053e+04	1.231700917683296481e+00
2.992480386720000024e+04	1.219129093266213104e+00
2.992499886719999995e+04	1.211599490470447904e+00
2.992519386719999966e+04	1.222334284971688945e+00
2.992538986719999957e+04	1.189401685619287719e+00
2.992558486719999928e+04	1.214179710905156639e+00
2.992577986719999899e+04	1.186557974337951293e+00
2.992597586719999890e+04	1.186013038249594587e+00
2.992617086719999861e+04	1.184397435194766146e+00
2.992636586719999832e+04	1.232393271818935432e+00
2.992656186720000187e+04	1.214820883816162933e+00
2.992675686720000158e+04	1.170283942791272125e+00
2.992695186720000129e+04	1.191494045493948661e+00
2.992714786720000120e+04	1.198019563371918395e+00
2.992734286720000091e+04	1.231753443008525295e+00
2.992753786720000062e+04	1.190077915463250591e+00
2.992773386720000053e+04	1.193800480090075666e+00
2.992792886720000024e+04	1.226119391945763581e+00
2.992812386719999995e+04	1.196285510009575503e+00
2.992831886719999966e+04	1.208507018227493290e+00
2.992851486719999957e+04	1.226530067624810982e+00
2.992870986719999928e+04	1.195332538087082952e+00
2.992890486719999899e+04	1.215895191056768354e+00
2.992910086719999890e+04	1.238605781115786897e+00
2.992929586719999861e+04	1.214261506524547229e+00
2.992949086719999832e+04	1.199699851396239580e+00
2.992968686720000187e+04	1.182548079924519158e+00
2.992988186720000158e+04	1.168164415416566015e+00
2.993007686720000129e+04	1.231185365872581983e+00
2.993027286720000120e+04	1.233364856201490056e+00
2.993046786720000091e+04	1.197429407519528866e+00
2.993066286720000062e+04	1.222478656635850314e+00
2.993085886720000053e+04	1.158734916212564414e+00
2.993105386720000024e+04	1.233382016743396647e+00
2.993124886719999995e+04	1.207429251231438627e+00
2.993144386719999966e+04	1.183958668266482661e+00
2.993163986719999957e+04	1.185364048577007168e+00
2.993183486719999928e+04	1.184760462643234646e+00
2.993202986719999899e+04	1.153628083347442157e+00
2.993222586719999890e+04	1.185433785642436177e+00
2.993242086719999861e+04	1.183213388523046916e+00
2.993261586719999832e+04	1.225988133740187891e+00
2.993281186720000187e+04	1.232916857635908414e+00
2.993300686720000158e+04	1.188945731852468768e+00
2.993320186720000129e+04	1.197546676019950240e+00
2.993339786720000120e+04	1.210999610626441125e+00
2.993359286720000091e+04	1.165984899459227009e+00
2.993378786720000062e+04	1.206997939774893780e+00
2.993398386720000053e+04	1.172350622929842601e+00
2.993417886720000024e+04	1.181548084159715017e+00
2.993437386719999995e+04	1.210798606263296051e+00
2.993456886719999966e+04	1.227851168946312299e+00
2.993476486719999957e+04	1.212866865447546516e+00
2.993495986719999928e+04	1.185010149340271823e+00
2.993515486719999899e+04	1.200360685076692135e+00
2.993535086719999890e+04	1.207554539182378761e+00
2.993554586719999861e+04	1.214437153636023226e+00
2.993574086719999832e+04	1.197777999667996696e+00
2.993593686720000187e+04	1.210117937434151969e+00
2.993613186720000158e+04	1.216375863964092474e+00
2.993632686720000129e+04	1.172428566338668432e+00
2.993652286720000120e+04	1.205463514263737324e+00
2.993671786720000091e+04	1.232868408451484044e+00
2.993691286720000062e+04	1.222860175100386471e+00
2.993710886720000053e+04	1.195514402611475901e+00
2.993730386720000024e+04	1.156981808275080681e+00
2.993749886719999995e+04	1.198009494650253970e+00
2.993769386719999966e+04	1.192610913718091581e+00
2.993788986719999957e+04	1.183620989362788478e+00
2.993808486719999928e+04	1.174433370278409328e+00
2.993827986719999899e+04	1.214283625121620247e+00
2.993847586719999890e+04	1.184449023645557375e+00
2.993867086719999861e+04	1.204535296360578656e+00
2.993886586719999832e+04	1.187618457780494907e+00
2.993906186720000187e+04	1.162529264044408706e+00
2.993925686720000158e+04	1.173844710793979118e+00
2.993945186720000129e+04	1.185802789430967508e+00
2.993964786720000120e+04	1.189815084204761675e+00
2.993984286720000091e+04	1.204401922239092926e+00
2.994003786720000062e+04	1.209013956021024683e+00
2.994023386720000053e+04	1.166899682656394432e+00
2.994042886720000024e+04	1.127978939959595195e+00
2.994062386719999995e+04	1.161663950659015399e+00
2.994081886719999966e+04	1.177569744403548668e+00
2.994101486719999957e+04	1.219635889740208867e+00
2.994120986719999928e+04	1.193124269912356539e+00
2.994140486719999899e+04	1.214218049926415688e+00
2.994160086719999890e+04	1.181729099295157681e+00
2.994179586719999861e+04	1.161171036493540143e+00
2.994199086719999832e+04	1.136434791481494955e+00
2.994218686720000187e+04	1.206352476273011121e+00
2.994238186720000158e+04	1.195506329418838831e+00
2.994257686720000129e+04	1.139393818882659559e+00
2.994277286720000120e+04	1.201610524980976535e+00
2.994296786720000091e+04	1.206748485276932570e+00
2.994316286720000062e+04	1.188178466244853126e+00
2.994335886720000053e+04	1.197951859816077658e+00
2.994355386720000024e+04	1.197539558333328813e+00
2.994374886719999995e+04	1.154849002702679428e+00
2.994394386719999966e+04	1.185240640389370270e+00
2.994413986719999957e+04	1.149910326906447011e+00
2.994433486719999928e+04	1.187338405155093923e+00
2.994452986719999899e+04	1.164107853573451479e+00
2.994472586719999890e+04	1.142671691464204997e+00
2.994492086719999861e+04	1.171062825104534966e+00
2.994511586719999832e+04	1.176592821477417061e+00
2.994531186720000187e+04	1.142987682516700687e+00
2.994550686720000158e+04	1.216434321170837052e+00
2.994570186720000129e+04	1.214798592247149145e+00
2.994589786720000120e+04	1.170992002880941740e+00
2.994609286720000091e+04	1.176678743662138871e+00
2.994628786720000062e+04	1.166035571985331032e+00
2.994648386720000053e+04	1.176997321981636091e+00
2.994667886720000024e+04	1.166719510100989510e+00
2.994687386719999995e+04	1.166088069650985659e+00
2.994706886719999966e+04	1.174413125848515094e+00
2.994726486719999957e+04	1.164404348930334621e+00
2.994745986719999928e+04	1.177545506430334399e+00
2.994765486719999899e+04	1.210129042053756265e+00
2.994785086719999890e+04	1.156913987179294168e+00
2.994804586719999861e+04	1.142791145625409399e+00
2.994824086719999832e+04	1.154529082695967546e+00
2.994843686720000187e+04	1.191576874753168980e+00
2.994863186720000158e+04	1.148268946821588088e+00
2.994882686720000129e+04	1.162584898944709622e+00
2.994902286720000120e+04	1.188334161698351821e+00
2.994921786720000091e+04	1.167714135887296223e+00
2.994941286720000062e+04	1.186139395066533098e+00
2.994960886720000053e+04	1.197153550824994639e+00
2.994980386720000024e+04	1.195840800348317856e+00
2.994999886719999995e+04	1.198246889661426451e+00
2.995019386719999966e+04	1.172934279878729669e+00
2.995038986719999957e+04	1.209995786273845297e+00
2.995058486719999928e+04	1.197447635822042500e+00
2.995077986719999899e+04	1.169965187176797983e+00
2.995097586719999890e+04	1.192733154797330997e+00
2.995117086719999861e+04	1.188469623723980462e+00
2.995136586719999832e+04	1.168490147903199272e+00
2.995156186720000187e+04	1.162902623878265373e+00
2.995175686720000158e+04	1.164444854897210391e+00
2.995195186720000129e+04	1.175911166880156955e+00
2.995214786720000120e+04	1.157703569214644901e+00
2.995234286720000091e+04	1.188400937627211107e+00
2.995253786720000062e+04	1.194375447540513946e+00
2.995273386720000053e+04	1.152434408626895390e+00
2.995292886720000024e+04	1.194022811756280333e+00
2.995312386719999995e+04	1.224258214133314482e+00
2.995331886719999966e+04	1.167647301542553251e+00
2.995351486719999957e+04	1.173995461149083042e+00
2.995370986719999928e+04	1.179302217353978222e+00
2.995390486719999899e+04	1.152647041230462577e+00
2.995410086719999890e+04	1.176075891738033619e+00
2.995429586719999861e+04	1.157157011873756858e+00
2.995449086719999832e+04	1.179822985579377814e+00
2.995468686720000187e+04	1.175220283043820757e+00
2.995488186720000158e+04	1.170019848681725705e+00
2.995507686720000129e+04	1.192139915013072482e+00
2.995527286720000120e+04	1.190265898366849484e+00
2.995546786720000091e+04	1.153236314907090332e+00
2.995566286720000062e+04	1.178562871829889502e+00
2.995585886720000053e+04	1.195955038491227640e+00
2.995605386720000024e+04	1.174369682807444804e+00
2.995624886719999995e+04	1.155019091602230930e+00
2.995644386719999966e+04	1.188384699544830170e+00
2.995663986719999957e+04	1.168656141122905723e+00
2.995683486719999928e+04	1.182695734884706695e+00
