# time(sec)	crack length FEA(mm)
2.748808486719999928e+04	1.137576537367859686e+00
2.748827986719999899e+04	1.163832651101222027e+00
2.748847586719999890e+04	1.148749952284813247e+00
2.748867086719999861e+04	1.131150803302539032e+00
2.748886586719999832e+04	1.129434130724771279e+00
2.748906186720000187e+04	1.168189705906200970e+00
2.748925686720000158e+04	1.140335906708635605e+00
2.748945186720000129e+04	1.141030854128416649e+00
2.748964786720000120e+04	1.138239020659174372e+00
2.748984286720000091e+04	1.131907732793351329e+00
2.749003786720000062e+04	1.102103074228201862e+00
2.749023386720000053e+04	1.082109468630928717e+00
2.749042886720000024e+04	1.137924967771573037e+00
2.749062386719999995e+04	1.100967726396808288e+00
2.749081886719999966e+04	1.113845821379204182e+00
2.749101486719999957e+04	1.104288381134036712e+00
2.749120986719999928e+04	1.096538505983001954e+00
2.749140486719999899e+04	1.096575989811391594e+00
2.749160086719999890e+04	1.115302053040437613e+00
2.749179586719999861e+04	1.118568014585603621e+00
2.749199086719999832e+04	1.133994038287109873e+00
2.749218686720000187e+04	1.098109376411024130e+00
2.749238186720000158e+04	1.131876310602951463e+00
2.749257686720000129e+04	1.148203188354129267e+00
2.749277286720000120e+04	1.139188289622861561e+00
2.749296786720000091e+04	1.132272610139295921e+00
2.749316286720000062e+04	1.151466536562789855e+00
2.749335886720000053e+04	1.112421035524411295e+00
2.749355386720000024e+04	1.096573984863928430e+00
2.749374886719999995e+04	1.086464284993049034e+00
2.749394386719999966e+04	1.105859785036214404e+00
2.749413986719999957e+04	1.117671657475820979e+00
2.749433486719999928e+04	1.088007480139832950e+00
2.749452986719999899e+04	1.083378728164912985e+00
2.749472586719999890e+04	1.088069307018322718e+00
2.749492086719999861e+04	1.104850361893884525e+00
2.749511586719999832e+04	1.053228440200239646e+00
2.749531186720000187e+04	1.088944371200231132e+00
2.749550686720000158e+04	1.091136991499830344e+00
2.749570186720000129e+04	1.079860186980130976e+00
2.749589786720000120e+04	1.103519328704184232e+00
2.749609286720000091e+04	1.116763159962095742e+00
2.749628786720000062e+04	1.079980131937292143e+00
2.749648386720000053e+04	1.112985959928039392e+00
2.749667886720000024e+04	1.093258354953123401e+00
2.749687386719999995e+04	1.106067694386680955e+00
2.749706886719999966e+04	1.130523550192938487e+00
2.749726486719999957e+04	1.100015969066035382e+00
2.749745986719999928e+04	1.108650202075029512e+00
2.749765486719999899e+04	1.066251364246799227e+00
2.749785086719999890e+04	1.054150545428047536e+00
2.749804586719999861e+04	1.109762879311436023e+00
2.749824086719999832e+04	1.110642285235940108e+00
2.749843686720000187e+04	1.066785878128248655e+00
2.749863186720000158e+04	1.057746056918666966e+00
2.749882686720000129e+04	1.078733983383649786e+00
2.749902286720000120e+04	1.108148169019855800e+00
2.749921786720000091e+04	1.125265670999811007e+00
2.749941286720000062e+04	1.140794798775417007e+00
2.749960886720000053e+04	1.095860474343350432e+00
2.749980386720000024e+04	1.061524967954913024e+00
2.749999886719999995e+04	1.086629806535722054e+00
2.750019386719999966e+04	1.125039558504539627e+00
2.750038986719999957e+04	1.150838864006944462e+00
2.750058486719999928e+04	1.071808797198588792e+00
2.750077986719999899e+04	1.101877874058041940e+00
2.750097586719999890e+04	1.097048891174082996e+00
2.750117086719999861e+04	1.084317894760058465e+00
2.750136586719999832e+04	1.106958303079832007e+00
2.750156186720000187e+04	1.103167342750683844e+00
2.750175686720000158e+04	1.076413364846054321e+00
2.750195186720000129e+04	1.105447882136221693e+00
2.750214786720000120e+04	1.093045276812858901e+00
2.750234286720000091e+04	1.129109863171855466e+00
2.750253786720000062e+04	1.127848180831847458e+00
2.750273386720000053e+04	1.102122334670003312e+00
2.750292886720000024e+04	1.102162947134130988e+00
2.750312386719999995e+04	1.125394354777176531e+00
2.750331886719999966e+04	1.116570499325284516e+00
2.750351486719999957e+04	1.097258882513949985e+00
2.750370986719999928e+04	1.081993808437813342e+00
2.750390486719999899e+04	1.099024688973520014e+00
2.750410086719999890e+04	1.089932060668100888e+00
2.750429586719999861e+04	1.079863327364897430e+00
2.750449086719999832e+04	1.137769984750116592e+00
2.750468686720000187e+04	1.082947246831951205e+00
2.750488186720000158e+04	1.085628723731915102e+00
2.750507686720000129e+04	1.093861223225136570e+00
2.750527286720000120e+04	1.095490155248867836e+00
2.750546786720000091e+04	1.107462365310512453e+00
2.750566286720000062e+04	1.105538158060234366e+00
2.750585886720000053e+04	1.154969438987320629e+00
2.750605386720000024e+04	1.086299808810192502e+00
2.750624886719999995e+04	1.050599209565541869e+00
2.750644386719999966e+04	1.037741629017512324e+00
2.750663986719999957e+04	1.115209810844099536e+00
2.750683486719999928e+04	1.062728282485403852e+00
2.750702986719999899e+04	1.064124623809989956e+00
2.750722586719999890e+04	1.108153222512008540e+00
2.750742086719999861e+04	1.113002162650239768e+00
2.750761586719999832e+04	1.066957558927526861e+00
2.750781186720000187e+04	1.077986524645101696e+00
2.750800686720000158e+04	1.097369587039731087e+00
2.750820186720000129e+04	1.094833539508446307e+00
2.750839786720000120e+04	1.062982311661341939e+00
2.750859286720000091e+04	1.108952444904918622e+00
2.750878786720000062e+04	1.113681621693746848e+00
2.750898386720000053e+04	1.086355709909788914e+00
2.750917886720000024e+04	1.112364324560646267e+00
2.750937386719999995e+04	1.109234470851337306e+00
2.750956886719999966e+04	1.074338226170329591e+00
2.750976486719999957e+04	1.084653065688183204e+00
2.750995986719999928e+04	1.052320622048840804e+00
2.751015486719999899e+04	1.054128189666894144e+00
2.751035086719999890e+04	1.096809347106633581e+00
2.751054586719999861e+04	1.108518290911518989e+00
2.751074086719999832e+04	1.095557106020825344e+00
2.751093686720000187e+04	1.126371388408022867e+00
2.751113186720000158e+04	1.053598544113103941e+00
2.751132686720000129e+04	1.063097191319961610e+00
2.751152286720000120e+04	1.112083294038372472e+00
2.751171786720000091e+04	1.090323916210033772e+00
2.751191286720000062e+04	1.074754681856365579e+00
2.751210886720000053e+04	1.105215481050965565e+00
2.751230386720000024e+04	1.063896008638689494e+00
2.751249886719999995e+04	1.046239925372605128e+00
2.751269386719999966e+04	1.092278824882908950e+00
2.751288986719999957e+04	1.067970598818650529e+00
2.751308486719999928e+04	1.070034074979409056e+00
2.751327986719999899e+04	1.081307249819261074e+00
2.751347586719999890e+04	1.045511800841387284e+00
2.751367086719999861e+04	1.062380668411723406e+00
2.751386586719999832e+04	1.102897445557591283e+00
2.751406186720000187e+04	1.048541211760255720e+00
2.751425686720000158e+04	1.079748528585682266e+00
2.751445186720000129e+04	1.037674602883559061e+00
2.751464786720000120e+04	1.069116598968012255e+00
2.751484286720000091e+04	1.118469601593719887e+00
2.751503786720000062e+04	1.104042809930129820e+00
2.751523386720000053e+04	1.089589988346514104e+00
2.751542886720000024e+04	1.073041085360241453e+00
2.751562386719999995e+04	1.088404337886119677e+00
2.751581886719999966e+04	1.075989783920988430e+00
2.751601486719999957e+04	1.097105725875074711e+00
2.751620986719999928e+04	1.081917660809143200e+00
2.751640486719999899e+04	1.120879470384096521e+00
2.751660086719999890e+04	1.078446622823129530e+00
2.751679586719999861e+04	1.090025534583631384e+00
2.751699086719999832e+04	1.085647038195883596e+00
2.751718686720000187e+04	1.097776487118357736e+00
2.751738186720000158e+04	1.123785757405036279e+00
2.751757686720000129e+04	1.056591301621232049e+00
2.751777286720000120e+04	1.116585741521218367e+00
2.751796786720000091e+04	1.096255283238882328e+00
2.751816286720000062e+04	1.068263147851256534e+00
2.751835886720000053e+04	1.111633080740690005e+00
2.751855386720000024e+04	1.112381573070866381e+00
2.751874886719999995e+04	1.094815232118262927e+00
2.751894386719999966e+04	1.089544384145018086e+00
2.751913986719999957e+04	1.089551447134148532e+00
2.751933486719999928e+04	1.142126788409241200e+00
2.751952986719999899e+04	1.077503036845266493e+00
2.751972586719999890e+04	1.099252966845288171e+00
2.751992086719999861e+04	1.120336069469907159e+00
2.752011586719999832e+04	1.086635823893605135e+00
2.752031186720000187e+04	1.068344401136291921e+00
2.752050686720000158e+04	1.130079692878370068e+00
2.752070186720000129e+04	1.074424606641304791e+00
2.752089786720000120e+04	1.064062560114518163e+00
2.752109286720000091e+04	1.098826741781762095e+00
2.752128786720000062e+04	1.113395641493763577e+00
2.752148386720000053e+04	1.127591709770797479e+00
2.752167886720000024e+04	1.066378360385309421e+00
2.752187386719999995e+04	1.144287099244635897e+00
2.752206886719999966e+04	1.102878098595516221e+00
2.752226486719999957e+04	1.092072887392536273e+00
2.752245986719999928e+04	1.111023519454466424e+00
2.752265486719999899e+04	1.056272151439010543e+00
2.752285086719999890e+04	1.125253481701907532e+00
2.752304586719999861e+04	1.096831749983824267e+00
2.752324086719999832e+04	1.113151296864474560e+00
2.752343686720000187e+04	1.097376647704596309e+00
2.752363186720000158e+04	1.090842630937935098e+00
2.752382686720000129e+04	1.079184907395509541e+00
2.752402286720000120e+04	1.074385953600620169e+00
2.752421786720000091e+04	1.083861049964802703e+00
2.752441286720000062e+04	1.126228518687060642e+00
2.752460886720000053e+04	1.060065527053835055e+00
2.752480386720000024e+04	1.112012382525621845e+00
2.752499886719999995e+04	1.116363639984356837e+00
2.752519386719999966e+04	1.046737238680996995e+00
2.752538986719999957e+04	1.087175984571571163e+00
2.752558486719999928e+04	1.092529661660552875e+00
2.752577986719999899e+04	1.055701861768996608e+00
2.752597586719999890e+04	1.056682810925924088e+00
2.752617086719999861e+04	1.041045687790983720e+00
2.752636586719999832e+04	1.090329060688002727e+00
2.752656186720000187e+04	1.071589418434966134e+00
2.752675686720000158e+04	1.093784067401273319e+00
2.752695186720000129e+04	1.091294371762653981e+00
2.752714786720000120e+04	1.086005388370189451e+00
2.752734286720000091e+04	1.090148305735368695e+00
2.752753786720000062e+04	1.076905860891939071e+00
2.752773386720000053e+04	1.083222342161892726e+00
2.752792886720000024e+04	1.105188206233865600e+00
2.752812386719999995e+04	1.073710431409978128e+00
2.752831886719999966e+04	1.088515955659122625e+00
2.752851486719999957e+04	1.071525454397292521e+00
2.752870986719999928e+04	1.106627628961764032e+00
2.752890486719999899e+04	1.095090277376078447e+00
2.752910086719999890e+04	1.103420940484102886e+00
2.752929586719999861e+04	1.052214860513526418e+00
2.752949086719999832e+04	1.092465666710467076e+00
2.752968686720000187e+04	1.064974120751136510e+00
2.752988186720000158e+04	1.113130912920819782e+00
2.753007686720000129e+04	1.081500283738879631e+00
2.753027286720000120e+04	1.085778989131398475e+00
2.753046786720000091e+04	1.090879251822421736e+00
2.753066286720000062e+04	1.117210314746085231e+00
2.753085886720000053e+04	1.079769813507544640e+00
2.753105386720000024e+04	1.100279797924779146e+00
2.753124886719999995e+04	1.101503378182872694e+00
2.753144386719999966e+04	1.132995994218884306e+00
2.753163986719999957e+04	1.092487986494639074e+00
2.753183486719999928e+04	1.113932058425062266e+00
2.753202986719999899e+04	1.086596318603177735e+00
2.753222586719999890e+04	1.047280226926094571e+00
2.753242086719999861e+04	1.036004131941748341e+00
2.753261586719999832e+04	1.065801242581969177e+00
2.753281186720000187e+04	1.098873461302821042e+00
2.753300686720000158e+04	1.085767826093155364e+00
2.753320186720000129e+04	1.059692555149007731e+00
2.753339786720000120e+04	1.073022761191179342e+00
2.753359286720000091e+04	1.117833826417291121e+00
2.753378786720000062e+04	1.078510568263222780e+00
2.753398386720000053e+04	1.115454134292768629e+00
2.753417886720000024e+04	1.059303250764216386e+00
2.753437386719999995e+04	1.066807174644415213e+00
2.753456886719999966e+04	1.064074780826835820e+00
2.753476486719999957e+04	1.085112947751404988e+00
2.753495986719999928e+04	1.096873330365294663e+00
2.753515486719999899e+04	1.061389914278347391e+00
2.753535086719999890e+04	1.051688141865156467e+00
2.753554586719999861e+04	1.029699420925453524e+00
2.753574086719999832e+04	1.052874661596682415e+00
2.753593686720000187e+04	1.082692383957063242e+00
2.753613186720000158e+04	1.095897087499771771e+00
2.753632686720000129e+04	1.103350874576801033e+00
2.753652286720000120e+04	1.111028572334918252e+00
2.753671786720000091e+04	1.105179056527823889e+00
2.753691286720000062e+04	1.110179673338899775e+00
2.753710886720000053e+04	1.104055010120831071e+00
2.753730386720000024e+04	1.076778920901979575e+00
2.753749886719999995e+04	1.118190820629504145e+00
2.753769386719999966e+04	1.103260677488972163e+00
2.753788986719999957e+04	1.081926732246191847e+00
2.753808486719999928e+04	1.063417297597569089e+00
2.753827986719999899e+04	1.103290046046950579e+00
2.753847586719999890e+04	1.102217677984578259e+00
2.753867086719999861e+04	1.099679009944852126e+00
2.753886586719999832e+04	1.104321844153414389e+00
2.753906186720000187e+04	1.093455302321512335e+00
2.753925686720000158e+04	1.075646464086783993e+00
2.753945186720000129e+04	1.095199858704852147e+00
2.753964786720000120e+04	1.109325777885374009e+00
2.753984286720000091e+04	1.124192205184114002e+00
2.754003786720000062e+04	1.076915021483575430e+00
2.754023386720000053e+04	1.099523777040310790e+00
2.754042886720000024e+04	1.097172672097020296e+00
2.754062386719999995e+04	1.087564833364602634e+00
2.754081886719999966e+04	1.071974420717417331e+00
2.754101486719999957e+04	1.101252810391153858e+00
2.754120986719999928e+04	1.082547157997137077e+00
2.754140486719999899e+04	1.069987211514165537e+00
2.754160086719999890e+04	1.116629377696622072e+00
2.754179586719999861e+04	1.090806184382614674e+00
2.754199086719999832e+04	1.075614967406714584e+00
2.754218686720000187e+04	1.072085155715003069e+00
2.754238186720000158e+04	1.083923062058165243e+00
2.754257686720000129e+04	1.093945527663924722e+00
2.754277286720000120e+04	1.059297139184693037e+00
2.754296786720000091e+04	1.111389676266561821e+00
2.754316286720000062e+04	1.100417768705408861e+00
2.754335886720000053e+04	1.099473136552850505e+00
2.754355386720000024e+04	1.017409048318086207e+00
2.754374886719999995e+04	1.071742739446291282e+00
2.754394386719999966e+04	1.047108404280692184e+00
2.754413986719999957e+04	1.096340625258140022e+00
2.754433486719999928e+04	1.053890309096987110e+00
2.754452986719999899e+04	1.064567706759667942e+00
2.754472586719999890e+04	1.067469626435483931e+00
2.754492086719999861e+04	1.054888623078312548e+00
2.754511586719999832e+04	1.062409127213143734e+00
2.754531186720000187e+04	1.088231765313807387e+00
2.754550686720000158e+04	1.054904865419782567e+00
2.754570186720000129e+04	1.049972885014529567e+00
2.754589786720000120e+04	1.071644219683884458e+00
2.754609286720000091e+04	1.098361023326624775e+00
2.754628786720000062e+04	1.091099499095221859e+00
2.754648386720000053e+04	1.098612667577967272e+00
2.754667886720000024e+04	1.058502271251118287e+00
2.754687386719999995e+04	1.052565592258307703e+00
2.754706886719999966e+04	1.042387383154155245e+00
2.754726486719999957e+04	1.046323350338720815e+00
2.754745986719999928e+04	1.084761648543590695e+00
2.754765486719999899e+04	1.110321768460371672e+00
2.754785086719999890e+04	1.029345205681249098e+00
2.754804586719999861e+04	1.039427357365665827e+00
2.754824086719999832e+04	1.061651989298418641e+00
2.754843686720000187e+04	1.086908958013758308e+00
2.754863186720000158e+04	1.058688330698608127e+00
2.754882686720000129e+04	1.090846728992094228e+00
2.754902286720000120e+04	1.060217001569707662e+00
2.754921786720000091e+04	1.026761338405481894e+00
2.754941286720000062e+04	1.074121924605579537e+00
2.754960886720000053e+04	1.085973905400107853e+00
2.754980386720000024e+04	1.100558789180929864e+00
2.754999886719999995e+04	1.064455802033105414e+00
2.755019386719999966e+04	1.088329169996931967e+00
2.755038986719999957e+04	1.085125157660369766e+00
2.755058486719999928e+04	1.068135201729718986e+00
2.755077986719999899e+04	1.117536835192492362e+00
2.755097586719999890e+04	1.102711818650393027e+00
2.755117086719999861e+04	1.126671490377276541e+00
2.755136586719999832e+04	1.106219747642384732e+00
2.755156186720000187e+04	1.097323910589212304e+00
2.755175686720000158e+04	1.117643264733022335e+00
2.755195186720000129e+04	1.093663320213922319e+00
2.755214786720000120e+04	1.096910900836105540e+00
2.755234286720000091e+04	1.103572052073424459e+00
2.755253786720000062e+04	1.114042598180390087e+00
2.755273386720000053e+04	1.100589206961174682e+00
2.755292886720000024e+04	1.132633303984000861e+00
2.755312386719999995e+04	1.116480265324915067e+00
2.755331886719999966e+04	1.141216181601254931e+00
2.755351486719999957e+04	1.119119468156888786e+00
2.755370986719999928e+04	1.135625267307322162e+00
2.755390486719999899e+04	1.127323134761528678e+00
2.755410086719999890e+04	1.086698875247689600e+00
2.755429586719999861e+04	1.093609528670194564e+00
2.755449086719999832e+04	1.091863722129231107e+00
2.755468686720000187e+04	1.086232744759161761e+00
2.755488186720000158e+04	1.063093175778927701e+00
2.755507686720000129e+04	1.110838914343599271e+00
2.755527286720000120e+04	1.089572723286254430e+00
2.755546786720000091e+04	1.129108818544391823e+00
2.755566286720000062e+04	1.094531029872010564e+00
2.755585886720000053e+04	1.089988912384383113e+00
2.755605386720000024e+04	1.122490267499159700e+00
2.755624886719999995e+04	1.067197316467591861e+00
2.755644386719999966e+04	1.077578238948959211e+00
2.755663986719999957e+04	1.130767803097922908e+00
2.755683486719999928e+04	1.114168381168925137e+00
2.755702986719999899e+04	1.069108482642736391e+00
2.755722586719999890e+04	1.109785182855979713e+00
2.755742086719999861e+04	1.098904840034066410e+00
2.755761586719999832e+04	1.092575260137065740e+00
2.755781186720000187e+04	1.080896055308732784e+00
2.755800686720000158e+04	1.099192040663311332e+00
2.755820186720000129e+04	1.111180768075092473e+00
2.755839786720000120e+04	1.065824634803615112e+00
2.755859286720000091e+04	1.078012958285267331e+00
2.755878786720000062e+04	1.119035340092027653e+00
2.755898386720000053e+04	1.105982474428703455e+00
2.755917886720000024e+04	1.067322300147193204e+00
2.755937386719999995e+04	1.111755740317796892e+00
2.755956886719999966e+04	1.077726548665795647e+00
2.755976486719999957e+04	1.096685651462948385e+00
2.755995986719999928e+04	1.061289256450592688e+00
2.756015486719999899e+04	1.057643375463266366e+00
2.756035086719999890e+04	1.059982150180218241e+00
2.756054586719999861e+04	1.054191152518686891e+00
2.756074086719999832e+04	1.064780952766497535e+00
2.756093686720000187e+04	1.123261753402839958e+00
2.756113186720000158e+04	1.097279280079492381e+00
2.756132686720000129e+04	1.086495767314056948e+00
2.756152286720000120e+04	1.091045614559018162e+00
2.756171786720000091e+04	1.085487614674745416e+00
2.756191286720000062e+04	1.082154214844388562e+00
2.756210886720000053e+04	1.090157461229100733e+00
2.756230386720000024e+04	1.127029222288825849e+00
2.756249886719999995e+04	1.084081362238576318e+00
2.756269386719999966e+04	1.077971257677834416e+00
2.756288986719999957e+04	1.099624273247524542e+00
2.756308486719999928e+04	1.122023010005863242e+00
2.756327986719999899e+04	1.096553673864864464e+00
2.756347586719999890e+04	1.082952392905687233e+00
2.756367086719999861e+04	1.106571775514066047e+00
2.756386586719999832e+04	1.094671126311865805e+00
2.756406186720000187e+04	1.080290851988877421e+00
2.756425686720000158e+04	1.099446726754962356e+00
2.756445186720000129e+04	1.116927425436717414e+00
2.756464786720000120e+04	1.115804021997938378e+00
2.756484286720000091e+04	1.065263651574266390e+00
2.756503786720000062e+04	1.066701477403499965e+00
2.756523386720000053e+04	1.100781038540763035e+00
2.756542886720000024e+04	1.101589660045732444e+00
2.756562386719999995e+04	1.102342477796318221e+00
2.756581886719999966e+04	1.115646803988092017e+00
2.756601486719999957e+04	1.096063502302467185e+00
2.756620986719999928e+04	1.060038025813639706e+00
2.756640486719999899e+04	1.073392557644268663e+00
2.756660086719999890e+04	1.075525624796544122e+00
2.756679586719999861e+04	1.090780724076383379e+00
2.756699086719999832e+04	1.078396809816901225e+00
2.756718686720000187e+04	1.065275871670268160e+00
2.756738186720000158e+04	1.102372893293562583e+00
2.756757686720000129e+04	1.089937205230842920e+00
2.756777286720000120e+04	1.068296661592107455e+00
2.756796786720000091e+04	1.116138574974323561e+00
2.756816286720000062e+04	1.088190169817274011e+00
2.756835886720000053e+04	1.071632090118958658e+00
2.756855386720000024e+04	1.093443096688734073e+00
2.756874886719999995e+04	1.103037492691711918e+00
2.756894386719999966e+04	1.119925462611561784e+00
2.756913986719999957e+04	1.097853629985323209e+00
2.756933486719999928e+04	1.089504796488110827e+00
2.756952986719999899e+04	1.085288595409771517e+00
2.756972586719999890e+04	1.068754939810347082e+00
2.756992086719999861e+04	1.110422044763467397e+00
2.757011586719999832e+04	1.101397834993345981e+00
2.757031186720000187e+04	1.084534278093116200e+00
2.757050686720000158e+04	1.088462239671255105e+00
2.757070186720000129e+04	1.106453097393632845e+00
2.757089786720000120e+04	1.070269699943079189e+00
2.757109286720000091e+04	1.100055452064747641e+00
2.757128786720000062e+04	1.045838258465163761e+00
2.757148386720000053e+04	1.105368759712250792e+00
2.757167886720000024e+04	1.091018323477111807e+00
2.757187386719999995e+04	1.099318948242459015e+00
2.757206886719999966e+04	1.070640586365287916e+00
2.757226486719999957e+04	1.113279001002172919e+00
2.757245986719999928e+04	1.035850406033304694e+00
2.757265486719999899e+04	1.071844400244014395e+00
2.757285086719999890e+04	1.062414190431921313e+00
2.757304586719999861e+04	1.058453551549911609e+00
2.757324086719999832e+04	1.072643884020351379e+00
2.757343686720000187e+04	1.079081358760330289e+00
2.757363186720000158e+04	1.083124916563885876e+00
2.757382686720000129e+04	1.076792094774351227e+00
2.757402286720000120e+04	1.027129755041011450e+00
2.757421786720000091e+04	1.052981380849814741e+00
2.757441286720000062e+04	1.064214009213781509e+00
2.757460886720000053e+04	1.076676321487468613e+00
2.757480386720000024e+04	1.039966492652224517e+00
2.757499886719999995e+04	1.064992451115639227e+00
2.757519386719999966e+04	1.094918799454154268e+00
2.757538986719999957e+04	1.085722127350724264e+00
2.757558486719999928e+04	1.092857480502143375e+00
2.757577986719999899e+04	1.114902508477161547e+00
2.757597586719999890e+04	1.087549572542819476e+00
2.757617086719999861e+04	1.043845897568566272e+00
2.757636586719999832e+04	1.137248291055573901e+00
2.757656186720000187e+04	1.089972693963840555e+00
2.757675686720000158e+04	1.102574819833932906e+00
2.757695186720000129e+04	1.067998963664431145e+00
2.757714786720000120e+04	1.092259643650921319e+00
2.757734286720000091e+04	1.085630729602463873e+00
2.757753786720000062e+04	1.061651989298418641e+00
2.757773386720000053e+04	1.095214155674696599e+00
2.757792886720000024e+04	1.114178485590617385e+00
2.757812386719999995e+04	1.043907926574060951e+00
2.757831886719999966e+04	1.040508673951643814e+00
2.757851486719999957e+04	1.096980985732002978e+00
2.757870986719999928e+04	1.093594358909768971e+00
2.757890486719999899e+04	1.033927481274618643e+00
2.757910086719999890e+04	1.095217119679565698e+00
2.757929586719999861e+04	1.066646664776740749e+00
2.757949086719999832e+04	1.066989067063834895e+00
2.757968686720000187e+04	1.086798291980974440e+00
2.757988186720000158e+04	1.077278650501662938e+00
2.758007686720000129e+04	1.084765747645693779e+00
2.758027286720000120e+04	1.077546744825408354e+00
2.758046786720000091e+04	1.042237804810209667e+00
2.758066286720000062e+04	1.085800268658537959e+00
2.758085886720000053e+04	1.084590096126499148e+00
2.758105386720000024e+04	1.064770914622348741e+00
2.758124886719999995e+04	1.069327971540182887e+00
2.758144386719999966e+04	1.062532128206118642e+00
2.758163986719999957e+04	1.076033407433483191e+00
2.758183486719999928e+04	1.022414834322397326e+00
2.758202986719999899e+04	1.057757233104792860e+00
2.758222586719999890e+04	1.077857583893583993e+00
2.758242086719999861e+04	1.061705940426996619e+00
2.758261586719999832e+04	1.040882994669987127e+00
2.758281186720000187e+04	1.072184720785253731e+00
2.758300686720000158e+04	1.078195811968933882e+00
2.758320186720000129e+04	1.045145589913303752e+00
2.758339786720000120e+04	1.097714598309625700e+00
2.758359286720000091e+04	1.127677809835294198e+00
2.758378786720000062e+04	1.069913207194979066e+00
2.758398386720000053e+04	1.043498007958698182e+00
2.758417886720000024e+04	1.064180489726672008e+00
2.758437386719999995e+04	1.069740413195614082e+00
2.758456886719999966e+04	1.078996042023094404e+00
2.758476486719999957e+04	1.071795620567785434e+00
2.758495986719999928e+04	1.053012907477180349e+00
2.758515486719999899e+04	1.109835888492597178e+00
2.758535086719999890e+04	1.067080536431102900e+00
2.758554586719999861e+04	1.097960147747173210e+00
2.758574086719999832e+04	1.099388851715721316e+00
2.758593686720000187e+04	1.055877813873424387e+00
2.758613186720000158e+04	1.067081496508476945e+00
2.758632686720000129e+04	1.093158878039366400e+00
2.758652286720000120e+04	1.057894490213101335e+00
2.758671786720000091e+04	1.044680829396099853e+00
2.758691286720000062e+04	1.052037920677523886e+00
2.758710886720000053e+04	1.061663163652236008e+00
2.758730386720000024e+04	1.059030934720805561e+00
2.758749886719999995e+04	1.053610682865182113e+00
2.758769386719999966e+04	1.095622051576475187e+00
2.758788986719999957e+04	1.067946161385957993e+00
