# time(sec)	crack length FEA(mm)
4.992324096090000239e+04	9.299973267898469231e-01
4.992343696089999867e+04	9.229052769359498143e-01
4.992363196089999838e+04	9.236882444822054339e-01
4.992382696089999808e+04	9.309017241775041640e-01
4.992402296090000164e+04	9.069227545838138838e-01
4.992421796090000134e+04	9.294966149878618467e-01
4.992441296090000105e+04	9.170851234717183331e-01
4.992460796090000076e+04	9.669090123389878499e-01
4.992480396089999704e+04	9.466937326820445975e-01
4.992499896089999675e+04	9.091842319159155750e-01
4.992519396089999645e+04	8.989193752461854814e-01
4.992538996090000001e+04	9.051039468259993725e-01
4.992558496089999971e+04	9.128782789957838872e-01
4.992577996089999942e+04	9.448696891057473124e-01
4.992597596090000297e+04	9.376155654583868682e-01
4.992617096090000268e+04	9.632600053509605686e-01
4.992636596090000239e+04	9.457572971109673432e-01
4.992656196089999867e+04	9.351758859072152319e-01
4.992675696089999838e+04	9.552518924195894101e-01
4.992695196089999808e+04	9.520217278422968832e-01
4.992714796090000164e+04	9.277756457681398672e-01
4.992734296090000134e+04	9.391203203565332558e-01
4.992753796090000105e+04	9.312267652098000781e-01
4.992773296090000076e+04	8.845047125516547482e-01
4.992792896089999704e+04	9.074812245788184129e-01
4.992812396089999675e+04	9.656856094838026650e-01
4.992831896089999645e+04	9.310989613214815108e-01
4.992851496090000001e+04	9.251519925257198906e-01
4.992870996089999971e+04	9.409763881691333154e-01
4.992890496089999942e+04	9.358971968520393148e-01
4.992910096090000297e+04	9.139510091070484066e-01
4.992929596090000268e+04	9.199519503530346753e-01
4.992949096090000239e+04	9.545076619472823154e-01
4.992968696089999867e+04	9.608413444451073815e-01
4.992988196089999838e+04	9.103103663214877628e-01
4.993007696089999808e+04	9.330292015501999714e-01
4.993027296090000164e+04	9.014025525362399094e-01
4.993046796090000134e+04	9.014465834866935978e-01
4.993066296090000105e+04	9.292115803049068035e-01
4.993085796090000076e+04	9.152128902100251651e-01
4.993105396089999704e+04	9.083558068006087893e-01
4.993124896089999675e+04	9.279075056604479954e-01
4.993144396089999645e+04	9.225628248793213970e-01
4.993163996090000001e+04	9.269426818538200052e-01
4.993183496089999971e+04	8.933594436346314893e-01
4.993202996089999942e+04	8.919071218597469652e-01
4.993222596090000297e+04	9.138672092819195569e-01
4.993242096090000268e+04	8.868645926553746506e-01
4.993261596090000239e+04	8.807438514989627265e-01
4.993281196089999867e+04	9.028062300911088300e-01
4.993300696089999838e+04	9.263580622847378265e-01
4.993320196089999808e+04	9.252521714067576397e-01
4.993339796090000164e+04	9.221039314666317210e-01
4.993359296090000134e+04	8.735347848628300937e-01
4.993378796090000105e+04	9.363702190244325152e-01
4.993398296090000076e+04	9.033014348653711778e-01
4.993417896089999704e+04	8.933850270630294688e-01
4.993437396089999675e+04	8.898025547511085875e-01
4.993456896089999645e+04	9.134100822386521656e-01
4.993476496090000001e+04	8.710701661300479515e-01
4.993495996089999971e+04	8.868267787071442143e-01
4.993515496089999942e+04	8.938107981326766094e-01
4.993535096090000297e+04	9.490361965883842288e-01
4.993554596090000268e+04	8.821692288536535642e-01
4.993574096090000239e+04	9.111990773584359715e-01
4.993593696089999867e+04	8.993429388990676898e-01
4.993613196089999838e+04	8.985498606245716502e-01
4.993632696089999808e+04	8.974703778002641741e-01
4.993652296090000164e+04	9.002454148622369701e-01
4.993671796090000134e+04	9.265798313478708081e-01
4.993691296090000105e+04	8.877184685487211624e-01
4.993710796090000076e+04	8.855429159378314097e-01
4.993730396089999704e+04	9.128701094785451886e-01
4.993749896089999675e+04	8.974191317060782325e-01
4.993769396089999645e+04	9.159184641922877290e-01
4.993788996090000001e+04	9.126911700010342798e-01
4.993808496089999971e+04	9.227243048037454543e-01
4.993827996089999942e+04	8.776797741182118529e-01
4.993847596090000297e+04	8.884432279982448222e-01
4.993867096090000268e+04	8.913001081947502513e-01
4.993886596090000239e+04	9.045106231782451545e-01
4.993906196089999867e+04	9.349368190701046188e-01
4.993925696089999838e+04	9.330864278936950029e-01
4.993945196089999808e+04	9.171925379458922833e-01
4.993964796090000164e+04	9.228797249126401425e-01
4.993984296090000134e+04	8.718589500574331908e-01
4.994003796090000105e+04	9.256027502998431800e-01
4.994023296090000076e+04	9.129213226428767314e-01
4.994042896089999704e+04	9.298491508931050475e-01
4.994062396089999675e+04	9.356437444003908865e-01
4.994081896089999645e+04	9.120990878068901964e-01
4.994101496090000001e+04	8.995342828048986661e-01
4.994120996089999971e+04	9.013974551355712350e-01
4.994140496089999942e+04	8.909305644204010832e-01
4.994160096090000297e+04	8.758353514262040562e-01
4.994179596090000268e+04	8.934197536662900063e-01
4.994199096090000239e+04	8.840163325213001855e-01
4.994218696089999867e+04	9.240326999689294496e-01
4.994238196089999838e+04	8.842814995697434455e-01
4.994257696089999808e+04	8.960089862147277984e-01
4.994277296090000164e+04	9.308914541082558003e-01
4.994296796090000134e+04	9.288987141940534542e-01
4.994316296090000105e+04	9.000141740054701245e-01
4.994335796090000076e+04	9.103614970883775470e-01
4.994355396089999704e+04	9.043131675849735984e-01
4.994374896089999675e+04	9.085644752721844242e-01
4.994394396089999645e+04	9.036421403721988099e-01
4.994413996090000001e+04	9.463301280841740493e-01
4.994433496089999971e+04	9.542484429856319395e-01
4.994452996089999942e+04	9.122228640593394999e-01
4.994472596090000297e+04	9.185993333801949490e-01
4.994492096090000268e+04	9.418813369587297757e-01
4.994511596090000239e+04	9.069821519463481252e-01
4.994531196089999867e+04	9.200265958708691016e-01
4.994550696089999838e+04	9.220169110798757117e-01
4.994570196089999808e+04	9.190052494211329304e-01
4.994589796090000164e+04	8.984803342844216445e-01
4.994609296090000134e+04	8.966280996691207150e-01
4.994628796090000105e+04	9.466283807542197337e-01
4.994648296090000076e+04	9.492311796154080383e-01
4.994667896089999704e+04	9.006976069183423306e-01
4.994687396089999675e+04	9.097692696310772931e-01
4.994706896089999645e+04	8.727777853331470936e-01
4.994726496090000001e+04	9.109925401905094589e-01
4.994745996089999971e+04	9.154715650146627581e-01
4.994765496089999942e+04	9.152404706104739773e-01
4.994785096090000297e+04	9.624232762394271390e-01
4.994804596090000268e+04	8.910923449297989407e-01
4.994824096090000239e+04	8.813491084362130579e-01
4.994843696089999867e+04	9.241370102656869534e-01
4.994863196089999838e+04	9.000060001146472644e-01
4.994882696089999808e+04	9.414635240463518073e-01
4.994902296090000164e+04	9.142169881671833309e-01
4.994921796090000134e+04	9.138385732159690633e-01
4.994941296090000105e+04	8.888240653022556614e-01
4.994960796090000076e+04	8.825921200110755649e-01
4.994980396089999704e+04	9.051009591547476418e-01
4.994999896089999675e+04	9.097027628324010351e-01
4.995019396089999645e+04	8.941699239724520965e-01
4.995038996090000001e+04	9.090123815191972767e-01
4.995058496089999971e+04	8.960643668831416164e-01
4.995077996089999942e+04	8.956590301848308400e-01
4.995097596090000297e+04	8.766085921441444384e-01
4.995117096090000268e+04	9.339018006939259209e-01
4.995136596090000239e+04	9.180114367569203182e-01
4.995156196089999867e+04	8.743941840540276900e-01
4.995175696089999838e+04	8.824886847571651316e-01
4.995195196089999808e+04	9.123147514823521931e-01
4.995214796090000164e+04	8.647701608111866278e-01
4.995234296090000134e+04	8.754399676378845641e-01
4.995253796090000105e+04	9.035387077174288351e-01
4.995273296090000076e+04	9.066905235459756796e-01
4.995292896089999704e+04	8.872362214592364182e-01
4.995312396089999675e+04	8.918374883932003172e-01
4.995331896089999645e+04	8.863577928709798215e-01
4.995351496090000001e+04	9.090012235010558328e-01
4.995370996089999971e+04	8.937135650979719514e-01
4.995390496089999942e+04	9.248882417462276351e-01
4.995410096090000297e+04	8.948341827528381032e-01
4.995429596090000268e+04	8.794852624084015247e-01
4.995449096090000239e+04	8.619951240944541127e-01
4.995468696089999867e+04	9.099830214113051596e-01
4.995488196089999838e+04	8.764590310796513961e-01
4.995507696089999808e+04	8.893941228994322046e-01
4.995527296090000164e+04	8.786895939670795741e-01
4.995546796090000134e+04	9.118945788756072091e-01
4.995566296090000105e+04	8.706911070124778718e-01
4.995585796090000076e+04	8.880858632911490247e-01
4.995605396089999704e+04	9.117769503126194053e-01
4.995624896089999675e+04	8.696461468133431794e-01
4.995644396089999645e+04	8.924966243807972432e-01
4.995663996090000001e+04	9.098419261215049403e-01
4.995683496089999971e+04	9.381662142072144661e-01
4.995702996089999942e+04	9.022241866656841580e-01
4.995722596090000297e+04	8.838340999404419307e-01
4.995742096090000268e+04	9.060870462488210819e-01
4.995761596090000239e+04	9.415197651415585511e-01
4.995781196089999867e+04	9.040103464657871513e-01
4.995800696089999838e+04	9.099401482103672834e-01
4.995820196089999808e+04	9.176025178030773333e-01
4.995839796090000164e+04	9.204732346750503780e-01
4.995859296090000134e+04	8.727470501198695274e-01
4.995878796090000105e+04	9.099850420725772437e-01
4.995898296090000076e+04	8.906962445253245875e-01
4.995917896089999704e+04	9.064225280726052603e-01
4.995937396089999675e+04	9.153529877759520872e-01
4.995956896089999645e+04	9.176944724786668672e-01
4.995976496090000001e+04	8.956785455760289949e-01
4.995995996089999971e+04	9.132280722786028093e-01
4.996015496089999942e+04	8.847770858720807041e-01
4.996035096090000297e+04	9.011099775659019429e-01
4.996054596090000268e+04	9.075651345407251824e-01
4.996074096090000239e+04	9.272503059570489370e-01
4.996093696089999867e+04	9.178356094859942971e-01
4.996113196089999838e+04	9.026866236463977344e-01
4.996132696089999808e+04	9.083721489020888384e-01
4.996152296090000164e+04	9.264674545647757498e-01
4.996171796090000134e+04	9.014813863365809254e-01
4.996191296090000105e+04	9.044830304602964333e-01
4.996210796090000076e+04	9.127545939643795236e-01
4.996230396089999704e+04	9.155574672708937101e-01
4.996249896089999675e+04	9.430773541818293637e-01
4.996269396089999645e+04	9.047142283375961824e-01
4.996288996090000001e+04	9.163049269034573285e-01
4.996308496089999971e+04	9.286535275483949192e-01
4.996327996089999942e+04	9.265491911677656844e-01
4.996347596090000297e+04	8.918405656339878362e-01
4.996367096090000268e+04	9.219647513830775409e-01
4.996386596090000239e+04	9.770949771843149279e-01
4.996406196089999867e+04	9.144418558812610343e-01
4.996425696089999838e+04	9.483092283481759921e-01
4.996445196089999808e+04	9.707003052967948520e-01
4.996464796090000164e+04	9.221978885432910999e-01
4.996484296090000134e+04	8.885721382754532272e-01
4.996503796090000105e+04	9.630130659173747887e-01
4.996523296090000076e+04	9.524699639612492774e-01
4.996542896089999704e+04	9.610291303410090080e-01
4.996562396089999675e+04	9.470787352562286543e-01
4.996581896089999645e+04	9.275211418374134098e-01
4.996601496090000001e+04	9.048390971138964289e-01
4.996620996089999971e+04	9.034088230907357797e-01
4.996640496089999942e+04	9.504647196955779975e-01
4.996660096090000297e+04	8.970631309534091713e-01
4.996679596090000268e+04	9.364652611299142393e-01
4.996699096090000239e+04	9.295415600924386013e-01
4.996718696089999867e+04	9.547332924081981531e-01
4.996738196089999838e+04	9.140451737609502914e-01
4.996757696089999808e+04	9.087352745590102643e-01
4.996777296090000164e+04	9.501002074897826333e-01
4.996796796090000134e+04	9.304235029578826754e-01
4.996816296090000105e+04	9.251295158744898828e-01
4.996835796090000076e+04	9.580989065379679204e-01
4.996855396089999704e+04	9.184377378935870695e-01
4.996874896089999675e+04	9.317427138230272021e-01
4.996894396089999645e+04	9.081982718868975013e-01
4.996913996090000001e+04	9.484072931589473399e-01
4.996933496089999971e+04	1.004402727625395286e+00
4.996952996089999942e+04	9.320645835987875216e-01
4.996972596090000297e+04	9.165145803229268751e-01
4.996992096090000268e+04	9.614761460266549875e-01
4.997011596090000239e+04	9.446746706105990654e-01
4.997031196089999867e+04	9.586846818644527701e-01
4.997050696089999838e+04	9.664070548496894730e-01
4.997070196089999808e+04	9.690761524214952516e-01
4.997089796090000164e+04	9.435042631397489998e-01
4.997109296090000134e+04	9.360135664368627317e-01
4.997128796090000105e+04	9.268997511218657337e-01
4.997148296090000076e+04	9.320288595143093602e-01
4.997167896089999704e+04	9.820267878061628153e-01
4.997187396089999675e+04	9.667039183550549808e-01
4.997206896089999645e+04	9.434940861958747149e-01
4.997226496090000001e+04	9.249363562855794640e-01
4.997245996089999971e+04	8.775845872420422467e-01
4.997265496089999942e+04	9.454345582897616396e-01
4.997285096090000297e+04	9.383510187475518904e-01
4.997304596090000268e+04	9.427546670293569520e-01
4.997324096090000239e+04	9.341664178818298581e-01
4.997343696089999867e+04	9.360913213652750642e-01
4.997363196089999838e+04	9.220599383539109795e-01
4.997382696089999808e+04	9.081214809299495982e-01
4.997402296090000164e+04	9.181249070196599860e-01
4.997421796090000134e+04	8.972677661041377206e-01
4.997441296090000105e+04	9.273331811829663707e-01
4.997460796090000076e+04	9.407189532184716541e-01
4.997480396089999704e+04	9.461391567059465046e-01
4.997499896089999675e+04	8.962965247735290575e-01
4.997519396089999645e+04	8.987433203437600326e-01
4.997538996090000001e+04	9.122218098994849811e-01
4.997558496089999971e+04	9.134837818254499808e-01
4.997577996089999942e+04	9.418742301640676828e-01
4.997597596090000297e+04	9.228111470111954873e-01
4.997617096090000268e+04	9.388689201831823539e-01
4.997636596090000239e+04	9.231740544754867273e-01
4.997656196089999867e+04	9.273495103780646787e-01
4.997675696089999838e+04	9.193128874067735268e-01
4.997695196089999808e+04	9.617200330058501834e-01
4.997714796090000164e+04	9.620201105230226091e-01
4.997734296090000134e+04	9.568790871461487768e-01
4.997753796090000105e+04	9.265787778179728207e-01
4.997773296090000076e+04	9.137720776796420807e-01
4.997792896089999704e+04	8.675889444799906869e-01
4.997812396089999675e+04	8.984495703529464805e-01
4.997831896089999645e+04	9.195276081305703286e-01
4.997851496090000001e+04	9.330394707047080516e-01
4.997870996089999971e+04	8.949683333715192646e-01
4.997890496089999942e+04	9.338057829895021200e-01
4.997910096090000297e+04	9.080898507161538902e-01
4.997929596090000268e+04	9.265144246123195870e-01
4.997949096090000239e+04	9.219863528874139291e-01
4.997968696089999867e+04	9.286341267079638584e-01
4.997988196089999838e+04	8.859033084703771266e-01
4.998007696089999808e+04	9.266534027381307936e-01
4.998027296090000164e+04	9.456000074370720654e-01
4.998046796090000134e+04	8.898905711268696450e-01
4.998066296090000105e+04	9.197576074635804844e-01
4.998085796090000076e+04	9.361045730265900033e-01
4.998105396089999704e+04	9.041198405550900929e-01
4.998124896089999675e+04	8.606997598904762015e-01
4.998144396089999645e+04	9.607443825239947444e-01
4.998163996090000001e+04	9.138151197254877900e-01
4.998183496089999971e+04	9.325673483660583685e-01
4.998202996089999942e+04	9.115948401318938465e-01
4.998222596090000297e+04	8.959537812310394145e-01
4.998242096090000268e+04	9.390774114034510234e-01
4.998261596090000239e+04	9.354169688848799069e-01
4.998281196089999867e+04	9.180779205594795656e-01
4.998300696089999838e+04	9.198629023377069558e-01
4.998320196089999808e+04	9.218983661505681937e-01
4.998339796090000164e+04	9.104576085791080686e-01
4.998359296090000134e+04	8.669454875948900963e-01
4.998378796090000105e+04	9.328533964542895518e-01
4.998398296090000076e+04	9.088415842017880664e-01
4.998417896089999704e+04	9.180839805006293375e-01
4.998437396089999675e+04	9.106590549079651709e-01
4.998456896089999645e+04	8.989571701894760736e-01
4.998476496090000001e+04	8.806722505581348059e-01
4.998495996089999971e+04	9.425002341852550813e-01
4.998515496089999942e+04	9.007999092475937886e-01
4.998535096090000297e+04	9.170983856282095559e-01
4.998554596090000268e+04	9.412051291763532390e-01
4.998574096090000239e+04	9.516256664139568500e-01
4.998593696089999867e+04	9.313299031536956818e-01
4.998613196089999838e+04	9.035049623879842784e-01
4.998632696089999808e+04	9.083159179686113305e-01
4.998652296090000164e+04	9.385839968019045187e-01
4.998671796090000134e+04	9.070444487265572064e-01
4.998691296090000105e+04	9.473473298827865818e-01
4.998710796090000076e+04	9.256498098366865435e-01
4.998730396089999704e+04	9.160350184874701540e-01
4.998749896089999675e+04	9.307392459001064822e-01
4.998769396089999645e+04	9.076110872019960141e-01
4.998788996090000001e+04	9.151321690471352355e-01
4.998808496089999971e+04	9.033995958070697441e-01
4.998827996089999942e+04	9.223154660867720622e-01
4.998847596090000297e+04	9.214424456803662622e-01
4.998867096090000268e+04	9.175165350324565594e-01
4.998886596090000239e+04	9.108901933818565055e-01
4.998906196089999867e+04	9.709156180012747939e-01
4.998925696089999838e+04	9.410948389054780705e-01
4.998945196089999808e+04	8.903656429681401363e-01
4.998964796090000164e+04	9.185031666319165566e-01
4.998984296090000134e+04	9.032042401987290248e-01
4.999003796090000105e+04	8.934801514618975204e-01
4.999023296090000076e+04	9.122033620945302346e-01
4.999042896089999704e+04	9.366521849481852513e-01
4.999062396089999675e+04	9.324590371537091471e-01
4.999081896089999645e+04	9.390089675157664573e-01
4.999101496090000001e+04	9.030722446424945815e-01
4.999120996089999971e+04	9.211787419658321596e-01
4.999140496089999942e+04	9.122585297738616816e-01
4.999160096090000297e+04	9.310734180176929442e-01
4.999179596090000268e+04	9.195911018664215675e-01
4.999199096090000239e+04	8.948136996632989337e-01
4.999218696089999867e+04	9.081338694190108640e-01
4.999238196089999838e+04	9.271511889181471844e-01
4.999257696089999808e+04	9.414789662322693431e-01
4.999277296090000164e+04	8.928671111899451063e-01
4.999296796090000134e+04	8.934761073638739504e-01
4.999316296090000105e+04	9.441548767267526898e-01
4.999335796090000076e+04	9.043101798154307147e-01
4.999355396089999704e+04	9.364416542154945233e-01
4.999374896089999675e+04	9.046006068536520672e-01
4.999394396089999645e+04	9.178805764230304476e-01
4.999413996090000001e+04	9.374479551231615915e-01
4.999433496089999971e+04	8.960867828317198303e-01
4.999452996089999942e+04	9.314320751138716048e-01
4.999472596090000297e+04	9.449157458737857951e-01
4.999492096090000268e+04	8.818016558156909213e-01
4.999511596090000239e+04	9.079731700119033633e-01
4.999531196089999867e+04	9.527782255729970728e-01
4.999550696089999838e+04	8.954666005471789703e-01
4.999570196089999808e+04	9.394849994855825059e-01
4.999589796090000164e+04	9.344065455806820353e-01
4.999609296090000134e+04	9.385359973652072085e-01
4.999628796090000105e+04	9.205427852317615844e-01
4.999648296090000076e+04	9.255291756898635924e-01
4.999667896089999704e+04	8.936203757446534723e-01
4.999687396089999675e+04	9.072899439161332680e-01
4.999706896089999645e+04	9.122002874589938415e-01
4.999726496090000001e+04	9.330302547970159566e-01
4.999745996089999971e+04	9.195521977024050386e-01
4.999765496089999942e+04	9.210590513124738976e-01
4.999785096090000297e+04	8.857640065794107898e-01
4.999804596090000268e+04	9.172333781555011001e-01
4.999824096090000239e+04	9.132874540580377953e-01
4.999843696089999867e+04	9.165677179957310017e-01
4.999863196089999838e+04	9.056655345540516322e-01
4.999882696089999808e+04	9.405249538892981320e-01
4.999902296090000164e+04	9.125796945129138749e-01
4.999921796090000134e+04	8.608668320322170331e-01
4.999941296090000105e+04	9.243863697446847993e-01
4.999960796090000076e+04	9.254699119677578523e-01
4.999980396089999704e+04	9.322352158387676724e-01
4.999999896089999675e+04	9.221406362375290655e-01
5.000019396089999645e+04	9.153836422441266052e-01
5.000038996090000001e+04	9.010107526235984210e-01
5.000058496089999971e+04	8.958903129244166763e-01
5.000077996089999942e+04	9.204006981475423288e-01
5.000097596090000297e+04	9.186821506457079067e-01
5.000117096090000268e+04	9.400540317590468931e-01
5.000136596090000239e+04	9.335430927361372255e-01
5.000156196089999867e+04	9.019375978238350910e-01
5.000175696089999838e+04	9.037741327993451534e-01
5.000195196089999808e+04	9.053514828868038933e-01
5.000214796090000164e+04	9.287588712046144224e-01
5.000234296090000134e+04	9.285553819593523883e-01
5.000253796090000105e+04	8.827313523082906954e-01
5.000273296090000076e+04	8.908343748409315310e-01
5.000292896089999704e+04	8.932908693624419527e-01
5.000312396089999675e+04	8.760421906923276936e-01
5.000331896089999645e+04	8.766249558277614540e-01
5.000351496090000001e+04	9.108964308393225906e-01
5.000370996089999971e+04	8.810500442742874583e-01
5.000390496089999942e+04	8.778129647346677444e-01
5.000410096090000297e+04	9.044830304602964333e-01
5.000429596090000268e+04	9.061330896050563410e-01
5.000449096090000239e+04	8.882803744641982746e-01
5.000468696089999867e+04	8.796399946539992243e-01
5.000488196089999838e+04	9.140747758193707995e-01
5.000507696089999808e+04	9.063846569958915467e-01
5.000527296090000164e+04	9.269385555904854357e-01
5.000546796090000134e+04	8.799513034183785720e-01
5.000566296090000105e+04	8.957828911152176943e-01
5.000585796090000076e+04	8.662282484739165511e-01
5.000605396089999704e+04	8.929734910180346930e-01
5.000624896089999675e+04	9.123086900857337866e-01
5.000644396089999645e+04	9.179470605877995126e-01
5.000663996090000001e+04	8.709379853838434826e-01
5.000683496089999971e+04	8.881749411618535817e-01
5.000702996089999942e+04	9.066045895852248293e-01
5.000722596090000297e+04	8.797515349623097336e-01
5.000742096090000268e+04	9.003948281441775947e-01
5.000761596090000239e+04	9.333745762584086947e-01
5.000781196089999867e+04	9.343983833847531173e-01
5.000800696089999838e+04	8.530499907191568809e-01
5.000820196089999808e+04	9.093478225117657132e-01
5.000839796090000164e+04	8.865307725847735298e-01
5.000859296090000134e+04	9.056205447516791907e-01
5.000878796090000105e+04	8.806537785363843795e-01
5.000898296090000076e+04	8.759202516376980441e-01
5.000917896089999704e+04	9.127679463563822537e-01
5.000937396089999675e+04	8.543314390194929331e-01
5.000956896089999645e+04	8.596328583690393543e-01
5.000976496090000001e+04	8.910248192842455950e-01
5.000995996089999971e+04	8.759868519049653912e-01
5.001015496089999942e+04	8.991229398669879913e-01
5.001035096090000297e+04	8.798355417145167223e-01
5.001054596090000268e+04	9.342318037688883692e-01
5.001074096090000239e+04	8.726640745271208033e-01
5.001093696089999867e+04	8.778559832109582572e-01
5.001113196089999838e+04	9.307209000935756649e-01
5.001132696089999808e+04	9.336065494155842970e-01
5.001152296090000164e+04	8.935446811079739149e-01
5.001171796090000134e+04	9.190409928892648850e-01
5.001191296090000105e+04	9.176954385717639440e-01
5.001210796090000076e+04	9.096742096589256477e-01
5.001230396089999704e+04	9.000857174043694897e-01
5.001249896089999675e+04	8.993183286398931386e-01
5.001269396089999645e+04	9.361290578649992256e-01
5.001288996090000001e+04	8.897370478488557666e-01
5.001308496089999971e+04	8.835494906976393281e-01
5.001327996089999942e+04	9.045812744517984783e-01
5.001347596090000297e+04	8.820688702730610231e-01
5.001367096090000268e+04	8.890225274235916686e-01
5.001386596090000239e+04	9.352157301485046759e-01
5.001406196089999867e+04	9.091495280749093411e-01
5.001425696089999838e+04	8.886601591525185029e-01
5.001445196089999808e+04	8.519427505901866482e-01
5.001464796090000164e+04	8.818323530848815039e-01
5.001484296090000134e+04	8.983759125513675059e-01
5.001503796090000105e+04	8.840368248053316336e-01
5.001523296090000076e+04	9.092681359320557988e-01
5.001542896089999704e+04	9.005083816174916933e-01
5.001562396089999675e+04	8.799072331089003995e-01
5.001581896089999645e+04	8.610051511837806260e-01
5.001601496090000001e+04	9.485879839781787837e-01
5.001620996089999971e+04	9.079323140591171182e-01
5.001640496089999942e+04	9.096117439826549855e-01
5.001660096090000297e+04	9.087127825412562032e-01
5.001679596090000268e+04	9.006269442305647743e-01
5.001699096090000239e+04	8.584705591383912093e-01
5.001718696089999867e+04	9.121389703595621512e-01
5.001738196089999838e+04	8.963886489040966410e-01
5.001757696089999808e+04	8.980883988540977469e-01
5.001777296090000164e+04	9.381201444776259279e-01
5.001796796090000134e+04	9.263386595891187625e-01
5.001816296090000105e+04	9.128118686461448306e-01
5.001835796090000076e+04	9.167844833506357816e-01
5.001855396089999704e+04	9.150512719403884887e-01
5.001874896089999675e+04	9.301557721602939921e-01
5.001894396089999645e+04	8.845242369929806614e-01
5.001913996090000001e+04	8.791330427183208229e-01
5.001933496089999971e+04	9.251683232044332073e-01
5.001952996089999942e+04	9.009922962118377399e-01
5.001972596090000297e+04	8.722779042928880955e-01
5.001992096090000268e+04	9.171239438031761892e-01
5.002011596090000239e+04	8.977005883238611261e-01
5.002031196089999867e+04	9.107951378438094991e-01
5.002050696089999838e+04	9.090881153321852537e-01
5.002070196089999808e+04	9.120846808773137582e-01
5.002089796090000164e+04	9.320595804746805157e-01
5.002109296090000134e+04	9.111325745168574741e-01
5.002128796090000105e+04	8.950449905319679544e-01
5.002148296090000076e+04	9.614311730667175482e-01
5.002167896089999704e+04	9.171975441688680064e-01
5.002187396089999675e+04	9.080560239136659106e-01
5.002206896089999645e+04	9.330598334596231780e-01
5.002226496090000001e+04	9.408486362008421366e-01
5.002245996089999971e+04	9.521657326119541409e-01
5.002265496089999942e+04	9.019652813476817244e-01
5.002285096090000297e+04	9.411071226520721922e-01
