# time(sec)	crack length FEA(mm)
2.581601496090000001e+04	3.130622411856158749e-01
2.581620996089999971e+04	2.983852417227357279e-01
2.581640496089999942e+04	2.940129522136647466e-01
2.581660096089999934e+04	3.330111695363058288e-01
2.581679596089999905e+04	3.409414347250816490e-01
2.581699096089999875e+04	3.599851051507929611e-01
2.581718696089999867e+04	3.018990601910047644e-01
2.581738196089999838e+04	2.909920791266866757e-01
2.581757696089999808e+04	3.274519589784770091e-01
2.581777296089999800e+04	2.677379616644266491e-01
2.581796796090000134e+04	3.227987778866303614e-01
2.581816296090000105e+04	3.438494877679882933e-01
2.581835796090000076e+04	3.324582316511950353e-01
2.581855396090000067e+04	2.899944895121127075e-01
2.581874896090000038e+04	3.134971831339701254e-01
2.581894396090000009e+04	3.347358594041978108e-01
2.581913996090000001e+04	3.417077425447256900e-01
2.581933496089999971e+04	3.288083601034514913e-01
2.581952996089999942e+04	3.489717574892452490e-01
2.581972596089999934e+04	3.234294655497631510e-01
2.581992096089999905e+04	3.335787483525294306e-01
2.582011596089999875e+04	3.437814488861334894e-01
2.582031196089999867e+04	3.345944784889294255e-01
2.582050696089999838e+04	3.130108629235337503e-01
2.582070196089999808e+04	2.821392397827278131e-01
2.582089796089999800e+04	3.063496234126112938e-01
2.582109296090000134e+04	3.398735982907972186e-01
2.582128796090000105e+04	3.333881475908668790e-01
2.582148296090000076e+04	2.818118272180303308e-01
2.582167896090000067e+04	3.253391859877208248e-01
2.582187396090000038e+04	3.032830553010903429e-01
2.582206896090000009e+04	3.201020125261972993e-01
2.582226496090000001e+04	3.392224009144850783e-01
2.582245996089999971e+04	3.651322893382751289e-01
2.582265496089999942e+04	3.529430348306288323e-01
2.582285096089999934e+04	3.370771175362001770e-01
2.582304596089999905e+04	3.151477650943235176e-01
2.582324096089999875e+04	3.251757597949733736e-01
2.582343696089999867e+04	3.227883208847597274e-01
2.582363196089999838e+04	3.471664155553710884e-01
2.582382696089999808e+04	3.473014227126789422e-01
2.582402296089999800e+04	3.296640644753381366e-01
2.582421796090000134e+04	3.291906650950799929e-01
2.582441296090000105e+04	3.204173925812980883e-01
2.582460796090000076e+04	3.491339483786077835e-01
2.582480396090000067e+04	3.447098888391764149e-01
2.582499896090000038e+04	3.122028139285006887e-01
2.582519396090000009e+04	3.452625539259290832e-01
2.582538996090000001e+04	3.154998723024871055e-01
2.582558496089999971e+04	3.118496066588161142e-01
2.582577996089999942e+04	3.139195321850056786e-01
2.582597596089999934e+04	3.198631303058512287e-01
2.582617096089999905e+04	3.776343823683916412e-01
2.582636596089999875e+04	3.179425209396740115e-01
2.582656196089999867e+04	3.154527119202992225e-01
2.582675696089999838e+04	3.185219559806036216e-01
2.582695196089999808e+04	2.876172879709937291e-01
2.582714796089999800e+04	2.941220217275404281e-01
2.582734296090000134e+04	3.207055079605520831e-01
2.582753796090000105e+04	3.437898110159327558e-01
2.582773296090000076e+04	3.163602117593988794e-01
2.582792896090000067e+04	3.122017605802653861e-01
2.582812396090000038e+04	3.643374166771238265e-01
2.582831896090000009e+04	3.119062181126928124e-01
2.582851496090000001e+04	3.488922168629553511e-01
2.582870996089999971e+04	3.265144785725837551e-01
2.582890496089999942e+04	3.300117826689596967e-01
2.582910096089999934e+04	2.827268643681879468e-01
2.582929596089999905e+04	3.167783265596462172e-01
2.582949096089999875e+04	3.406912332510394492e-01
2.582968696089999867e+04	3.389763909695595601e-01
2.582988196089999838e+04	3.155679886958075997e-01
2.583007696089999808e+04	2.648997600543445685e-01
2.583027296089999800e+04	3.332373498594414230e-01
2.583046796090000134e+04	3.367368374340493631e-01
2.583066296090000105e+04	3.303071098976744224e-01
2.583085796090000076e+04	3.195184291690864598e-01
2.583105396090000067e+04	3.587371262022802654e-01
2.583124896090000038e+04	3.018812449186469848e-01
2.583144396090000009e+04	3.206876971576040347e-01
2.583163996090000001e+04	3.027745597298761027e-01
2.583183496089999971e+04	3.582433429652081003e-01
2.583202996089999942e+04	3.431837381301221512e-01
2.583222596089999934e+04	3.582946007626901519e-01
2.583242096089999905e+04	3.135684468810531200e-01
2.583261596089999875e+04	3.229706158542100525e-01
2.583281196089999867e+04	3.232262243198302798e-01
2.583300696089999838e+04	3.012395443533151251e-01
2.583320196089999808e+04	3.030398235144531327e-01
2.583339796089999800e+04	3.160500461464970101e-01
2.583359296090000134e+04	2.621998805660847864e-01
2.583378796090000105e+04	2.995072682854136303e-01
2.583398296090000076e+04	3.520818405774548410e-01
2.583417896090000067e+04	3.304495588004403572e-01
2.583437396090000038e+04	3.520671892664228864e-01
2.583456896090000009e+04	3.177455265104214277e-01
2.583476496090000001e+04	3.029643506582004875e-01
2.583495996089999971e+04	3.452102172459916574e-01
2.583515496089999942e+04	3.414952268414204184e-01
2.583535096089999934e+04	3.382393178110820742e-01
2.583554596089999905e+04	2.995261661656591912e-01
2.583574096089999875e+04	3.188981368863643695e-01
2.583593696089999867e+04	3.515314217314635670e-01
2.583613196089999838e+04	3.194073558842891458e-01
2.583632696089999808e+04	3.067217922183331780e-01
2.583652296089999800e+04	3.315397957399603968e-01
2.583671796090000134e+04	3.163235397404839944e-01
2.583691296090000105e+04	3.058380386783650096e-01
2.583710796090000076e+04	2.919907009899596062e-01
2.583730396090000067e+04	3.512237805004243540e-01
2.583749896090000038e+04	3.357777340310885705e-01
2.583769396090000009e+04	3.078298369558059022e-01
2.583788996090000001e+04	3.066085725896101621e-01
2.583808496089999971e+04	2.963559856372413037e-01
2.583827996089999942e+04	3.077816174927825443e-01
2.583847596089999934e+04	2.944786430870323102e-01
2.583867096089999905e+04	3.419129187815848070e-01
2.583886596089999875e+04	3.041354420424902116e-01
2.583906196089999867e+04	2.904612828076977848e-01
2.583925696089999838e+04	3.142716567894652258e-01
2.583945196089999808e+04	3.175181249866803057e-01
2.583964796089999800e+04	3.413382106218971757e-01
2.583984296090000134e+04	3.268381450898854013e-01
2.584003796090000105e+04	3.623564443325442141e-01
2.584023296090000076e+04	3.197332030464057340e-01
2.584042896090000067e+04	3.060875557439217687e-01
2.584062396090000038e+04	2.888950852170761863e-01
2.584081896090000009e+04	3.387292993825816723e-01
2.584101496090000001e+04	3.455535190387131195e-01
2.584120996089999971e+04	3.042675491963429124e-01
2.584140496089999942e+04	2.971278582521819089e-01
2.584160096089999934e+04	3.053715157375851419e-01
2.584179596089999905e+04	3.058915029723117129e-01
2.584199096089999875e+04	3.144665722453012791e-01
2.584218696089999867e+04	2.893681979866631337e-01
2.584238196089999838e+04	2.958106191756186831e-01
2.584257696089999808e+04	3.060340648557691168e-01
2.584277296089999800e+04	3.112375230956985206e-01
2.584296796090000134e+04	2.863110993455606490e-01
2.584316296090000105e+04	3.166326667831427244e-01
2.584335796090000076e+04	2.614206099208598033e-01
2.584355396090000067e+04	3.199155114278049439e-01
2.584374896090000038e+04	3.041941694281966591e-01
2.584394396090000009e+04	2.946338654356139841e-01
2.584413996090000001e+04	2.937979290874501714e-01
2.584433496089999971e+04	3.179645191240929591e-01
2.584452996089999942e+04	3.045118406642721709e-01
2.584472596089999934e+04	2.839975488162593820e-01
2.584492096089999905e+04	2.951299686339119432e-01
2.584511596089999875e+04	2.868786996543963852e-01
2.584531196089999867e+04	3.362174952079080015e-01
2.584550696089999838e+04	3.076568587656876019e-01
2.584570196089999808e+04	3.359306030335940108e-01
2.584589796089999800e+04	2.880830985052558191e-01
2.584609296090000134e+04	2.618133876706352225e-01
2.584628796090000105e+04	3.036552789981357137e-01
2.584648296090000076e+04	3.307763137410208998e-01
2.584667896090000067e+04	3.526960822654228167e-01
2.584687396090000038e+04	2.837278908345730599e-01
2.584706896090000009e+04	2.701496076625993226e-01
2.584726496090000001e+04	3.201931835315434682e-01
2.584745996089999971e+04	2.658752645420658922e-01
2.584765496089999942e+04	2.974141536471091030e-01
2.584785096089999934e+04	3.037926212009267601e-01
2.584804596089999905e+04	3.188939246278046369e-01
2.584824096089999875e+04	2.967974987666988085e-01
2.584843696089999867e+04	2.732128922947296701e-01
2.584863196089999838e+04	3.004614942189185456e-01
2.584882696089999808e+04	3.152819021903479069e-01
2.584902296089999800e+04	2.615792138861650074e-01
2.584921796090000134e+04	2.676151216170055136e-01
2.584941296090000105e+04	2.879225724324498970e-01
2.584960796090000076e+04	2.940381429351788256e-01
2.584980396090000067e+04	2.882026925954157548e-01
2.584999896090000038e+04	3.195058467086298037e-01
2.585019396090000009e+04	3.263039293138589869e-01
2.585038996090000001e+04	2.665105351140226730e-01
2.585058496089999971e+04	2.726229422163441996e-01
2.585077996089999942e+04	3.160154620402728654e-01
2.585097596089999934e+04	3.162250363055036928e-01
2.585117096089999905e+04	3.076998467947245075e-01
2.585136596089999875e+04	2.737692405194778189e-01
2.585156196089999867e+04	3.255895421763259634e-01
2.585175696089999838e+04	2.851559236772800432e-01
2.585195196089999808e+04	2.628320784816651212e-01
2.585214796089999800e+04	3.108507642263305115e-01
2.585234296090000134e+04	3.355075846076935875e-01
2.585253796090000105e+04	2.812126248478818979e-01
2.585273296090000076e+04	2.835316888876278085e-01
2.585292896090000067e+04	3.422311512603126715e-01
2.585312396090000038e+04	2.853626396549824307e-01
2.585331896090000009e+04	2.836103663424260901e-01
2.585351496090000001e+04	3.027860969125395485e-01
2.585370996089999971e+04	2.849618329724599164e-01
2.585390496089999942e+04	3.123139194091208992e-01
2.585410096089999934e+04	2.475969004353917313e-01
2.585429596089999905e+04	2.808222530734170164e-01
2.585449096089999875e+04	3.308098247491546573e-01
2.585468696089999867e+04	3.288690985239917097e-01
2.585488196089999838e+04	2.838233773860778797e-01
2.585507696089999808e+04	2.659592652839783966e-01
2.585527296089999800e+04	2.998176673028911665e-01
2.585546796090000134e+04	2.988917372022292795e-01
2.585566296090000105e+04	3.254407936700118853e-01
2.585585796090000076e+04	2.943831973941950508e-01
2.585605396090000067e+04	2.836827883187691413e-01
2.585624896090000038e+04	2.819052298811826063e-01
2.585644396090000009e+04	3.046103995155675648e-01
2.585663996090000001e+04	2.856784243793502043e-01
2.585683496089999971e+04	3.042256269326273355e-01
2.585702996089999942e+04	2.540868828567806048e-01
2.585722596089999934e+04	2.850132421459896648e-01
2.585742096089999905e+04	2.783738571237890369e-01
2.585761596089999875e+04	2.946558842451274529e-01
2.585781196089999867e+04	2.903354099644772646e-01
2.585800696089999838e+04	3.055203843792213547e-01
2.585820196089999808e+04	2.801842011867137217e-01
2.585839796089999800e+04	2.579787880242907505e-01
2.585859296090000134e+04	3.083025988512400062e-01
2.585878796090000105e+04	3.158498861394569701e-01
2.585898296090000076e+04	2.696435733882331931e-01
2.585917896090000067e+04	3.145986155256359496e-01
2.585937396090000038e+04	2.918564382425223869e-01
2.585956896090000009e+04	2.820741776610660168e-01
2.585976496090000001e+04	2.581594559479079010e-01
2.585995996089999971e+04	3.330122130073682740e-01
2.586015496089999942e+04	3.335399878555165287e-01
2.586035096089999934e+04	2.809408363808465481e-01
2.586054596089999905e+04	2.933500558810067105e-01
2.586074096089999875e+04	2.864275566523097893e-01
2.586093696089999867e+04	2.930731651190487952e-01
2.586113196089999838e+04	3.172676874704372096e-01
2.586132696089999808e+04	3.258901858243277161e-01
2.586152296089999800e+04	3.518934941687739126e-01
2.586171796090000134e+04	3.189389903570294393e-01
2.586191296090000105e+04	3.242319214571143249e-01
2.586210796090000076e+04	3.639860284262965706e-01
2.586230396090000067e+04	3.353347899727090464e-01
2.586249896090000038e+04	3.187881048980756304e-01
2.586269396090000009e+04	3.552773543998082317e-01
2.586288996090000001e+04	3.095793253162462122e-01
2.586308496089999971e+04	3.258524570997334280e-01
2.586327996089999942e+04	3.437249100249211153e-01
2.586347596089999934e+04	3.182621137621683971e-01
2.586367096089999905e+04	3.488587212652340952e-01
2.586386596089999875e+04	3.475327321294621186e-01
2.586406196089999867e+04	3.479733369347552951e-01
2.586425696089999838e+04	3.189515731044618718e-01
2.586445196089999808e+04	2.805724916143930159e-01
2.586464796089999800e+04	2.985666347315518721e-01
2.586484296090000134e+04	3.442158533050445612e-01
2.586503796090000105e+04	2.968918992210234364e-01
2.586523296090000076e+04	3.334352739429764512e-01
2.586542896090000067e+04	3.406629603168944698e-01
2.586562396090000038e+04	3.261174747583250877e-01
2.586581896090000009e+04	3.127530517372978380e-01
2.586601496090000001e+04	2.717610895419078076e-01
2.586620996089999971e+04	3.109209821563858611e-01
2.586640496089999942e+04	3.575602220530207376e-01
2.586660096089999934e+04	3.051964491815191138e-01
2.586679596089999905e+04	3.271261950263983920e-01
2.586699096089999875e+04	3.361389570395623139e-01
2.586718696089999867e+04	3.703641464580442744e-01
2.586738196089999838e+04	3.337326833286233807e-01
2.586757696089999808e+04	3.061651083222436398e-01
2.586777296089999800e+04	3.193350648289019489e-01
2.586796796090000134e+04	3.686565732813296137e-01
2.586816296090000105e+04	3.324173824133307420e-01
2.586835796090000076e+04	3.105939480437402977e-01
2.586855396090000067e+04	3.274760451509131087e-01
2.586874896090000038e+04	3.098581303246596974e-01
2.586894396090000009e+04	2.799428440034823495e-01
2.586913996090000001e+04	3.426928014099477338e-01
2.586933496089999971e+04	3.170644048450306229e-01
2.586952996089999942e+04	2.801348824424376716e-01
2.586972596089999934e+04	3.361044098806580394e-01
2.586992096089999905e+04	3.549143157621337252e-01
2.587011596089999875e+04	3.609495720566595622e-01
2.587031196089999867e+04	3.139928832616583065e-01
2.587050696089999838e+04	3.553443102449165281e-01
2.587070196089999808e+04	3.084682250191601582e-01
2.587089796089999800e+04	3.203042533043927165e-01
2.587109296090000134e+04	3.232869763887791237e-01
2.587128796090000105e+04	3.086317250765837628e-01
2.587148296090000076e+04	3.163633532724947628e-01
2.587167896090000067e+04	3.183543086015987456e-01
2.587187396090000038e+04	2.719647425285636189e-01
2.587206896090000009e+04	2.996834467751963160e-01
2.587226496090000001e+04	3.246425520954332455e-01
2.587245996089999971e+04	3.011734873271194601e-01
2.587265496089999942e+04	3.160605059838239583e-01
2.587285096089999934e+04	3.392684729866459747e-01
2.587304596089999905e+04	3.033428294165538830e-01
2.587324096089999875e+04	2.973176652332689684e-01
2.587343696089999867e+04	3.378445879123841422e-01
2.587363196089999838e+04	2.906952123135848609e-01
2.587382696089999808e+04	3.352279968723479442e-01
2.587402296089999800e+04	3.502903345570569371e-01
2.587421796090000134e+04	3.210062107066740111e-01
2.587441296090000105e+04	3.058642350260711851e-01
2.587460796090000076e+04	3.010445071903653513e-01
2.587480396090000067e+04	3.262107112089100980e-01
2.587499896090000038e+04	2.862303035020037356e-01
2.587519396090000009e+04	2.842063744649347967e-01
2.587538996090000001e+04	3.082889662035341871e-01
2.587558496089999971e+04	2.959385724077634450e-01
2.587577996089999942e+04	3.068087979965490320e-01
2.587597596089999934e+04	3.523434504138496237e-01
2.587617096089999905e+04	3.384665027526363446e-01
2.587636596089999875e+04	3.138713155272903066e-01
2.587656196089999867e+04	2.623111913573712428e-01
2.587675696089999838e+04	2.806669445947456154e-01
2.587695196089999808e+04	3.014513327690178102e-01
2.587714796089999800e+04	3.242381934945388622e-01
2.587734296090000134e+04	2.571689422305034611e-01
2.587753796090000105e+04	3.113381440599845007e-01
2.587773296090000076e+04	2.912763546612939791e-01
2.587792896090000067e+04	2.736432832871553700e-01
2.587812396090000038e+04	2.842042744099408935e-01
2.587831896090000009e+04	2.918081788027677703e-01
2.587851496090000001e+04	2.878092672389254147e-01
2.587870996089999971e+04	2.617356878294643252e-01
2.587890496089999942e+04	3.052771474523439110e-01
2.587910096089999934e+04	2.948562058665160635e-01
2.587929596089999905e+04	2.856354253306676583e-01
2.587949096089999875e+04	3.453714167437702542e-01
2.587968696089999867e+04	3.331043531284567649e-01
2.587988196089999838e+04	3.186655255393215924e-01
2.588007696089999808e+04	3.289361256413592116e-01
2.588027296089999800e+04	2.838065947092829333e-01
2.588046796090000134e+04	2.988623717716176742e-01
2.588066296090000105e+04	3.342866272614983814e-01
2.588085796090000076e+04	2.665987277752357443e-01
2.588105396090000067e+04	3.176197646519014484e-01
2.588124896090000038e+04	3.080667457886239191e-01
2.588144396090000009e+04	2.513395703422069971e-01
2.588163996090000001e+04	2.833805885397175928e-01
2.588183496089999971e+04	3.096526891978061968e-01
2.588202996089999942e+04	3.180965528259562802e-01
2.588222596089999934e+04	2.910686695772248811e-01
2.588242096089999905e+04	2.610351785041746808e-01
2.588261596089999875e+04	3.095153883548924512e-01
2.588281196089999867e+04	3.021433749190212126e-01
2.588300696089999838e+04	2.739371885166939080e-01
2.588320196089999808e+04	3.153091598111963378e-01
2.588339796089999800e+04	2.578979273360602065e-01
2.588359296090000134e+04	2.742216587873507194e-01
2.588378796090000105e+04	2.447059607878614429e-01
2.588398296090000076e+04	2.872857568459092903e-01
2.588417896090000067e+04	3.143680524497582951e-01
2.588437396090000038e+04	2.929242219867767005e-01
2.588456896090000009e+04	3.073968939652864663e-01
2.588476496090000001e+04	3.151100470636549744e-01
2.588495996089999971e+04	2.374093444386424778e-01
2.588515496089999942e+04	2.635587691943754862e-01
2.588535096089999934e+04	3.276237377745907509e-01
2.588554596089999905e+04	2.811926854412440946e-01
2.588574096089999875e+04	2.280084751877513582e-01
2.588593696089999867e+04	2.554882451339572924e-01
2.588613196089999838e+04	2.837069078997327409e-01
2.588632696089999808e+04	2.890220286843820929e-01
2.588652296089999800e+04	2.670344732314688940e-01
2.588671796090000134e+04	2.386981420050720004e-01
2.588691296090000105e+04	2.767460154452656695e-01
2.588710796090000076e+04	2.952023300798423122e-01
2.588730396090000067e+04	2.735036556733660973e-01
2.588749896090000038e+04	2.823952681273027565e-01
2.588769396090000009e+04	3.236913774660994392e-01
2.588788996090000001e+04	2.597307623648426045e-01
2.588808496089999971e+04	2.842714310165117553e-01
2.588827996089999942e+04	3.026277641493848591e-01
2.588847596089999934e+04	2.151394990881314584e-01
2.588867096089999905e+04	2.928717749793126046e-01
2.588886596089999875e+04	2.904529027183642143e-01
2.588906196089999867e+04	2.685653123959141908e-01
2.588925696089999838e+04	2.480245565594447754e-01
2.588945196089999808e+04	2.674975301146140794e-01
2.588964796089999800e+04	2.963853360083472666e-01
2.588984296090000134e+04	2.516726268515370180e-01
2.589003796090000105e+04	2.610267885114723185e-01
2.589023296090000076e+04	2.776245186268493370e-01
2.589042896090000067e+04	2.777179099462543377e-01
2.589062396090000038e+04	2.782342830648953935e-01
2.589081896090000009e+04	2.838212863120368468e-01
2.589101496090000001e+04	3.178786054824236373e-01
2.589120996089999971e+04	2.804413313654734452e-01
2.589140496089999942e+04	2.566920686604383661e-01
2.589160096089999934e+04	2.773621213142405395e-01
2.589179596089999905e+04	2.954844584292146692e-01
2.589199096089999875e+04	2.808338004351185191e-01
2.589218696089999867e+04	2.855703723424554141e-01
2.589238196089999838e+04	3.188824219181025654e-01
2.589257696089999808e+04	2.874420694369312912e-01
2.589277296089999800e+04	2.837048168159093109e-01
2.589296796090000134e+04	2.700813668634349796e-01
2.589316296090000105e+04	2.964556218085139250e-01
2.589335796090000076e+04	2.869175059160937735e-01
2.589355396090000067e+04	2.920231920875764331e-01
2.589374896090000038e+04	2.944052074160552479e-01
2.589394396090000009e+04	2.594870778201219252e-01
2.589413996090000001e+04	2.370855701770562263e-01
2.589433496089999971e+04	2.813165312533598694e-01
2.589452996089999942e+04	2.977329564173381016e-01
2.589472596089999934e+04	2.800992026904900456e-01
2.589492096089999905e+04	2.688172865781996990e-01
2.589511596089999875e+04	3.274519589784770091e-01
2.589531196089999867e+04	2.852807952581031259e-01
2.589550696089999838e+04	2.985918208440487831e-01
2.589570196089999808e+04	2.755022352178038147e-01
2.589589796089999800e+04	2.902913466597176750e-01
2.589609296090000134e+04	3.087480869751058066e-01
2.589628796090000105e+04	2.830972774231295119e-01
2.589648296090000076e+04	3.039981107384210901e-01
2.589667896090000067e+04	2.392909898418249526e-01
2.589687396090000038e+04	2.340262447430347947e-01
2.589706896090000009e+04	2.880998873116737968e-01
2.589726496090000001e+04	2.723122040106069619e-01
2.589745996089999971e+04	2.903511519892134629e-01
2.589765496089999942e+04	2.411346361479260736e-01
2.589785096089999934e+04	2.587886075212519899e-01
2.589804596089999905e+04	2.929850661433484049e-01
2.589824096089999875e+04	2.579914016183870729e-01
2.589843696089999867e+04	3.186948675952034904e-01
2.589863196089999838e+04	2.990794409365715723e-01
2.589882696089999808e+04	3.055057055799164090e-01
2.589902296089999800e+04	3.063496234126112938e-01
2.589921796090000134e+04	3.065886535178670158e-01
2.589941296090000105e+04	2.883527183381993098e-01
2.589960796090000076e+04	3.275692765029738496e-01
2.589980396090000067e+04	2.653975021206456120e-01
2.589999896090000038e+04	2.616002064405176242e-01
2.590019396090000009e+04	2.747360125375450934e-01
2.590038996090000001e+04	2.911305364679215302e-01
2.590058496089999971e+04	2.696068144389371923e-01
2.590077996089999942e+04	2.986505342934382412e-01
2.590097596089999934e+04	3.157545224176079302e-01
2.590117096089999905e+04	2.793100162520509855e-01
2.590136596089999875e+04	3.170413617220155800e-01
2.590156196089999867e+04	2.873570957090976208e-01
2.590175696089999838e+04	2.745134563226976354e-01
2.590195196089999808e+04	3.198463629233838645e-01
2.590214796089999800e+04	2.989494050421015459e-01
2.590234296090000134e+04	2.997736207831209754e-01
2.590253796090000105e+04	2.440838024653189109e-01
2.590273296090000076e+04	2.954980710682182377e-01
2.590292896090000067e+04	3.158215849182877122e-01
2.590312396090000038e+04	3.072773920883964394e-01
2.590331896090000009e+04	3.025113736148998811e-01
2.590351496090000001e+04	3.145200089886373007e-01
2.590370996089999971e+04	2.771690156822081974e-01
2.590390496089999942e+04	3.112993398530221612e-01
2.590410096089999934e+04	2.889076741594394093e-01
2.590429596089999905e+04	3.143586361549992603e-01
2.590449096089999875e+04	2.873182811205321485e-01
2.590468696089999867e+04	2.864810536507373939e-01
2.590488196089999838e+04	2.628278837879776120e-01
2.590507696089999808e+04	2.982342315071733196e-01
2.590527296089999800e+04	2.967922647964940097e-01
2.590546796090000134e+04	2.983212669747441481e-01
2.590566296090000105e+04	3.385523452211369744e-01
2.590585796090000076e+04	2.834876045274654643e-01
2.590605396090000067e+04	2.708844807806762844e-01
2.590624896090000038e+04	2.971215433391272143e-01
2.590644396090000009e+04	3.057992348936426907e-01
2.590663996090000001e+04	3.301751500614020784e-01
2.590683496089999971e+04	2.872721126792594504e-01
2.590702996089999942e+04	3.499146558682681984e-01
2.590722596089999934e+04	3.102899860437169366e-01
2.590742096089999905e+04	3.141144413992940088e-01
2.590761596089999875e+04	2.915312438570190068e-01
2.590781196089999867e+04	3.557126001111026170e-01
2.590800696089999838e+04	2.886086828056306786e-01
2.590820196089999808e+04	3.254502057669164117e-01
2.590839796089999800e+04	2.807435668104218962e-01
2.590859296090000134e+04	2.801159878656598323e-01
2.590878796090000105e+04	2.949149551579139938e-01
2.590898296090000076e+04	3.144550584845191565e-01
2.590917896090000067e+04	3.267176929063531077e-01
2.590937396090000038e+04	3.062521430632436648e-01
2.590956896090000009e+04	3.197908405761609174e-01
2.590976496090000001e+04	2.990804858329436655e-01
2.590995996089999971e+04	2.856322799351751485e-01
2.591015496089999942e+04	3.144886005124085671e-01
2.591035096089999934e+04	3.096107760101887152e-01
2.591054596089999905e+04	3.490020885786382365e-01
2.591074096089999875e+04	3.447496568963366315e-01
2.591093696089999867e+04	3.146677876322705458e-01
2.591113196089999838e+04	2.866898584735189104e-01
2.591132696089999808e+04	3.304139601459095132e-01
2.591152296089999800e+04	3.556111162583555085e-01
2.591171796090000134e+04	3.119020046692266845e-01
2.591191296090000105e+04	2.991643746545324944e-01
2.591210796090000076e+04	3.236840254324420130e-01
2.591230396090000067e+04	2.999026075083683907e-01
2.591249896090000038e+04	3.054794818383683719e-01
2.591269396090000009e+04	3.409299152430911306e-01
2.591288996090000001e+04	3.179414768355108833e-01
2.591308496089999971e+04	2.715773729928372404e-01
2.591327996089999942e+04	2.903501067262901358e-01
2.591347596089999934e+04	3.113465171175793245e-01
2.591367096089999905e+04	3.028081085092715341e-01
2.591386596089999875e+04	2.741177408187631670e-01
2.591406196089999867e+04	3.399803983899083448e-01
2.591425696089999838e+04	3.034466254713734656e-01
2.591445196089999808e+04	2.872773756876245699e-01
2.591464796089999800e+04	3.073811717256891285e-01
2.591484296090000134e+04	3.346101925164113311e-01
2.591503796090000105e+04	3.558371176787531454e-01
2.591523296090000076e+04	3.520263902632887465e-01
2.591542896090000067e+04	2.999644794648972379e-01
2.591562396090000038e+04	2.957026020998760885e-01
