# time(sec)	crack length FEA(mm)
6.302187396089999675e+04	1.023316342384896771e+00
6.302206896089999645e+04	1.059918749560253559e+00
6.302226496090000001e+04	1.051095978700098854e+00
6.302245996089999971e+04	1.041996294138540335e+00
6.302265496089999942e+04	1.053024680658033674e+00
6.302285096090000297e+04	1.017962483307650601e+00
6.302304596090000268e+04	1.046440827095086235e+00
6.302324096090000239e+04	1.082731530318138624e+00
6.302343696089999867e+04	1.014931111746300019e+00
6.302363196089999838e+04	1.026878911538805283e+00
6.302382696089999808e+04	1.050069032322429763e+00
6.302402296090000164e+04	1.031125740624199594e+00
6.302421796090000134e+04	1.084387651393353025e+00
6.302441296090000105e+04	1.035654713052927889e+00
6.302460796090000076e+04	1.038012861021382349e+00
6.302480396089999704e+04	1.020077078390201564e+00
6.302499896089999675e+04	1.044970240901523795e+00
6.302519396089999645e+04	1.083701161856245321e+00
6.302538996090000001e+04	1.080709803887057063e+00
6.302558496089999971e+04	1.037829698672901202e+00
6.302577996089999942e+04	1.069695278023118590e+00
6.302597596090000297e+04	1.073196998211990660e+00
6.302617096090000268e+04	1.035381951947339729e+00
6.302636596090000239e+04	1.053955963197461543e+00
6.302656196089999867e+04	1.096119886978513591e+00
6.302675696089999838e+04	1.069346805649058041e+00
6.302695196089999808e+04	1.050454382586130109e+00
6.302714796090000164e+04	1.059451221278390420e+00
6.302734296090000134e+04	1.043520968703198548e+00
6.302753796090000105e+04	1.051220959543366362e+00
6.302773296090000076e+04	1.075302686523006201e+00
6.302792896089999704e+04	1.086395809541290447e+00
6.302812396089999675e+04	1.052131002946371297e+00
6.302831896089999645e+04	1.070970261194830186e+00
6.302851496090000001e+04	1.050795008864762181e+00
6.302870996089999971e+04	1.059361817999800337e+00
6.302890496089999942e+04	1.095037082786545213e+00
6.302910096090000297e+04	1.046897429409712643e+00
6.302929596090000268e+04	1.052538764479999500e+00
6.302949096090000239e+04	1.055565186740095029e+00
6.302968696089999867e+04	1.022415517304068544e+00
6.302988196089999838e+04	1.063446349674798341e+00
6.303007696089999808e+04	1.069319402396072149e+00
6.303027296090000164e+04	1.050665833472086419e+00
6.303046796090000134e+04	1.054669508492057872e+00
6.303066296090000105e+04	1.024684391255451743e+00
6.303085796090000076e+04	1.043871828381973899e+00
6.303105396089999704e+04	1.032054819491809994e+00
6.303124896089999675e+04	1.069513406275884648e+00
6.303144396089999645e+04	1.035067586753458002e+00
6.303163996090000001e+04	1.052290649972180248e+00
6.303183496089999971e+04	1.051262707016553222e+00
6.303202996089999942e+04	1.066088302878839045e+00
6.303222596090000297e+04	1.043237289287011649e+00
6.303242096090000268e+04	1.064810003180326703e+00
6.303261596090000239e+04	1.032403750107690144e+00
6.303281196089999867e+04	1.058067877514343280e+00
6.303300696089999838e+04	1.030907910143417539e+00
6.303320196089999808e+04	1.037747292634668028e+00
6.303339796090000164e+04	1.024389208512015870e+00
6.303359296090000134e+04	1.076319471918553816e+00
6.303378796090000105e+04	1.079474946778777422e+00
6.303398296090000076e+04	1.027036542021695809e+00
6.303417896089999704e+04	1.059188947427490035e+00
6.303437396089999675e+04	1.046092975345970899e+00
6.303456896089999645e+04	1.072082608602540788e+00
6.303476496090000001e+04	1.044191232006676628e+00
6.303495996089999971e+04	1.075409392573664746e+00
6.303515496089999942e+04	1.057763939735600900e+00
6.303535096090000297e+04	1.043288049541331475e+00
6.303554596090000268e+04	1.036739171968839912e+00
6.303574096090000239e+04	1.049774163543315098e+00
6.303593696089999867e+04	1.088884099674094941e+00
6.303613196089999838e+04	1.052996210644785435e+00
6.303632696089999808e+04	1.019827576584170004e+00
6.303652296090000164e+04	1.041845752246866041e+00
6.303671796090000134e+04	1.044063069195299676e+00
6.303691296090000105e+04	1.059941099888837002e+00
6.303710796090000076e+04	1.074616109330975178e+00
6.303730396089999704e+04	1.076815023450443221e+00
6.303749896089999675e+04	1.024079769839419285e+00
6.303769396089999645e+04	1.033922919851615774e+00
6.303788996090000001e+04	1.079034147634914120e+00
6.303808496089999971e+04	1.072698230015237897e+00
6.303827996089999942e+04	1.072537672598894432e+00
6.303847596090000297e+04	1.060850723006964813e+00
6.303867096090000268e+04	1.069156727658910455e+00
6.303886596090000239e+04	1.033039801130229307e+00
6.303906196089999867e+04	1.016235528579551683e+00
6.303925696089999838e+04	1.099400601977414738e+00
6.303945196089999808e+04	1.066234676690498873e+00
6.303964796090000164e+04	1.003293257932211802e+00
6.303984296090000134e+04	1.018675181978599298e+00
6.304003796090000105e+04	1.062298941751858905e+00
6.304023296090000076e+04	1.051812753715120508e+00
6.304042896089999704e+04	1.075428587397095015e+00
6.304062396089999675e+04	1.068112318899723689e+00
6.304081896089999645e+04	1.028902150412346117e+00
6.304101496090000001e+04	1.075752715827661632e+00
6.304120996089999971e+04	1.026841143015593261e+00
6.304140496089999942e+04	1.063159764758525583e+00
6.304160096090000297e+04	1.051257641427472578e+00
6.304179596090000268e+04	1.059445022429079231e+00
6.304199096090000239e+04	1.086708538795262413e+00
6.304218696089999867e+04	1.052233708157878311e+00
6.304238196089999838e+04	1.029509709293037645e+00
6.304257696089999808e+04	1.050515346313652287e+00
6.304277296090000164e+04	1.083870801883543677e+00
6.304296796090000134e+04	1.043894193764147715e+00
6.304316296090000105e+04	1.044032579099882341e+00
6.304335796090000076e+04	1.041894593278145820e+00
6.304355396089999704e+04	1.085520651585603957e+00
6.304374896089999675e+04	1.051896159179790402e+00
6.304394396089999645e+04	1.060123044752254273e+00
6.304413996090000001e+04	1.041011682272971584e+00
6.304433496089999971e+04	1.069046066311942766e+00
6.304452996089999942e+04	1.047083492126661852e+00
6.304472596090000297e+04	1.049784382694129548e+00
6.304492096090000268e+04	1.048687240129835274e+00
6.304511596090000239e+04	1.087250703555785236e+00
6.304531196089999867e+04	1.067871523250367716e+00
6.304550696089999838e+04	1.046385880483796882e+00
6.304570196089999808e+04	1.036148052276789855e+00
6.304589796090000164e+04	1.037140992160558994e+00
6.304609296090000134e+04	1.044170876268751158e+00
6.304628796090000105e+04	1.074915731296057331e+00
6.304648296090000076e+04	1.029116852123557635e+00
6.304667896089999704e+04	1.069534700352649637e+00
6.304687396089999675e+04	1.037685334991069297e+00
6.304706896089999645e+04	1.079597772396052591e+00
6.304726496090000001e+04	1.056102909344893703e+00
6.304745996089999971e+04	1.050389313679138681e+00
6.304765496089999942e+04	1.125808507246341961e+00
6.304785096090000297e+04	1.087822243630917285e+00
6.304804596090000268e+04	1.067514907314837558e+00
6.304824096090000239e+04	1.017471741743396052e+00
6.304843696089999867e+04	1.066627882743416578e+00
6.304863196089999838e+04	1.078005439143831623e+00
6.304882696089999808e+04	1.068005667411997095e+00
6.304902296090000164e+04	1.045729918233131883e+00
6.304921796090000134e+04	1.035053341026596740e+00
6.304941296090000105e+04	1.084075938233812764e+00
6.304960796090000076e+04	1.057165220738445655e+00
6.304980396089999704e+04	1.059453142048274898e+00
6.304999896089999675e+04	1.072264460723468815e+00
6.305019396089999645e+04	1.040853008210604003e+00
6.305038996090000001e+04	1.058180685378658836e+00
6.305058496089999971e+04	1.051671444104616882e+00
6.305077996089999942e+04	1.075705863619500491e+00
6.305097596090000297e+04	1.093601927274946206e+00
6.305117096090000268e+04	1.074700307497771234e+00
6.305136596090000239e+04	1.073465138516089823e+00
6.305156196089999867e+04	1.026941946371518810e+00
6.305175696089999838e+04	1.053695637412651820e+00
6.305195196089999808e+04	1.051095017978287416e+00
6.305214796090000164e+04	1.091896837372649642e+00
6.305234296090000134e+04	1.032794455437988645e+00
6.305253796090000105e+04	1.044886811200615995e+00
6.305273296090000076e+04	1.056836909928296819e+00
6.305292896089999704e+04	1.044116972792954456e+00
6.305312396089999675e+04	1.052970797199314745e+00
6.305331896089999645e+04	1.088412082306494000e+00
6.305351496090000001e+04	1.056736232861293701e+00
6.305370996089999971e+04	1.037526551409513331e+00
6.305390496089999942e+04	1.056158881396800808e+00
6.305410096090000297e+04	1.057063497261021112e+00
6.305429596090000268e+04	1.047126207728549474e+00
6.305449096090000239e+04	1.052212311275315670e+00
6.305468696089999867e+04	1.072213674906279834e+00
6.305488196089999838e+04	1.068923098959517759e+00
6.305507696089999808e+04	1.000272365490257442e+00
6.305527296090000164e+04	1.041911892939648254e+00
6.305546796090000134e+04	1.073565744886389339e+00
6.305566296090000105e+04	1.064688061413196607e+00
6.305585796090000076e+04	1.057961181039710041e+00
6.305605396089999704e+04	1.085704494114761332e+00
6.305624896089999675e+04	1.067018114784101357e+00
6.305644396089999645e+04	1.034910883290118377e+00
6.305663996090000001e+04	1.005966381612656946e+00
6.305683496089999971e+04	1.064972707615226000e+00
6.305702996089999942e+04	1.026058569263575748e+00
6.305722596090000297e+04	1.012828220480683328e+00
6.305742096090000268e+04	1.008920497444087516e+00
6.305761596090000239e+04	1.033955520501031344e+00
6.305781196089999867e+04	1.063125196256553551e+00
6.305800696089999838e+04	1.020733746287444177e+00
6.305820196089999808e+04	1.041397266329706639e+00
6.305839796090000164e+04	1.035308714054334445e+00
6.305859296090000134e+04	1.047739417135584716e+00
6.305878796090000105e+04	1.034233279723476784e+00
6.305898296090000076e+04	1.058636015098400662e+00
6.305917896089999704e+04	1.037817551883456701e+00
6.305937396089999675e+04	1.037431997338194023e+00
6.305956896089999645e+04	1.033799858553699380e+00
6.305976496090000001e+04	1.045831690094090050e+00
6.305995996089999971e+04	1.031092174580194865e+00
6.306015496089999942e+04	1.050740072289064742e+00
6.306035096090000297e+04	1.042979904303436456e+00
6.306054596090000268e+04	1.033938215068012312e+00
6.306074096090000239e+04	1.046937087969745050e+00
6.306093696089999867e+04	1.016042140358674573e+00
6.306113196089999838e+04	1.039874465703976014e+00
6.306132696089999808e+04	1.067982277332809815e+00
6.306152296090000164e+04	1.035804157898541078e+00
6.306171796090000134e+04	1.033818212906874479e+00
6.306191296090000105e+04	1.062856939484124297e+00
6.306210796090000076e+04	1.021546139028867373e+00
6.306230396089999704e+04	1.003205744327855697e+00
6.306249896089999675e+04	1.053488317896707827e+00
6.306269396089999645e+04	1.060436032064824730e+00
6.306288996090000001e+04	1.010767049942478124e+00
6.306308496089999971e+04	1.035692292839057060e+00
6.306327996089999942e+04	1.082808722007179369e+00
6.306347596090000297e+04	1.033267663573010253e+00
6.306367096090000268e+04	1.011022595406533497e+00
6.306386596090000239e+04	1.017199822319751590e+00
6.306406196089999867e+04	1.014330354546277846e+00
6.306425696089999838e+04	1.026859502721841011e+00
6.306445196089999808e+04	1.068162153432767880e+00
6.306464796090000164e+04	1.042997203177604248e+00
6.306484296090000134e+04	1.030706423919603765e+00
6.306503796090000105e+04	1.048182804880767094e+00
6.306523296090000076e+04	1.035548790174367184e+00
6.306542896089999704e+04	1.022266863033285844e+00
6.306562396089999675e+04	1.051941835556641891e+00
6.306581896089999645e+04	1.021218299472078428e+00
6.306601496090000001e+04	1.044642810410419287e+00
6.306620996089999971e+04	1.062861915312481642e+00
6.306640496089999942e+04	1.007145026794198372e+00
6.306660096090000297e+04	1.011709081445781422e+00
6.306679596090000268e+04	1.033055970957203584e+00
6.306699096090000239e+04	9.969963613918082501e-01
6.306718696089999867e+04	9.917965656987917100e-01
6.306738196089999838e+04	1.046492628792295321e+00
6.306757696089999808e+04	1.043184344741383995e+00
6.306777296090000164e+04	9.919279861967247314e-01
6.306796796090000134e+04	1.060919779260560247e+00
6.306816296090000105e+04	1.052820324594073043e+00
6.306835796090000076e+04	1.081302871913532471e+00
6.306855396089999704e+04	1.023689971081044092e+00
6.306874896089999675e+04	1.024658947626003069e+00
6.306894396089999645e+04	1.060834484718514048e+00
6.306913996090000001e+04	1.032891213017975929e+00
6.306933496089999971e+04	1.079685093347734437e+00
6.306952996089999942e+04	1.061441230449123196e+00
6.306972596090000297e+04	1.038339421318475786e+00
6.306992096090000268e+04	1.021444263521715357e+00
6.307011596090000239e+04	1.067791228400384540e+00
6.307031196089999867e+04	1.043718327907763310e+00
6.307050696089999838e+04	1.020688884612727776e+00
6.307070196089999808e+04	1.054513108457395987e+00
6.307089796090000164e+04	1.019305389638027748e+00
6.307109296090000134e+04	1.057661258357271095e+00
6.307128796090000105e+04	1.012306842758821546e+00
6.307148296090000076e+04	1.022484772389457675e+00
6.307167896089999704e+04	1.037260103717994042e+00
6.307187396089999675e+04	1.074506345884952196e+00
6.307206896089999645e+04	1.033529173905575860e+00
6.307226496090000001e+04	1.041566159444824891e+00
6.307245996089999971e+04	1.023585044352252282e+00
6.307265496089999942e+04	1.013013674241989293e+00
6.307285096090000297e+04	1.062107847220644885e+00
6.307304596090000268e+04	1.058859616785202462e+00
6.307324096090000239e+04	1.051073532734994487e+00
6.307343696089999867e+04	9.866261151949160535e-01
6.307363196089999838e+04	1.003837322821915734e+00
6.307382696089999808e+04	1.054272087968701754e+00
6.307402296090000164e+04	1.051064536875344402e+00
6.307421796090000134e+04	1.060406610559510909e+00
6.307441296090000105e+04	1.063937106332289773e+00
6.307460796090000076e+04	1.023959718096147498e+00
6.307480396089999704e+04	1.007614631139245986e+00
6.307499896089999675e+04	1.012225398332018855e+00
6.307519396089999645e+04	1.044597032683595828e+00
6.307538996090000001e+04	1.041535578783223670e+00
6.307558496089999971e+04	1.031560259291349979e+00
6.307577996089999942e+04	1.049433435331309283e+00
6.307597596090000297e+04	1.059672807254969484e+00
6.307617096090000268e+04	1.026400505828831911e+00
6.307636596090000239e+04	1.021937022134181916e+00
6.307656196089999867e+04	1.049652144797242670e+00
6.307675696089999838e+04	1.035445051717807985e+00
6.307695196089999808e+04	1.055685079499040668e+00
6.307714796090000164e+04	1.024953077824520165e+00
6.307734296090000134e+04	1.046000464445819844e+00
6.307753796090000105e+04	1.065738817581426190e+00
6.307773296090000076e+04	1.059209290342788989e+00
6.307792896089999704e+04	1.033907712026726600e+00
6.307812396089999675e+04	1.045148194167708766e+00
6.307831896089999645e+04	1.006985077464745970e+00
6.307851496090000001e+04	1.013875140571695255e+00
6.307870996089999971e+04	1.067107489327938197e+00
6.307890496089999942e+04	1.060090567172188969e+00
6.307910096090000297e+04	1.028827843588421942e+00
6.307929596090000268e+04	1.024943984674095532e+00
6.307949096090000239e+04	1.036540706301735781e+00
6.307968696089999867e+04	1.045694363497766233e+00
6.307988196089999838e+04	1.043175171169547610e+00
6.308007696089999808e+04	1.072843516091797511e+00
6.308027296090000164e+04	1.054695968027894892e+00
6.308046796090000134e+04	1.031643648209051634e+00
6.308066296090000105e+04	1.029014047310667479e+00
6.308085796090000076e+04	1.035068635518287650e+00
6.308105396089999704e+04	1.048553947974394163e+00
6.308124896089999675e+04	1.019524200564006833e+00
6.308144396089999645e+04	1.050529670146778116e+00
6.308163996090000001e+04	1.040031136562632241e+00
6.308183496089999971e+04	1.036293561366083082e+00
6.308202996089999942e+04	1.017055246338141927e+00
6.308222596090000297e+04	1.084034248251429133e+00
6.308242096090000268e+04	1.064224729377867718e+00
6.308261596090000239e+04	1.035126579703584682e+00
6.308281196089999867e+04	1.026760797277830761e+00
6.308300696089999838e+04	1.055598718351795640e+00
6.308320196089999808e+04	1.072446398715278804e+00
6.308339796090000164e+04	1.028625378174158556e+00
6.308359296090000134e+04	1.070397268991889916e+00
6.308378796090000105e+04	1.025335861341504895e+00
6.308398296090000076e+04	9.943893823313754154e-01
6.308417896089999704e+04	1.033374558015868416e+00
6.308437396089999675e+04	1.075331129883352332e+00
6.308456896089999645e+04	1.090613732613807230e+00
6.308476496090000001e+04	1.035827666973240468e+00
6.308495996089999971e+04	1.027164883764687175e+00
6.308515496089999942e+04	1.052040524179055581e+00
6.308535096090000297e+04	1.037949855429474155e+00
6.308554596090000268e+04	1.040125680330774571e+00
6.308574096090000239e+04	1.098747144977934909e+00
6.308593696089999867e+04	1.022264764378132185e+00
6.308613196089999838e+04	1.033401915224770207e+00
6.308632696089999808e+04	1.035388069660925225e+00
6.308652296090000164e+04	1.053874660817285758e+00
6.308671796090000134e+04	1.056524835831424980e+00
6.308691296090000105e+04	1.048371914757364465e+00
6.308710796090000076e+04	1.048581462471194214e+00
6.308730396089999704e+04	1.072056255636757882e+00
6.308749896089999675e+04	1.042380813832393116e+00
6.308769396089999645e+04	1.021292629987598843e+00
6.308788996090000001e+04	1.068060476910526191e+00
6.308808496089999971e+04	1.050324244594511569e+00
6.308827996089999942e+04	1.088047576986566511e+00
6.308847596090000297e+04	1.051680614407604963e+00
6.308867096090000268e+04	1.046495773579732003e+00
6.308886596090000239e+04	1.032691753873686835e+00
6.308906196089999867e+04	1.044828890723481507e+00
6.308925696089999838e+04	1.049653192920841249e+00
6.308945196089999808e+04	1.051159036901395893e+00
6.308964796090000164e+04	1.041683064583944329e+00
6.308984296090000134e+04	1.024683342034153455e+00
6.309003796090000105e+04	1.078904165722844866e+00
6.309023296090000076e+04	1.040208165530307483e+00
6.309042896089999704e+04	1.058722452547517179e+00
6.309062396089999675e+04	1.050119865374846029e+00
6.309081896089999645e+04	1.035744205283455344e+00
6.309101496090000001e+04	1.075852265557809773e+00
6.309120996089999971e+04	1.052484792589368112e+00
6.309140496089999942e+04	1.085216104762798395e+00
6.309160096090000297e+04	1.054953226537854505e+00
6.309179596090000268e+04	1.063398600310431874e+00
6.309199096090000239e+04	1.059070032699514385e+00
6.309218696089999867e+04	1.062069261478285398e+00
6.309238196089999838e+04	1.048068901487521742e+00
6.309257696089999808e+04	1.069194429199090024e+00
6.309277296090000164e+04	1.035664763466645155e+00
6.309296796090000134e+04	1.039278442954397974e+00
6.309316296090000105e+04	1.021368009638772278e+00
6.309335796090000076e+04	1.056013493500882916e+00
6.309355396089999704e+04	1.067687630188466130e+00
6.309374896089999675e+04	1.072042032004031142e+00
6.309394396089999645e+04	1.053766897621667198e+00
6.309413996090000001e+04	1.007600281525133923e+00
6.309433496089999971e+04	1.038414747142567762e+00
6.309452996089999942e+04	1.020162518823006792e+00
6.309472596090000297e+04	1.036844914780797211e+00
6.309492096090000268e+04	1.053769866792418242e+00
6.309511596090000239e+04	1.035289399489002449e+00
6.309531196089999867e+04	1.060470604469735179e+00
6.309550696089999838e+04	1.048969806552912942e+00
6.309570196089999808e+04	1.050504254071109145e+00
6.309589796090000164e+04	1.074596739347873253e+00
6.309609296090000134e+04	1.045041439839485164e+00
6.309628796090000105e+04	1.057406124649379109e+00
6.309648296090000076e+04	1.065632068177546188e+00
6.309667896089999704e+04	1.017257897361789176e+00
6.309687396089999675e+04	1.094701186397980308e+00
6.309706896089999645e+04	1.053752575734023367e+00
6.309726496090000001e+04	1.048781749581387146e+00
6.309745996089999971e+04	1.056105005024715382e+00
6.309765496089999942e+04	1.043088764686430636e+00
6.309785096090000297e+04	1.048741045926377069e+00
6.309804596090000268e+04	1.052141133752215296e+00
6.309824096090000239e+04	1.017658034061145855e+00
6.309843696089999867e+04	1.060069090038471273e+00
6.309863196089999838e+04	1.066429665808852789e+00
6.309882696089999808e+04	1.024311914797262801e+00
6.309902296090000164e+04	1.040937413157148939e+00
6.309921796090000134e+04	1.089965178601723039e+00
6.309941296090000105e+04	1.053189386876978162e+00
6.309960796090000076e+04	1.023707196508283346e+00
6.309980396089999704e+04	1.043020530427448023e+00
6.309999896089999675e+04	1.010293395626531421e+00
6.310019396089999645e+04	1.033089534238754936e+00
6.310038996090000001e+04	1.031420840062104105e+00
6.310058496089999971e+04	1.079048367089594507e+00
6.310077996089999942e+04	1.054532320130579848e+00
6.310097596090000297e+04	1.073643926125978254e+00
6.310117096090000268e+04	1.065575245527840664e+00
6.310136596090000239e+04	1.087014025783460625e+00
6.310156196089999867e+04	1.034675869864400966e+00
6.310175696089999838e+04	1.083444301003353871e+00
6.310195196089999808e+04	1.047359176750097376e+00
6.310214796090000164e+04	1.053081620582510425e+00
6.310234296090000134e+04	1.049278922522134394e+00
6.310253796090000105e+04	1.048669945383725377e+00
6.310273296090000076e+04	1.080502544976811308e+00
6.310292896089999704e+04	1.084137775332543185e+00
6.310312396089999675e+04	1.011662190711565046e+00
6.310331896089999645e+04	1.057458950299141165e+00
6.310351496090000001e+04	1.050536744719718030e+00
6.310370996089999971e+04	1.022373719314410678e+00
6.310390496089999942e+04	1.088511579079913361e+00
6.310410096090000297e+04	1.090889959981213408e+00
6.310429596090000268e+04	1.043423380569093339e+00
6.310449096090000239e+04	1.008653555301455285e+00
6.310468696089999867e+04	1.067844118299397849e+00
6.310488196089999838e+04	1.072294914709640778e+00
6.310507696089999808e+04	1.092710817923896016e+00
6.310527296090000164e+04	1.046239472042774565e+00
6.310546796090000134e+04	1.095717055756303182e+00
6.310566296090000105e+04	1.041702373972553275e+00
6.310585796090000076e+04	1.048712658143012177e+00
6.310605396089999704e+04	1.000218450334406484e+00
6.310624896089999675e+04	1.074965464338195176e+00
6.310644396089999645e+04	1.032867875859793116e+00
6.310663996090000001e+04	1.035571250758039241e+00
6.310683496089999971e+04	9.767951761135194033e-01
6.310702996089999942e+04	1.056092780223165661e+00
6.310722596090000297e+04	1.061853808718154824e+00
6.310742096090000268e+04	1.078943771024958309e+00
6.310761596090000239e+04	1.055329328940175060e+00
6.310781196089999867e+04	1.054814991913206157e+00
6.310800696089999838e+04	1.053519843853447213e+00
6.310820196089999808e+04	1.055399449070499429e+00
6.310839796090000164e+04	1.106181913969079389e+00
6.310859296090000134e+04	1.104289933205304663e+00
6.310878796090000105e+04	1.050841822762574651e+00
6.310898296090000076e+04	1.050578493391361334e+00
6.310917896089999704e+04	1.066267145893519341e+00
6.310937396089999675e+04	1.055190048617278720e+00
6.310956896089999645e+04	1.061018430704137927e+00
6.310976496090000001e+04	1.091078730941816843e+00
6.310995996089999971e+04	1.087279045430305402e+00
6.311015496089999942e+04	1.070484623704839322e+00
6.311035096090000297e+04	1.058210109633144214e+00
6.311054596090000268e+04	1.045047555075775847e+00
6.311074096090000239e+04	1.044885937589636882e+00
6.311093696089999867e+04	1.062805086053073111e+00
6.311113196089999838e+04	1.072203552634237056e+00
6.311132696089999808e+04	1.075917264937814366e+00
6.311152296090000164e+04	1.074252439630507538e+00
6.311171796090000134e+04	1.082197374411322244e+00
6.311191296090000105e+04	1.100814054207948089e+00
6.311210796090000076e+04	1.074824292028097261e+00
6.311230396089999704e+04	1.040121660917579405e+00
6.311249896089999675e+04	1.047300126699814982e+00
6.311269396089999645e+04	1.062623074378798549e+00
6.311288996090000001e+04	1.047967139176645190e+00
6.311308496089999971e+04	1.051901224633162713e+00
6.311327996089999942e+04	1.085231279868612120e+00
6.311347596090000297e+04	1.068154036782129168e+00
6.311367096090000268e+04	1.054596329820823186e+00
6.311386596090000239e+04	1.068322653085102658e+00
6.311406196089999867e+04	1.090096146432799173e+00
6.311425696089999838e+04	1.071139904732609338e+00
6.311445196089999808e+04	1.058861712222556761e+00
6.311464796090000164e+04	1.043939011830135044e+00
6.311484296090000134e+04	1.046148970910003584e+00
6.311503796090000105e+04	1.087543015667172597e+00
6.311523296090000076e+04	1.039050463154396198e+00
6.311542896089999704e+04	1.087798873021373680e+00
6.311562396089999675e+04	1.093730957071057830e+00
6.311581896089999645e+04	1.068218009878235009e+00
6.311601496090000001e+04	1.064895370774587846e+00
6.311620996089999971e+04	1.081377015280825304e+00
6.311640496089999942e+04	1.063798923828089826e+00
6.311660096090000297e+04	1.071386775807745551e+00
6.311679596090000268e+04	1.077464110551382248e+00
6.311699096090000239e+04	1.056593991943532984e+00
6.311718696089999867e+04	1.054529351054824815e+00
6.311738196089999838e+04	1.046136741000847081e+00
6.311757696089999808e+04	1.071408068208972608e+00
6.311777296090000164e+04	1.083636183736160774e+00
6.311796796090000134e+04	1.057164172945181946e+00
6.311816296090000105e+04	1.083215871313932155e+00
6.311835796090000076e+04	1.059693062450250522e+00
6.311855396089999704e+04	1.073449955904635544e+00
6.311874896089999675e+04	1.059109671008124920e+00
6.311894396089999645e+04	1.053208686947954220e+00
6.311913996090000001e+04	1.047376472447190565e+00
6.311933496089999971e+04	1.021904405063853716e+00
6.311952996089999942e+04	1.015723409362596641e+00
6.311972596090000297e+04	1.058974516328081705e+00
6.311992096090000268e+04	1.069233003398313286e+00
6.312011596090000239e+04	1.031615152657792578e+00
6.312031196089999867e+04	1.071895781152489846e+00
6.312050696089999838e+04	1.073278321916543376e+00
6.312070196089999808e+04	1.050782781338998717e+00
6.312089796090000164e+04	1.058658453941085043e+00
6.312109296090000134e+04	1.038690357237051387e+00
6.312128796090000105e+04	1.076192441554466583e+00
6.312148296090000076e+04	1.022590578381992188e+00
