# time(sec)	crack length FEA(mm)
5.953808496089999971e+04	1.031934633040592075e+00
5.953827996089999942e+04	9.749051689514409702e-01
5.953847596090000297e+04	1.024444205810507214e+00
5.953867096090000268e+04	9.922541265511402031e-01
5.953886596090000239e+04	1.048160443521348739e+00
5.953906196089999867e+04	1.009858489757354150e+00
5.953925696089999838e+04	1.017754765555276109e+00
5.953945196089999808e+04	1.003052857292159317e+00
5.953964796090000164e+04	1.018576355233381747e+00
5.953984296090000134e+04	1.008573148348890669e+00
5.954003796090000105e+04	1.023661466032013578e+00
5.954023296090000076e+04	1.048691258099356816e+00
5.954042896089999704e+04	1.016893351686555036e+00
5.954062396089999675e+04	9.738657416009353085e-01
5.954081896089999645e+04	9.827395075873113228e-01
5.954101496090000001e+04	9.984749822137555242e-01
5.954120996089999971e+04	1.011882208937732841e+00
5.954140496089999942e+04	9.696200319926653322e-01
5.954160096090000297e+04	1.043455880869395003e+00
5.954179596090000268e+04	1.029231895079567138e+00
5.954199096090000239e+04	9.924090963822891354e-01
5.954218696089999867e+04	9.785391737397937106e-01
5.954238196089999838e+04	1.007300862611179681e+00
5.954257696089999808e+04	1.013078845151129670e+00
5.954277296090000164e+04	1.010424801957965357e+00
5.954296796090000134e+04	9.875141037698380586e-01
5.954316296090000105e+04	9.920014447746723363e-01
5.954335796090000076e+04	1.019599585798323105e+00
5.954355396089999704e+04	9.932122968068295421e-01
5.954374896089999675e+04	1.028259956973524680e+00
5.954394396089999645e+04	1.021994998210853822e+00
5.954413996090000001e+04	9.947726558385472373e-01
5.954433496089999971e+04	1.018177195969443005e+00
5.954452996089999942e+04	1.015142965151520471e+00
5.954472596090000297e+04	9.931042594274135382e-01
5.954492096090000268e+04	1.000434372799947624e+00
5.954511596090000239e+04	9.847828644680962640e-01
5.954531196089999867e+04	9.953585849380868211e-01
5.954550696089999838e+04	9.745063313892661228e-01
5.954570196089999808e+04	9.904358264116055466e-01
5.954589796090000164e+04	9.803523339673620995e-01
5.954609296090000134e+04	9.633988583553225737e-01
5.954628796090000105e+04	9.873694356893576440e-01
5.954648296090000076e+04	9.896538982137226270e-01
5.954667896089999704e+04	9.923112116001124861e-01
5.954687396089999675e+04	9.542229243232913660e-01
5.954706896089999645e+04	9.183723089770232662e-01
5.954726496090000001e+04	1.024826910053038276e+00
5.954745996089999971e+04	9.983190888418604914e-01
5.954765496089999942e+04	9.946187518654703297e-01
5.954785096090000297e+04	9.832279847235607662e-01
5.954804596090000268e+04	9.915284691460293232e-01
5.954824096090000239e+04	9.440956589871731808e-01
5.954843696089999867e+04	9.789347904213023810e-01
5.954863196089999838e+04	9.954616222330425757e-01
5.954882696089999808e+04	9.888669531777587451e-01
5.954902296090000164e+04	9.984219383169765649e-01
5.954921796090000134e+04	9.644856358242730465e-01
5.954941296090000105e+04	9.865364387766977217e-01
5.954960796090000076e+04	9.350706581765599879e-01
5.954980396089999704e+04	1.013753025585451439e+00
5.954999896089999675e+04	1.031316034725843878e+00
5.955019396089999645e+04	1.008538500655884462e+00
5.955038996090000001e+04	9.658213806579318828e-01
5.955058496089999971e+04	9.709299020072119646e-01
5.955077996089999942e+04	9.892542556113177454e-01
5.955097596090000297e+04	9.839885772891427962e-01
5.955117096090000268e+04	9.858054408262297841e-01
5.955136596090000239e+04	1.021333380501427968e+00
5.955156196089999867e+04	1.000386497172256028e+00
5.955175696089999838e+04	9.888292120898256599e-01
5.955195196089999808e+04	1.006680488281022079e+00
5.955214796090000164e+04	1.015351755252762445e+00
5.955234296090000134e+04	9.705534323534603658e-01
5.955253796090000105e+04	9.826191604251377498e-01
5.955273296090000076e+04	9.924050689304646511e-01
5.955292896089999704e+04	9.964286804553150745e-01
5.955312396089999675e+04	9.589541985863458962e-01
5.955331896089999645e+04	9.880534487876957428e-01
5.955351496090000001e+04	1.000506667441760200e+00
5.955370996089999971e+04	9.933283882928982678e-01
5.955390496089999942e+04	9.660907294570328929e-01
5.955410096090000297e+04	9.968587536190476328e-01
5.955429596090000268e+04	1.022289248676791829e+00
5.955449096090000239e+04	9.824826085816553700e-01
5.955468696089999867e+04	9.843556395105643730e-01
5.955488196089999838e+04	9.755855081140545337e-01
5.955507696089999808e+04	1.026834061410838217e+00
5.955527296090000164e+04	9.581029397653413326e-01
5.955546796090000134e+04	9.942497459842076779e-01
5.955566296090000105e+04	9.755997893342360783e-01
5.955585796090000076e+04	1.000303961815660614e+00
5.955605396089999704e+04	9.799535871569204915e-01
5.955624896089999675e+04	1.029823186142476033e+00
5.955644396089999645e+04	9.709237677725788274e-01
5.955663996090000001e+04	1.009920694642660877e+00
5.955683496089999971e+04	1.003630532366191375e+00
5.955702996089999942e+04	9.789766644349224833e-01
5.955722596090000297e+04	9.781862143652766406e-01
5.955742096090000268e+04	9.870370110468495994e-01
5.955761596090000239e+04	9.765207786221257180e-01
5.955781196089999867e+04	9.772510089269239586e-01
5.955800696089999838e+04	9.631417517474076817e-01
5.955820196089999808e+04	9.782606788015435484e-01
5.955839796090000164e+04	1.011401490548207605e+00
5.955859296090000134e+04	1.014886414111504820e+00
5.955878796090000105e+04	1.018202646507283760e+00
5.955898296090000076e+04	9.807143713956953945e-01
5.955917896089999704e+04	1.008178896632864863e+00
5.955937396089999675e+04	9.760189349713002116e-01
5.955956896089999645e+04	1.001264785250985057e+00
5.955976496090000001e+04	9.830280229916112944e-01
5.955995996089999971e+04	1.031091125640557493e+00
5.956015496089999942e+04	9.791438969512604729e-01
5.956035096090000297e+04	1.005420440065538656e+00
5.956054596090000268e+04	1.030717700200064257e+00
5.956074096090000239e+04	1.022444985717232413e+00
5.956093696089999867e+04	1.020592165003876062e+00
5.956113196089999838e+04	1.037842020229973627e+00
5.956132696089999808e+04	1.031360789020832058e+00
5.956152296090000164e+04	9.558959615258721954e-01
5.956171796090000134e+04	9.805165785798060085e-01
5.956191296090000105e+04	1.044377403206958377e+00
5.956210796090000076e+04	9.823061148264482512e-01
5.956230396089999704e+04	9.953820463153117970e-01
5.956249896089999675e+04	1.025427490656120710e+00
5.956269396089999645e+04	9.668764077717657557e-01
5.956288996090000001e+04	9.912155401067614946e-01
5.956308496089999971e+04	1.011288461271115935e+00
5.956327996089999942e+04	9.821522182167150561e-01
5.956347596090000297e+04	1.002386513938047230e+00
5.956367096090000268e+04	9.961371752150469661e-01
5.956386596090000239e+04	1.015018669884376834e+00
5.956406196089999867e+04	9.677824826904650735e-01
5.956425696089999838e+04	9.587960310402650066e-01
5.956445196089999808e+04	9.820665542225839317e-01
5.956464796090000164e+04	1.021697770952957995e+00
5.956484296090000134e+04	1.048234690141745418e+00
5.956503796090000105e+04	9.692762307285978096e-01
5.956523296090000076e+04	9.847971402011026498e-01
5.956542896089999704e+04	1.000324354989663433e+00
5.956562396089999675e+04	9.983546266679717007e-01
5.956581896089999645e+04	9.816902596715681995e-01
5.956601496090000001e+04	1.017616227742600188e+00
5.956620996089999971e+04	1.020823294485509791e+00
5.956640496089999942e+04	9.732975992074521798e-01
5.956660096090000297e+04	9.964450501637180935e-01
5.956679596090000268e+04	9.674549569528085868e-01
5.956699096090000239e+04	9.881594949000813699e-01
5.956718696089999867e+04	9.815852359974659436e-01
5.956738196089999838e+04	1.018149821305684100e+00
5.956757696089999808e+04	9.916253064579105825e-01
5.956777296090000164e+04	9.892044311640795229e-01
5.956796796090000134e+04	1.004049187108208230e+00
5.956816296090000105e+04	9.854995307779024216e-01
5.956835796090000076e+04	9.780832778513328662e-01
5.956855396089999704e+04	9.838632440885941577e-01
5.956874896089999675e+04	1.011378044890726358e+00
5.956894396089999645e+04	1.026582706794831878e+00
5.956913996090000001e+04	9.479794188862538107e-01
5.956933496089999971e+04	9.761678770968096330e-01
5.956952996089999942e+04	1.022595650062418926e+00
5.956972596090000297e+04	9.731425055576892191e-01
5.956992096090000268e+04	9.776151958476582138e-01
5.957011596090000239e+04	1.020467985546464007e+00
5.957031196089999867e+04	9.880187713442438735e-01
5.957050696089999838e+04	9.817707570713896104e-01
5.957070196089999808e+04	1.006193627527336432e+00
5.957089796090000164e+04	1.041695296777637836e+00
5.957109296090000134e+04	1.034957728381996844e+00
5.957128796090000105e+04	1.021160321509329449e+00
5.957148296090000076e+04	1.014103273486581358e+00
5.957167896089999704e+04	1.029922927912840791e+00
5.957187396089999675e+04	1.026060492725093809e+00
5.957206896089999645e+04	1.023944503920976246e+00
5.957226496090000001e+04	1.047711028159401536e+00
5.957245996089999971e+04	1.078650306384030699e+00
5.957265496089999942e+04	1.013140866696851106e+00
5.957285096090000297e+04	1.011244631662966853e+00
5.957304596090000268e+04	1.038802295620930849e+00
5.957324096090000239e+04	1.008256417568414776e+00
5.957343696089999867e+04	1.001434925219339078e+00
5.957363196089999838e+04	1.057181461528111655e+00
5.957382696089999808e+04	1.088073999449953533e+00
5.957402296090000164e+04	1.006837377133143363e+00
5.957421796090000134e+04	1.006455434542887772e+00
5.957441296090000105e+04	1.019367395016084643e+00
5.957460796090000076e+04	1.020313285023195959e+00
5.957480396089999704e+04	1.028178566944234262e+00
5.957499896089999675e+04	9.948236943094279638e-01
5.957519396089999645e+04	1.047755664349818261e+00
5.957538996090000001e+04	1.018476566042904707e+00
5.957558496089999971e+04	1.003944349088101262e+00
5.957577996089999942e+04	1.016012576575882065e+00
5.957597596090000297e+04	1.038983440698284966e+00
5.957617096090000268e+04	9.981763242839143402e-01
5.957636596090000239e+04	1.029580954393129133e+00
5.957656196089999867e+04	1.010442124443075684e+00
5.957675696089999838e+04	9.802810295553872066e-01
5.957695196089999808e+04	9.923377403418349729e-01
5.957714796090000164e+04	1.032385482073268079e+00
5.957734296090000134e+04	1.028090007982655152e+00
5.957753796090000105e+04	1.002397716081237178e+00
5.957773296090000076e+04	1.014400682757122141e+00
5.957792896089999704e+04	1.038227568147755520e+00
5.957812396089999675e+04	1.010389194588013240e+00
5.957831896089999645e+04	1.017675351301365438e+00
5.957851496090000001e+04	1.059205274146295395e+00
5.957870996089999971e+04	1.049872773798695036e+00
5.957890496089999942e+04	1.014805853192534357e+00
5.957910096090000297e+04	1.013454558535844541e+00
5.957929596090000268e+04	1.010410541518877992e+00
5.957949096090000239e+04	1.008721800380778078e+00
5.957968696089999867e+04	1.036222336307147884e+00
5.957988196089999838e+04	1.043609470398894956e+00
5.958007696089999808e+04	1.060603742681587747e+00
5.958027296090000164e+04	1.025107923152354772e+00
5.958046796090000134e+04	1.039802290160128706e+00
5.958066296090000105e+04	1.040043282224807797e+00
5.958085796090000076e+04	1.026128775508734492e+00
5.958105396089999704e+04	1.007897771762431560e+00
5.958124896089999675e+04	1.036942704616979682e+00
5.958144396089999645e+04	1.075363586682476225e+00
5.958163996090000001e+04	1.027821356723514157e+00
5.958183496089999971e+04	1.002778848371907117e+00
5.958202996089999942e+04	1.028130746894245107e+00
5.958222596090000297e+04	1.022501036812201392e+00
5.958242096090000268e+04	1.035529475803404154e+00
5.958261596090000239e+04	1.026189801441999450e+00
5.958281196089999867e+04	1.019649434372434271e+00
5.958300696089999838e+04	1.017639667277494553e+00
5.958320196089999808e+04	1.014838479960101125e+00
5.958339796090000164e+04	1.032184008325732094e+00
5.958359296090000134e+04	1.045826623350777140e+00
5.958378796090000105e+04	1.024274229648746370e+00
5.958398296090000076e+04	1.028589710513902133e+00
5.958417896089999704e+04	1.012947453417961441e+00
5.958437396089999675e+04	1.015779388769724179e+00
5.958456896089999645e+04	1.014144998481095072e+00
5.958476496090000001e+04	1.018896097630921815e+00
5.958495996089999971e+04	1.043698932786066180e+00
5.958515496089999942e+04	1.004886649607055205e+00
5.958535096090000297e+04	1.047308250458014456e+00
5.958554596090000268e+04	1.021232553459457293e+00
5.958574096090000239e+04	1.018616060895213948e+00
5.958593696089999867e+04	1.021978733443374310e+00
5.958613196089999838e+04	1.032980715615234857e+00
5.958632696089999808e+04	1.076008700006765295e+00
5.958652296090000164e+04	1.038180816862372069e+00
5.958671796090000134e+04	1.031195931964656864e+00
5.958691296090000105e+04	1.027371470556799338e+00
5.958710796090000076e+04	1.002909245854418430e+00
5.958730396089999704e+04	1.035245701319674083e+00
5.958749896089999675e+04	1.072780515271389845e+00
5.958769396089999645e+04	1.058087086321544135e+00
5.958788996090000001e+04	1.021796497333999909e+00
5.958808496089999971e+04	1.038675152451173034e+00
5.958827996089999942e+04	1.072440203247779777e+00
5.958847596090000297e+04	1.028257946267228107e+00
5.958867096090000268e+04	1.051820875935501221e+00
5.958886596090000239e+04	1.052022271181467516e+00
5.958906196089999867e+04	1.077861144216697653e+00
5.958925696089999838e+04	1.036273198886281222e+00
5.958945196089999808e+04	1.006247616708819237e+00
5.958964796090000164e+04	1.028915350776866688e+00
5.958984296090000134e+04	1.029825109300620767e+00
5.959003796090000105e+04	1.036425873365093508e+00
5.959023296090000076e+04	1.060099559624864796e+00
5.959042896089999704e+04	1.049368363637201540e+00
5.959062396089999675e+04	1.017098977822371353e+00
5.959081896089999645e+04	1.045501126515000934e+00
5.959101496090000001e+04	1.060506224470799452e+00
5.959120996089999971e+04	1.087366338191632309e+00
5.959140496089999942e+04	1.040015932631479956e+00
5.959160096090000297e+04	1.043826136539898641e+00
5.959179596090000268e+04	1.045255996334891080e+00
5.959199096090000239e+04	1.010390244437520124e+00
5.959218696089999867e+04	1.080557500166779761e+00
5.959238196089999838e+04	1.044912320627060964e+00
5.959257696089999808e+04	1.070487678059631520e+00
5.959277296090000164e+04	1.009577472138836640e+00
5.959296796090000134e+04	1.050080124767514889e+00
5.959316296090000105e+04	1.028850223079739834e+00
5.959335796090000076e+04	1.011605151858553597e+00
5.959355396089999704e+04	1.044524871431926627e+00
5.959374896089999675e+04	1.050415777967440789e+00
5.959394396089999645e+04	1.043441640151865357e+00
5.959413996090000001e+04	1.025156711026092182e+00
5.959433496089999971e+04	1.055794929727476017e+00
5.959452996089999942e+04	1.058441922592646023e+00
5.959472596090000297e+04	1.031109482077530615e+00
5.959492096090000268e+04	1.024970389774395585e+00
5.959511596090000239e+04	1.054367623193169123e+00
5.959531196089999867e+04	1.063801018830979217e+00
5.959550696089999838e+04	1.035881501793099346e+00
5.959570196089999808e+04	1.011397466295198555e+00
5.959589796090000164e+04	1.036960969162146640e+00
5.959609296090000134e+04	1.086786676862525169e+00
5.959628796090000105e+04	1.056733264060145672e+00
5.959648296090000076e+04	1.022473492218793467e+00
5.959667896089999704e+04	1.000639177876180952e+00
5.959687396089999675e+04	1.017071514459628290e+00
5.959706896089999645e+04	1.053405965962534552e+00
5.959726496090000001e+04	1.038616080892227345e+00
5.959745996089999971e+04	1.064075375325534978e+00
5.959765496089999942e+04	1.039415719122807502e+00
5.959785096090000297e+04	1.077106504135635134e+00
5.959804596090000268e+04	1.056883624641432817e+00
5.959824096090000239e+04	1.009627254143421027e+00
5.959843696089999867e+04	1.046722459248208281e+00
5.959863196089999838e+04	1.026541003529482410e+00
5.959882696089999808e+04	1.064718525091411294e+00
5.959902296090000164e+04	1.023056818706987059e+00
5.959921796090000134e+04	1.024532778299908742e+00
5.959941296090000105e+04	1.039314007257186034e+00
5.959960796090000076e+04	1.013875140571695255e+00
5.959980396089999704e+04	1.017815725436657104e+00
5.959999896089999675e+04	1.025170962662144802e+00
5.960019396089999645e+04	1.049469071834813860e+00
5.960038996090000001e+04	9.919882239983905947e-01
5.960058496089999971e+04	9.925049670462549045e-01
5.960077996089999942e+04	1.037631329466643493e+00
5.960097596090000297e+04	9.928535127696491713e-01
5.960117096090000268e+04	1.009520340817699591e+00
5.960136596090000239e+04	1.042293356023680673e+00
5.960156196089999867e+04	1.030799081570041409e+00
5.960175696089999838e+04	9.889648520563643075e-01
5.960195196089999808e+04	1.013721447038273382e+00
5.960214796090000164e+04	1.011440245819635209e+00
5.960234296090000134e+04	1.019936542642767563e+00
5.960253796090000105e+04	1.031882799715154064e+00
5.960273296090000076e+04	1.025807119049924054e+00
5.960292896089999704e+04	9.910799129027321186e-01
5.960312396089999675e+04	9.800516101103884381e-01
5.960331896089999645e+04	1.003405362391244893e+00
5.960351496090000001e+04	1.026023946929656816e+00
5.960370996089999971e+04	1.054077959911342788e+00
5.960390496089999942e+04	9.959028304375188156e-01
5.960410096090000297e+04	1.023718476096037833e+00
5.960429596090000268e+04	1.008793107531065658e+00
5.960449096090000239e+04	9.614057497186792034e-01
5.960468696089999867e+04	1.000489337753354135e+00
5.960488196089999838e+04	1.021641805418360249e+00
5.960507696089999808e+04	9.934487691406630461e-01
5.960527296090000164e+04	9.825671324252809313e-01
5.960546796090000134e+04	9.801810803844404063e-01
5.960566296090000105e+04	1.015724371509762136e+00
5.960585796090000076e+04	1.002218481160177532e+00
5.960605396089999704e+04	9.744563009887947658e-01
5.960624896089999675e+04	1.018739287958343454e+00
5.960644396089999645e+04	9.987551675772401438e-01
5.960663996090000001e+04	9.724825138887993603e-01
5.960683496089999971e+04	9.395983682873776388e-01
5.960702996089999942e+04	1.047001118060688185e+00
5.960722596090000297e+04	9.771775926581600658e-01
5.960742096090000268e+04	9.987542047465645112e-01
5.960761596090000239e+04	9.709278864731469838e-01
5.960781196089999867e+04	9.837122478024902250e-01
5.960800696089999838e+04	9.605719366188623098e-01
5.960820196089999808e+04	9.863478019325633284e-01
5.960839796090000164e+04	9.925212518879771295e-01
5.960859296090000134e+04	1.023599384365727616e+00
5.960878796090000105e+04	9.654213399497368897e-01
5.960898296090000076e+04	9.782546340500619664e-01
5.960917896089999704e+04	9.968954315951794598e-01
5.960937396089999675e+04	9.540340327613012761e-01
5.960956896089999645e+04	9.920656223464234813e-01
5.960976496090000001e+04	9.906803816854665712e-01
5.960995996089999971e+04	9.577018056757218289e-01
5.961015496089999942e+04	1.000027908298001478e+00
5.961035096090000297e+04	9.474381180458379959e-01
5.961054596090000268e+04	1.012227497869602644e+00
5.961074096090000239e+04	9.926751693604192184e-01
5.961093696089999867e+04	9.638743186073757130e-01
5.961113196089999838e+04	1.014313034880485631e+00
5.961132696089999808e+04	9.895000488612222256e-01
5.961152296090000164e+04	9.561226311509418707e-01
5.961171796090000134e+04	1.004807192565257523e+00
5.961191296090000105e+04	1.006242541555945280e+00
5.961210796090000076e+04	1.024985778163749472e+00
5.961230396089999704e+04	1.001109960328205872e+00
5.961249896089999675e+04	9.909005931205161488e-01
5.961269396089999645e+04	9.913796226037909776e-01
5.961288996090000001e+04	9.584724155849659866e-01
5.961308496089999971e+04	9.745256951414216218e-01
5.961327996089999942e+04	9.994358791616306803e-01
5.961347596090000297e+04	1.015245829711023617e+00
5.961367096090000268e+04	9.772999821838723733e-01
5.961386596090000239e+04	9.534663844899142759e-01
5.961406196089999867e+04	1.025979095195147295e+00
5.961425696089999838e+04	9.859451264785068503e-01
5.961445196089999808e+04	9.367941758706983535e-01
5.961464796090000164e+04	9.896437408595470941e-01
5.961484296090000134e+04	9.878261179652305657e-01
5.961503796090000105e+04	9.713440468424430208e-01
5.961523296090000076e+04	9.812691110808557937e-01
5.961542896089999704e+04	9.961219433120014344e-01
5.961562396089999675e+04	1.020867106518652534e+00
5.961581896089999645e+04	9.840018900713154437e-01
5.961601496090000001e+04	9.605361673077261742e-01
5.961620996089999971e+04	1.007256063199100993e+00
5.961640496089999942e+04	9.345516215676603622e-01
5.961660096090000297e+04	9.372007496802137183e-01
5.961679596090000268e+04	9.873204830354538331e-01
5.961699096090000239e+04	9.651243728948237788e-01
5.961718696089999867e+04	9.529590588472167667e-01
5.961738196089999838e+04	9.489647988980145499e-01
5.961757696089999808e+04	9.583193301866721470e-01
5.961777296090000164e+04	9.663468402797406043e-01
5.961796796090000134e+04	9.560236333462679426e-01
5.961816296090000105e+04	9.804992344019645145e-01
5.961835796090000076e+04	9.536531758422626126e-01
5.961855396089999704e+04	9.685782718143993719e-01
5.961874896089999675e+04	9.900891718126292318e-01
5.961894396089999645e+04	1.019712575750244099e+00
5.961913996090000001e+04	1.039306841971946227e+00
5.961933496089999971e+04	9.845697784348157455e-01
5.961952996089999942e+04	9.752570376985492118e-01
5.961972596090000297e+04	9.841629566318879085e-01
5.961992096090000268e+04	9.772735243723467136e-01
5.962011596090000239e+04	9.446727405950738898e-01
5.962031196089999867e+04	1.015392428436696193e+00
5.962050696089999838e+04	9.911767520307446233e-01
5.962070196089999808e+04	9.902838208710207368e-01
5.962089796090000164e+04	9.705769180636192317e-01
5.962109296090000134e+04	1.002054385510465551e+00
5.962128796090000105e+04	9.660152630146470187e-01
5.962148296090000076e+04	9.546669977865569479e-01
5.962167896089999704e+04	9.983404465564955643e-01
5.962187396089999675e+04	9.892615234921375844e-01
5.962206896089999645e+04	9.846972098911983551e-01
5.962226496090000001e+04	9.500053071082774636e-01
5.962245996089999971e+04	9.824265511528285089e-01
5.962265496089999942e+04	9.751122955034237094e-01
5.962285096090000297e+04	9.710156058638794718e-01
5.962304596090000268e+04	9.658601221946341298e-01
5.962324096090000239e+04	9.442253237139155431e-01
5.962343696089999867e+04	9.454171886948330439e-01
5.962363196089999838e+04	9.765177998326119990e-01
5.962382696089999808e+04	9.776519033391117830e-01
5.962402296090000164e+04	1.005651716393280992e+00
5.962421796090000134e+04	9.485716692319794419e-01
5.962441296090000105e+04	9.734547071741097568e-01
5.962460796090000076e+04	9.838305750193026000e-01
5.962480396089999704e+04	9.946788953448724158e-01
5.962499896089999675e+04	9.762678430272160313e-01
5.962519396089999645e+04	1.002277555318293878e+00
5.962538996090000001e+04	9.744696190740871344e-01
5.962558496089999971e+04	9.893715046479911734e-01
5.962577996089999942e+04	9.831687759047937902e-01
5.962597596090000297e+04	9.889128378541123254e-01
5.962617096090000268e+04	9.861939313162171317e-01
5.962636596090000239e+04	9.807347812787803321e-01
5.962656196089999867e+04	9.842638525873343980e-01
5.962675696089999838e+04	9.965336389794625660e-01
5.962695196089999808e+04	9.929360738484600546e-01
5.962714796090000164e+04	1.006041809645267904e+00
5.962734296090000134e+04	9.830902977180464575e-01
5.962753796090000105e+04	9.530008029009984227e-01
5.962773296090000076e+04	9.712798136756557454e-01
5.962792896089999704e+04	9.602514136321342875e-01
5.962812396089999675e+04	1.014027870900719108e+00
5.962831896089999645e+04	9.673182309419061653e-01
5.962851496090000001e+04	9.694924326093143918e-01
5.962870996089999971e+04	1.003203643997412797e+00
5.962890496089999942e+04	9.568627780418896833e-01
5.962910096090000297e+04	9.534643674861449369e-01
5.962929596090000268e+04	9.724927661555291536e-01
5.962949096090000239e+04	9.894714154348278612e-01
5.962968696089999867e+04	1.003215808408661758e+00
5.962988196089999838e+04	9.708595334783947095e-01
5.963007696089999808e+04	9.276131463293513235e-01
5.963027296090000164e+04	9.612568034238773151e-01
5.963046796090000134e+04	9.651264765704965498e-01
5.963066296090000105e+04	9.646091420972542352e-01
5.963085796090000076e+04	9.448891645498829206e-01
5.963105396089999704e+04	9.512927452356407798e-01
5.963124896089999675e+04	9.701178033073354356e-01
5.963144396089999645e+04	9.807541399930066461e-01
5.963163996090000001e+04	9.568229697515473475e-01
5.963183496089999971e+04	9.901880288648001738e-01
5.963202996089999942e+04	9.745165827894162192e-01
5.963222596090000297e+04	9.557571527241783826e-01
5.963242096090000268e+04	9.626987119299723616e-01
5.963261596090000239e+04	1.000037010937868232e+00
5.963281196089999867e+04	9.743217178164407244e-01
5.963300696089999838e+04	9.939909569680303036e-01
5.963320196089999808e+04	9.967160678783706373e-01
5.963339796090000164e+04	9.712298641635648266e-01
5.963359296090000134e+04	9.434297783385972025e-01
5.963378796090000105e+04	9.658601221946341298e-01
5.963398296090000076e+04	9.833870420083101749e-01
5.963417896089999704e+04	9.905428251241019666e-01
5.963437396089999675e+04	9.777997840232544036e-01
5.963456896089999645e+04	1.004879473981972637e+00
5.963476496090000001e+04	9.354895478144165111e-01
5.963495996089999971e+04	9.586439121549243936e-01
5.963515496089999942e+04	1.008877713407565935e+00
5.963535096090000297e+04	9.940153827086657401e-01
5.963554596090000268e+04	9.662386815599788292e-01
5.963574096090000239e+04	9.870187082914316790e-01
5.963593696089999867e+04	9.547036527719825472e-01
5.963613196089999838e+04	9.549762834284720725e-01
5.963632696089999808e+04	9.572241185518208795e-01
5.963652296090000164e+04	9.728324904940954809e-01
5.963671796090000134e+04	9.789786792914707547e-01
5.963691296090000105e+04	9.642479129443692898e-01
5.963710796090000076e+04	9.513662408776308865e-01
5.963730396089999704e+04	9.657356582114680066e-01
5.963749896089999675e+04	9.955441743078736749e-01
5.963769396089999645e+04	9.584673302896167257e-01
5.963788996090000001e+04	9.599718292216152804e-01
