# time(sec)	crack length FEA(mm)
8.726562509000000318e+02	5.705300937419899299e-02
8.728515609000000950e+02	5.473833059907917686e-02
8.730468709000000445e+02	5.238519096227634009e-02
8.732421909000000824e+02	3.932322427380441354e-02
8.734375009000000318e+02	5.229847205784565745e-02
8.736328109000000950e+02	5.683595203291247344e-02
8.738281209000000445e+02	3.431417871720121582e-02
8.740234409000000824e+02	4.052685824233748235e-02
8.742187509000000318e+02	3.673022410686144212e-02
8.744140609000000950e+02	4.327720107164978458e-02
8.746093709000000445e+02	3.780682635899701438e-02
8.748046909000000824e+02	4.588318147074055275e-02
8.750000009000000318e+02	3.966757802137443889e-02
8.751953109000000950e+02	4.830553861585684672e-02
8.753906209000000445e+02	7.726832379255377248e-02
8.755859409000000824e+02	3.435656946355081232e-02
8.757812509000000318e+02	4.880452875537244495e-02
8.759765609000000950e+02	4.244438505025271979e-02
8.761718709000000445e+02	8.990048839194031416e-02
8.763671909000000824e+02	6.216975624781184706e-02
8.765625009000000318e+02	4.721773045073263120e-02
8.767578109000000950e+02	4.146875186561871374e-02
8.769531209000000445e+02	6.005458124127294184e-02
8.771484409000000824e+02	4.288416730648947350e-02
8.773437509000000318e+02	6.323257067373688756e-02
8.775390609000000950e+02	3.859517572016635256e-02
8.777343709000000445e+02	7.176310811041730631e-02
8.779296909000000824e+02	5.698936144496968836e-02
8.781250009000000318e+02	4.298892705983270446e-02
8.783203109000000950e+02	7.000009308184473866e-02
8.785156209000000445e+02	4.088708957428899282e-02
8.787109409000000824e+02	5.120342084229889679e-02
8.789062509000000318e+02	7.024349025036791261e-02
8.791015609000000950e+02	4.672518532723479723e-02
8.792968709000000445e+02	6.350038295925486409e-02
8.794921909000000824e+02	3.767237569615744519e-02
8.796875009000000318e+02	5.784499315763724780e-02
8.798828109000000950e+02	4.062539150387856068e-02
8.800781209000000445e+02	4.059573190862764136e-02
8.802734409000000824e+02	5.392494682923754112e-02
8.804687509000000318e+02	4.821456948943314558e-02
8.806640609000000950e+02	4.038900497448949523e-02
8.808593709000000445e+02	3.596630826128155434e-02
8.810546909000000824e+02	7.046983816460006267e-02
8.812500009000000318e+02	5.430722617274774677e-02
8.814453109000000950e+02	9.487723633430888981e-02
8.816406209000000445e+02	3.280713717243344263e-02
8.818359409000000824e+02	4.090192603085363032e-02
8.820312509000000318e+02	6.575711146736828994e-02
8.822265609000000950e+02	3.207042198181575543e-02
8.824218709000000445e+02	5.388471019984741872e-02
8.826171909000000824e+02	5.756535299253862092e-02
8.828125009000000318e+02	5.568591916648912843e-02
8.830078109000000950e+02	5.633499968043409467e-02
8.832031209000000445e+02	4.178976496236330718e-02
8.833984409000000824e+02	5.830238384734620638e-02
8.835937509000000318e+02	4.219965651426349496e-02
8.837890609000000950e+02	3.849569501890215406e-02
8.839843709000000445e+02	6.813310383828508066e-02
8.841796909000000824e+02	4.908932406752697375e-02
8.843750009000000318e+02	5.347806958515732845e-02
8.845703109000000950e+02	5.470126614183357106e-02
8.847656209000000445e+02	3.832404229238584037e-02
8.849609409000000824e+02	4.947696712802951424e-02
8.851562509000000318e+02	3.605638102552788382e-02
8.853515609000000950e+02	4.618507491509937779e-02
8.855468709000000445e+02	7.850071122837576354e-02
8.857421909000000824e+02	4.779194782620344029e-02
8.859375009000000318e+02	4.096231565227270721e-02
8.861328109000000950e+02	4.570086660912231480e-02
8.863281209000000445e+02	6.030007624810806988e-02
8.865234409000000824e+02	4.124202087490758117e-02
8.867187509000000318e+02	5.893539910023015693e-02
8.869140609000000950e+02	4.514590668929585604e-02
8.871093709000000445e+02	5.019822997427070277e-02
8.873046909000000824e+02	5.609793400347662384e-02
8.875000009000000318e+02	3.799544245595853909e-02
8.876953109000000950e+02	4.574971397584448596e-02
8.878906209000000445e+02	3.589731202273327426e-02
8.880859409000000824e+02	6.354061152333656537e-02
8.882812509000000318e+02	3.272858863464023216e-02
8.884765609000000950e+02	3.995459889103969431e-02
8.886718709000000445e+02	3.592380299349784423e-02
8.888671909000000824e+02	5.191921998492077250e-02
8.890625009000000318e+02	7.290264795484802107e-02
8.892578109000000950e+02	6.204789914135844242e-02
8.894531209000000445e+02	5.343477016507947042e-02
8.896484409000000824e+02	5.203794846354625747e-02
8.898437509000000318e+02	4.351120768322935817e-02
8.900390609000000950e+02	8.437041092081720706e-02
8.902343709000000445e+02	3.853278237630419767e-02
8.904296909000000824e+02	4.698469922471204541e-02
8.906250009000000318e+02	3.408408821536923483e-02
8.908203109000000950e+02	7.115781536988308176e-02
8.910156209000000445e+02	5.312342749694565214e-02
8.912109409000000824e+02	6.068966774383355300e-02
8.914062509000000318e+02	6.433968217389107735e-02
8.916015609000000950e+02	5.513953360147816340e-02
8.917968709000000445e+02	4.440861127807949060e-02
8.919921909000000824e+02	8.285895388036301767e-02
8.921875009000000318e+02	5.564156752715199161e-02
8.923828109000000950e+02	4.449230141945648143e-02
8.925781209000000445e+02	6.292335325766629239e-02
8.927734409000000824e+02	4.930656432777347220e-02
8.929687509000000318e+02	6.651812266471779367e-02
8.931640609000000950e+02	4.564696408813873063e-02
8.933593709000000445e+02	3.826352277504874166e-02
8.935546909000000824e+02	7.856947580259010522e-02
8.937500009000000318e+02	5.786193329726785350e-02
8.939453109000000950e+02	6.630208708994445033e-02
8.941406209000000445e+02	4.763094814528656684e-02
8.943359409000000824e+02	7.496290339338784747e-02
8.945312509000000318e+02	4.455162415772484508e-02
8.947265609000000950e+02	3.227615549646145610e-02
8.949218709000000445e+02	5.289257215730636119e-02
8.951171909000000824e+02	5.752524111279022634e-02
8.953125009000000318e+02	5.310754119941663021e-02
8.955078109000000950e+02	1.132241740679074127e-01
8.957031209000000445e+02	6.942967090354912330e-02
8.958984409000000824e+02	8.183516314121774826e-02
8.960937509000000318e+02	6.614120553082791787e-02
8.962890609000000950e+02	7.340750315624688938e-02
8.964843709000000445e+02	9.513637360616122862e-02
8.966796909000000824e+02	8.859768739483087074e-02
8.968750009000000318e+02	4.704731239227299966e-02
8.970703109000000950e+02	5.955593072105358488e-02
8.972656209000000445e+02	5.146818870750990982e-02
8.974609409000000824e+02	5.125849120785552770e-02
8.976562509000000318e+02	5.745959235705022650e-02
8.978515609000000950e+02	5.154973306962951085e-02
8.980468709000000445e+02	6.991225044372129105e-02
8.982421909000000824e+02	6.357659822091399349e-02
8.984375009000000318e+02	5.374292344153985823e-02
8.986328109000000950e+02	4.173467301899158599e-02
8.988281209000000445e+02	4.340009094823393809e-02
8.990234409000000824e+02	6.426146865008774967e-02
8.992187509000000318e+02	4.420839534301634899e-02
8.994140609000000950e+02	7.176310811041730631e-02
8.996093709000000445e+02	3.920879178998504244e-02
8.998046909000000824e+02	9.726446438320479615e-02
9.000000009000000318e+02	1.092156477913519552e-01
9.001953109000000950e+02	6.749079441378746935e-02
9.003906209000000445e+02	4.028528835183209367e-02
9.005859409000000824e+02	7.631085138344673169e-02
9.007812509000000318e+02	4.782901515703308348e-02
9.009765609000000950e+02	4.112429911763726409e-02
9.011718709000000445e+02	6.414821215862609449e-02
9.013671909000000824e+02	7.963383485039621235e-02
9.015625009000000318e+02	5.266912219630270897e-02
9.017578109000000950e+02	7.126786885047664555e-02
9.019531209000000445e+02	6.210200537742949223e-02
9.021484409000000824e+02	1.148563436815219774e-01
9.023437509000000318e+02	4.366811387563629410e-02
9.025390609000000950e+02	7.030486869087582136e-02
9.027343709000000445e+02	6.991859654847587535e-02
9.029296909000000824e+02	7.689697186376953653e-02
9.031250009000000318e+02	9.167903208877703491e-02
9.033203109000000950e+02	7.569825170758726074e-02
9.035156209000000445e+02	1.412395633968799302e-01
9.037109409000000824e+02	7.348686152271000083e-02
9.039062509000000318e+02	6.919790118905133625e-02
9.041015609000000950e+02	1.094237950479843846e-01
9.042968709000000445e+02	1.049750427392623919e-01
9.044921909000000824e+02	9.295101204541111883e-02
9.046875009000000318e+02	5.949135128440019571e-02
9.048828109000000950e+02	8.423620527659103630e-02
9.050781209000000445e+02	1.111978008735690082e-01
9.052734409000000824e+02	1.386518838179906510e-01
9.054687509000000318e+02	8.358254970017142682e-02
9.056640609000000950e+02	1.015909323130959052e-01
9.058593709000000445e+02	4.492769042082045416e-02
9.060546909000000824e+02	5.718642344917590492e-02
9.062500009000000318e+02	9.090397634196278887e-02
9.064453109000000950e+02	1.096425143615498143e-01
9.066406209000000445e+02	5.319861710552764578e-02
9.068359409000000824e+02	3.577768337701137114e-02
9.070312509000000318e+02	1.095326285204389904e-01
9.072265609000000950e+02	8.439485354380060755e-02
9.074218709000000445e+02	8.792827522093382697e-02
9.076171909000000824e+02	8.803297764790229962e-02
9.078125009000000318e+02	7.122871797296070895e-02
9.080078109000000950e+02	5.429134334960217245e-02
9.082031209000000445e+02	8.768293227405798973e-02
9.083984409000000824e+02	1.086408354696395406e-01
9.085937509000000318e+02	1.015697870574214789e-01
9.087890609000000950e+02	6.974821567180455872e-02
9.089843709000000445e+02	8.550009417780657373e-02
9.091796909000000824e+02	6.986250969023721780e-02
9.093750009000000318e+02	7.686311896719821846e-02
9.095703109000000950e+02	8.753064548348277185e-02
9.097656209000000445e+02	6.515907374698137744e-02
9.099609409000000824e+02	5.330133624425847927e-02
9.101562509000000318e+02	4.215845361371250988e-02
9.103515609000000950e+02	9.338768176279188538e-02
9.105468709000000445e+02	6.982758829003898882e-02
9.107421909000000824e+02	4.706096440846607720e-02
9.109375009000000318e+02	4.817643184588327188e-02
9.111328109000000950e+02	7.169432495688354834e-02
9.113281209000000445e+02	6.476849477333779248e-02
9.115234409000000824e+02	7.136205068675138818e-02
9.117187509000000318e+02	4.758963694152384960e-02
9.119140609000000950e+02	7.220331766514043181e-02
9.121093709000000445e+02	4.945908042972035901e-02
9.123046909000000824e+02	6.792155278168010568e-02
9.125000009000000318e+02	1.173905016702612158e-01
9.126953109000000950e+02	6.055639294867454225e-02
9.128906209000000445e+02	4.245192274557041401e-02
9.130859409000000824e+02	5.628523577082944485e-02
9.132812509000000318e+02	4.537354369215584882e-02
9.134765609000000950e+02	6.262389770946619194e-02
9.136718709000000445e+02	3.871714797570469102e-02
9.138671909000000824e+02	6.934288716712977418e-02
9.140625009000000318e+02	5.430616555958778235e-02
9.142578109000000950e+02	3.296823142559190956e-02
9.144531209000000445e+02	4.746253023034618934e-02
9.146484409000000824e+02	5.569345017829085975e-02
9.148437509000000318e+02	6.653082385533082288e-02
9.150390609000000950e+02	6.651494600230023480e-02
9.152343709000000445e+02	4.890291254036505109e-02
9.154296909000000824e+02	4.359501798862197575e-02
9.156250009000000318e+02	3.717964426841646741e-02
9.158203109000000950e+02	5.255792772659084733e-02
9.160156209000000445e+02	6.607041206236985431e-02
9.162109409000000824e+02	6.692031907779494304e-02
9.164062509000000318e+02	6.413233280480312715e-02
9.166015609000000950e+02	7.173030274185698829e-02
9.167968709000000445e+02	4.134796853090527691e-02
9.169921909000000824e+02	5.323356154469394141e-02
9.171875009000000318e+02	6.459066690894843532e-02
9.173828109000000950e+02	6.860947520765492413e-02
9.175781209000000445e+02	8.333716440668581527e-02
9.177734409000000824e+02	3.256325311686403268e-02
9.179687509000000318e+02	5.652465225479730293e-02
9.181640609000000950e+02	5.583427891673764520e-02
9.183593709000000445e+02	1.059293195108814700e-01
9.185546909000000824e+02	6.998739000317399928e-02
9.187500009000000318e+02	4.073876002316900724e-02
9.189453109000000950e+02	7.994378253437695037e-02
9.191406209000000445e+02	5.433063949499583600e-02
9.193359409000000824e+02	6.191145519207097436e-02
9.195312509000000318e+02	7.711280232188144623e-02
9.197265609000000950e+02	9.513637360616122862e-02
9.199218709000000445e+02	5.510576587863091902e-02
9.201171909000000824e+02	4.653251423818893784e-02
9.203125009000000318e+02	7.281176661604860101e-02
9.205078109000000950e+02	8.927024284755447070e-02
9.207031209000000445e+02	5.925525492828143115e-02
9.208984409000000824e+02	8.148609470490164597e-02
9.210937509000000318e+02	3.347694461911565611e-02
9.212890609000000950e+02	8.039866058852496167e-02
9.214843709000000445e+02	4.352721721228292040e-02
9.216796909000000824e+02	4.974610712323901396e-02
9.218750009000000318e+02	5.324626942844012945e-02
9.220703109000000950e+02	4.011259113407206200e-02
9.222656209000000445e+02	5.292433864545387223e-02
9.224609409000000824e+02	5.609370549505321435e-02
9.226562509000000318e+02	3.965686945968727173e-02
9.228515609000000950e+02	6.913757913295448532e-02
9.230468709000000445e+02	5.553037979300867732e-02
9.232421909000000824e+02	7.400956977742900733e-02
9.234375009000000318e+02	3.423881559626451576e-02
9.236328109000000950e+02	4.223897149548605512e-02
9.238281209000000445e+02	5.603863749869120170e-02
9.240234409000000824e+02	4.811488508307881773e-02
9.242187509000000318e+02	3.731421477257157449e-02
9.244140609000000950e+02	5.099266402831759137e-02
9.246093709000000445e+02	5.871953732453860653e-02
9.248046909000000824e+02	4.412988227040415268e-02
9.250000009000000318e+02	6.410375103383358919e-02
9.251953109000000950e+02	8.518915192082765486e-02
9.253906209000000445e+02	8.202133038996350933e-02
9.255859409000000824e+02	3.465000569893028626e-02
9.257812509000000318e+02	7.229537810998287739e-02
9.259765609000000950e+02	5.166622559795186476e-02
9.261718709000000445e+02	3.840868666699748246e-02
9.263671909000000824e+02	4.792316831835208291e-02
9.265625009000000318e+02	3.386789196798467572e-02
9.267578109000000950e+02	6.229149657330346201e-02
9.269531209000000445e+02	4.571687474920871352e-02
9.271484409000000824e+02	3.426542917989117143e-02
9.273437509000000318e+02	6.839146095231463107e-02
9.275390609000000950e+02	3.613150427629285844e-02
9.277343709000000445e+02	4.275903552857407419e-02
9.279296909000000824e+02	5.132826917043864512e-02
9.281250009000000318e+02	6.480130920447457754e-02
9.283203109000000950e+02	7.440106896721943031e-02
9.285156209000000445e+02	5.862848135251041981e-02
9.287109409000000824e+02	6.770564631137077072e-02
9.289062509000000318e+02	5.431687518329120223e-02
9.291015609000000950e+02	5.557591295849562130e-02
9.292968709000000445e+02	7.807871389069021006e-02
9.294921909000000824e+02	6.589788400989249340e-02
9.296875009000000318e+02	5.332981311837237115e-02
9.298828109000000950e+02	5.572509600741071267e-02
9.300781209000000445e+02	5.337546830885386839e-02
9.302734409000000824e+02	6.016786248868477571e-02
9.304687509000000318e+02	4.679415197526282100e-02
9.306640609000000950e+02	8.859451714897481622e-02
9.308593709000000445e+02	7.475128989479173924e-02
9.310546909000000824e+02	3.880391629281554344e-02
9.312500009000000318e+02	6.985710191911032041e-02
9.314453109000000950e+02	7.286361303360244790e-02
9.316406209000000445e+02	8.970591366308156012e-02
9.318359409000000824e+02	3.654795943501376598e-02
9.320312509000000318e+02	5.389435573349210529e-02
9.322265609000000950e+02	6.138849780025168457e-02
9.324218709000000445e+02	6.849294112835124793e-02
9.326171909000000824e+02	6.907302423674721581e-02
9.328125009000000318e+02	3.488208939275416753e-02
9.330078109000000950e+02	7.566333384985135524e-02
9.332031209000000445e+02	3.440944102076848310e-02
9.333984409000000824e+02	3.775066805435045580e-02
9.335937509000000318e+02	4.220401182691091435e-02
9.337890609000000950e+02	3.959435425183954749e-02
9.339843709000000445e+02	5.531754526319332399e-02
9.341796909000000824e+02	1.055277439089188363e-01
9.343750009000000318e+02	1.032766940224618679e-01
9.345703109000000950e+02	4.971539379998013430e-02
9.347656209000000445e+02	4.651768837036662774e-02
9.349609409000000824e+02	1.059155761053514055e-01
9.351562509000000318e+02	5.240754537558522941e-02
9.353515609000000950e+02	6.867720859059645022e-02
9.355468709000000445e+02	9.383702225104784134e-02
9.357421909000000824e+02	4.761611564395806795e-02
9.359375009000000318e+02	7.024137218244064229e-02
9.361328109000000950e+02	4.601241715135806487e-02
9.363281209000000445e+02	8.591045649244932747e-02
9.365234409000000824e+02	6.547555856860221013e-02
9.367187509000000318e+02	3.533153971979885455e-02
9.369140609000000950e+02	8.032884694111075419e-02
9.371093709000000445e+02	9.449462553197740533e-02
9.373046909000000824e+02	3.207042198181575543e-02
9.375000009000000318e+02	4.915511177287967826e-02
9.376953109000000950e+02	7.269431190736952431e-02
9.378906209000000445e+02	6.743046827187626491e-02
9.380859409000000824e+02	3.621851956591726207e-02
9.382812509000000318e+02	6.138002891633398406e-02
9.384765609000000950e+02	3.814060788934625634e-02
9.386718709000000445e+02	5.793075238382883185e-02
9.388671909000000824e+02	3.962626106212141508e-02
9.390625009000000318e+02	4.219765874488246027e-02
9.392578109000000950e+02	7.250065860167964615e-02
9.394531209000000445e+02	4.236810591419981620e-02
9.396484409000000824e+02	4.580361627735740626e-02
9.398437509000000318e+02	4.160436429555325333e-02
9.400390609000000950e+02	3.815756217305477094e-02
9.402343709000000445e+02	4.631960378615573859e-02
9.404296909000000824e+02	3.807609083106733294e-02
9.406250009000000318e+02	7.977135762457976398e-02
9.408203109000000950e+02	3.726864773387816854e-02
9.410156209000000445e+02	6.128251352990154999e-02
9.412109409000000824e+02	5.606181950100008748e-02
9.414062509000000318e+02	5.571238937246292267e-02
9.416015609000000950e+02	3.864709798270382635e-02
9.417968709000000445e+02	4.418297046365360359e-02
9.419921909000000824e+02	7.768516349220178085e-02
9.421875009000000318e+02	3.216804667848194299e-02
9.423828109000000950e+02	4.743487056475537145e-02
9.425781209000000445e+02	4.374533295265337074e-02
9.427734409000000824e+02	4.549759788461571475e-02
9.429687509000000318e+02	3.400672599009268993e-02
9.431640609000000950e+02	7.942966657711281186e-02
9.433593709000000445e+02	7.054932648214062851e-02
9.435546909000000824e+02	6.786122130684901776e-02
9.437500009000000318e+02	7.438190244701203824e-02
9.439453109000000950e+02	5.880211594237394479e-02
9.441406209000000445e+02	6.948364604786405607e-02
9.443359409000000824e+02	4.254621043290107707e-02
9.445312509000000318e+02	4.248570103719373492e-02
9.447265609000000950e+02	6.138002891633398406e-02
9.449218709000000445e+02	3.585185965094161986e-02
9.451171909000000824e+02	3.504211262774958868e-02
9.453125009000000318e+02	5.661148012529793050e-02
9.455078109000000950e+02	7.695199067567060069e-02
9.457031209000000445e+02	4.690313919750899174e-02
9.458984409000000824e+02	3.222833995226181969e-02
9.460937509000000318e+02	7.095133969234446170e-02
9.462890609000000950e+02	3.948851553260013247e-02
9.464843709000000445e+02	4.377935298792046126e-02
9.466796909000000824e+02	5.753476813086244590e-02
9.468750009000000318e+02	5.872694303695524809e-02
9.470703109000000950e+02	3.866298974525506083e-02
9.472656209000000445e+02	7.787441634688541114e-02
9.474609409000000824e+02	5.495540508360363674e-02
9.476562509000000318e+02	6.732357277579836818e-02
9.478515609000000950e+02	6.949422579531017163e-02
9.480468709000000445e+02	7.379477616254526140e-02
9.482421909000000824e+02	7.371330098974127054e-02
9.484375009000000318e+02	4.387363571646041294e-02
9.486328109000000950e+02	3.937090280538058096e-02
9.488281209000000445e+02	5.605982191935865444e-02
9.490234409000000824e+02	6.722937130095019143e-02
9.492187509000000318e+02	7.788512014236204095e-02
9.494140609000000950e+02	8.270887157586237493e-02
9.496093709000000445e+02	8.566508479786527630e-02
9.498046909000000824e+02	5.708900533187488691e-02
9.500000009000000318e+02	5.421203894576365201e-02
9.501953109000000950e+02	6.811629040026190296e-02
9.503906209000000445e+02	4.733966104442188794e-02
9.505859409000000824e+02	5.956227943341474429e-02
9.507812509000000318e+02	3.677379209815079264e-02
9.509765609000000950e+02	3.702280858697193366e-02
9.511718709000000445e+02	3.867676623876370456e-02
9.513671909000000824e+02	4.329627405798497364e-02
9.515625009000000318e+02	6.338182552862825503e-02
9.517578109000000950e+02	8.110105707670456354e-02
9.519531209000000445e+02	4.354840486070443717e-02
9.521484409000000824e+02	4.567026554018305262e-02
9.523437509000000318e+02	3.751448539726709441e-02
9.525390609000000950e+02	3.391570076651184706e-02
9.527343709000000445e+02	6.716692438873472781e-02
9.529296909000000824e+02	5.026189686090987152e-02
9.531250009000000318e+02	7.367309047715053794e-02
9.533203109000000950e+02	3.895437699996406877e-02
9.535156209000000445e+02	7.112183676756345108e-02
9.537109409000000824e+02	5.729429983881750843e-02
9.539062509000000318e+02	7.723976055112302674e-02
9.541015609000000950e+02	3.207053922348990227e-02
9.542968709000000445e+02	5.285126956812646881e-02
9.544921909000000824e+02	4.411505408103089110e-02
9.546875009000000318e+02	3.891305159205771247e-02
9.548828109000000950e+02	6.711506443206971539e-02
9.550781209000000445e+02	6.140860740971199050e-02
9.552734409000000824e+02	8.130204063816748317e-02
9.554687509000000318e+02	3.789913237809017232e-02
9.556640609000000950e+02	4.716912663786132498e-02
9.558593709000000445e+02	5.691853772823840529e-02
9.560546909000000824e+02	4.434505044586423139e-02
9.562500009000000318e+02	4.719548861010736118e-02
9.564453109000000950e+02	6.839887109700981682e-02
9.566406209000000445e+02	6.246087213492579338e-02
9.568359409000000824e+02	3.354265215100937780e-02
9.570312509000000318e+02	4.123248679267454975e-02
9.572265609000000950e+02	4.195398257877158699e-02
9.574218709000000445e+02	3.366441070635772803e-02
9.576171909000000824e+02	5.808850861728664938e-02
9.578125009000000318e+02	9.522412739893404421e-02
9.580078109000000950e+02	5.526989685312777567e-02
9.582031209000000445e+02	5.850248796023649334e-02
9.583984409000000824e+02	5.502635326742399968e-02
9.585937509000000318e+02	4.685346930275002819e-02
9.587890609000000950e+02	5.607782106816472378e-02
9.589843709000000445e+02	5.152325212708852575e-02
9.591796909000000824e+02	6.540146934109003496e-02
9.593750009000000318e+02	7.742490757917863675e-02
9.595703109000000950e+02	4.370931431179414517e-02
9.597656209000000445e+02	6.521200151942707635e-02
9.599609409000000824e+02	3.231642658883870922e-02
9.601562509000000318e+02	5.558756274120391083e-02
9.603515609000000950e+02	5.341570575055598624e-02
9.605468709000000445e+02	8.293734516175810256e-02
9.607421909000000824e+02	6.092574976052844704e-02
9.609375009000000318e+02	3.203238355492032952e-02
9.611328109000000950e+02	4.902801385734179007e-02
9.613281209000000445e+02	4.768496268783906089e-02
9.615234409000000824e+02	5.979084494772912706e-02
9.617187509000000318e+02	4.663844696677621471e-02
9.619140609000000950e+02	6.026314071234750713e-02
9.621093709000000445e+02	3.863768377228637974e-02
9.623046909000000824e+02	4.381525161169363969e-02
9.625000009000000318e+02	5.195840267644236121e-02
9.626953109000000950e+02	7.938417648270146287e-02
9.628906209000000445e+02	6.348768751598043991e-02
9.630859409000000824e+02	5.040593461838227540e-02
9.632812509000000318e+02	6.654352503954541476e-02
9.634765609000000950e+02	5.827909406028020101e-02
9.636718709000000445e+02	3.231112891455367730e-02
9.638671909000000824e+02	3.573741143213382543e-02
9.640625009000000318e+02	7.185094338821862436e-02
9.642578109000000950e+02	5.397907140540780802e-02
9.644531209000000445e+02	7.096615483822787951e-02
9.646484409000000824e+02	4.312664984888670006e-02
9.648437509000000318e+02	3.236942329952796626e-02
9.650390609000000950e+02	4.136268114746854963e-02
9.652343709000000445e+02	7.568450087558353800e-02
9.654296909000000824e+02	3.604567002174441370e-02
9.656250009000000318e+02	3.358386638390342682e-02
9.658203109000000950e+02	5.315943634032294085e-02
9.660156209000000445e+02	5.902750892203378896e-02
9.662109409000000824e+02	5.284915458701355817e-02
9.664062509000000318e+02	5.975814565500314757e-02
9.666015609000000950e+02	3.913038674467905764e-02
9.667968709000000445e+02	5.010620688187650273e-02
9.669921909000000824e+02	4.576560581677924233e-02
9.671875009000000318e+02	7.936078342158126020e-02
9.673828109000000950e+02	7.402214923726546658e-02
9.675781209000000445e+02	7.131337360173084505e-02
9.677734409000000824e+02	6.304520704222760230e-02
9.679687509000000318e+02	3.793716196819829634e-02
9.681640609000000950e+02	3.941116986502635200e-02
9.683593709000000445e+02	6.540028847069478957e-02
9.685546909000000824e+02	4.825469799660098147e-02
9.687500009000000318e+02	6.447093732861297610e-02
9.689453109000000950e+02	4.633219797733545420e-02
9.691406209000000445e+02	3.579451838199787517e-02
9.693359409000000824e+02	9.035611657463427093e-02
9.695312509000000318e+02	3.706202078450182569e-02
9.697265609000000950e+02	5.664006311380731518e-02
9.699218709000000445e+02	3.419336388038018981e-02
9.701171909000000824e+02	5.221268640176290887e-02
9.703125009000000318e+02	3.225707509347586210e-02
9.705078109000000950e+02	8.086304408834266155e-02
9.707031209000000445e+02	3.508568080103557918e-02
9.708984409000000824e+02	6.946341853855564352e-02
9.710937509000000318e+02	4.415012828826014868e-02
9.712890609000000950e+02	5.625982305892662794e-02
9.714843709000000445e+02	5.767123303579602123e-02
9.716796909000000824e+02	3.337508538253786128e-02
9.718750009000000318e+02	7.123282870180602799e-02
9.720703109000000950e+02	6.065155623284468334e-02
9.722656209000000445e+02	3.522650735940935363e-02
9.724609409000000824e+02	3.332962938088890326e-02
