# time(sec)	crack length FEA(mm)
3.570956896089999645e+04	6.465633435592224032e-01
3.570976496090000001e+04	6.713955658171286700e-01
3.570995996089999971e+04	6.677191815918632756e-01
3.571015496089999942e+04	6.149867368866992479e-01
3.571035096090000297e+04	6.497218652340830403e-01
3.571054596090000268e+04	6.411510615368953836e-01
3.571074096090000239e+04	6.500124046386481780e-01
3.571093696089999867e+04	6.651880420053828402e-01
3.571113196089999838e+04	6.733837768670181134e-01
3.571132696089999808e+04	6.561327664699554418e-01
3.571152296090000164e+04	6.583392826783747154e-01
3.571171796090000134e+04	6.528613936368206083e-01
3.571191296090000105e+04	6.435181915897647542e-01
3.571210796090000076e+04	6.598770392612589575e-01
3.571230396089999704e+04	6.976852073780257513e-01
3.571249896089999675e+04	6.926258248627270575e-01
3.571269396089999645e+04	6.326671975593995967e-01
3.571288996090000001e+04	6.559178178623419342e-01
3.571308496089999971e+04	6.407932205039408302e-01
3.571327996089999942e+04	6.279275362821081785e-01
3.571347596090000297e+04	6.661292320855327631e-01
3.571367096090000268e+04	6.848794355904725961e-01
3.571386596090000239e+04	6.755371201794346803e-01
3.571406196089999867e+04	6.205528301143274916e-01
3.571425696089999838e+04	6.579683065405639297e-01
3.571445196089999808e+04	6.623229188935635392e-01
3.571464796090000164e+04	6.345830911233534266e-01
3.571484296090000134e+04	6.511774313803346814e-01
3.571503796090000105e+04	6.913171932418649135e-01
3.571523296090000076e+04	6.804792656364284653e-01
3.571542896089999704e+04	6.525419945951309586e-01
3.571562396089999675e+04	6.480170377708098783e-01
3.571581896089999645e+04	6.336376083834807105e-01
3.571601496090000001e+04	6.791193879751062923e-01
3.571620996089999971e+04	6.722538626152925190e-01
3.571640496089999942e+04	6.553534966154632713e-01
3.571660096090000297e+04	6.564676283170491899e-01
3.571679596090000268e+04	6.475683539208212380e-01
3.571699096090000239e+04	6.757447103415064049e-01
3.571718696089999867e+04	6.665197672865517120e-01
3.571738196089999838e+04	6.649731643514265045e-01
3.571757696089999808e+04	6.565420345312737993e-01
3.571777296090000164e+04	6.490074860812207191e-01
3.571796796090000134e+04	6.845831219184930205e-01
3.571816296090000105e+04	6.891270855583009336e-01
3.571835796090000076e+04	6.245705696744288105e-01
3.571855396089999704e+04	6.429225465510732818e-01
3.571874896089999675e+04	6.460143134408902199e-01
3.571894396089999645e+04	6.550196227392284243e-01
3.571913996090000001e+04	6.973312534231173032e-01
3.571933496089999971e+04	6.553917002673443903e-01
3.571952996089999942e+04	6.119686588244181991e-01
3.571972596090000297e+04	6.017231020385889195e-01
3.571992096090000268e+04	6.346658813224532736e-01
3.572011596090000239e+04	6.278540560483847344e-01
3.572031196089999867e+04	6.408170021131667227e-01
3.572050696089999838e+04	6.224262358631644787e-01
3.572070196089999808e+04	6.294640820254056024e-01
3.572089796090000164e+04	6.632890355106972891e-01
3.572109296090000134e+04	6.605621538660813030e-01
3.572128796090000105e+04	6.976459532732999236e-01
3.572148296090000076e+04	6.540428611405566528e-01
3.572167896089999704e+04	6.424344347335360084e-01
3.572187396089999675e+04	6.454849090237182452e-01
3.572206896089999645e+04	6.363695714402162196e-01
3.572226496090000001e+04	6.716734167415783219e-01
3.572245996089999971e+04	6.532045580328542655e-01
3.572265496089999942e+04	7.030591601282250025e-01
3.572285096090000297e+04	6.811049642553719252e-01
3.572304596090000268e+04	6.671086332303879374e-01
3.572324096090000239e+04	6.965440029322067517e-01
3.572343696089999867e+04	6.854234675020194345e-01
3.572363196089999838e+04	6.553379860755264019e-01
3.572382696089999808e+04	6.742689286220411304e-01
3.572402296090000164e+04	6.687315726912750335e-01
3.572421796090000134e+04	6.798452491223585525e-01
3.572441296090000105e+04	6.662387870392905143e-01
3.572460796090000076e+04	6.854348266800123213e-01
3.572480396089999704e+04	7.102748303972354904e-01
3.572499896089999675e+04	6.584250549598280600e-01
3.572519396089999645e+04	6.654608341434204988e-01
3.572538996090000001e+04	6.913636384268109225e-01
3.572558496089999971e+04	6.966203342498005213e-01
3.572577996089999942e+04	6.350992790344829331e-01
3.572597596090000297e+04	6.744609779892876134e-01
3.572617096090000268e+04	6.390464126036192738e-01
3.572636596090000239e+04	6.638015454963746009e-01
3.572656196089999867e+04	6.965109779521139188e-01
3.572675696089999838e+04	7.057895262185276408e-01
3.572695196089999808e+04	6.759202570877036464e-01
3.572714796090000164e+04	6.656127064573809093e-01
3.572734296090000134e+04	6.910540435578944596e-01
3.572753796090000105e+04	6.912078131070025222e-01
3.572773296090000076e+04	6.873145601753289924e-01
3.572792896089999704e+04	6.772420908164065168e-01
3.572812396089999675e+04	7.006121939384044595e-01
3.572831896089999645e+04	6.509231629026324129e-01
3.572851496090000001e+04	6.764820443008865425e-01
3.572870996089999971e+04	6.890362435017411968e-01
3.572890496089999942e+04	7.026238503910242628e-01
3.572910096090000297e+04	6.835012515430811675e-01
3.572929596090000268e+04	6.834805799177310348e-01
3.572949096090000239e+04	7.118763103602248066e-01
3.572968696089999867e+04	6.826660187728244011e-01
3.572988196089999838e+04	6.571559636931922910e-01
3.573007696089999808e+04	7.116144371184240924e-01
3.573027296090000164e+04	6.582183736093440984e-01
3.573046796090000134e+04	6.786020733094666468e-01
3.573066296090000105e+04	6.805793902032455378e-01
3.573085796090000076e+04	6.881702390661281754e-01
3.573105396089999704e+04	7.243669300173483094e-01
3.573124896089999675e+04	6.912882835295892647e-01
3.573144396089999645e+04	6.873558348305230936e-01
3.573163996090000001e+04	6.925494721474798610e-01
3.573183496089999971e+04	6.587702538273525477e-01
3.573202996089999942e+04	6.850291207308512043e-01
3.573222596090000297e+04	7.110833476789011343e-01
3.573242096090000268e+04	6.641238678861007827e-01
3.573261596090000239e+04	7.065228849612807949e-01
3.573281196089999867e+04	6.991698682819507127e-01
3.573300696089999838e+04	7.143293792748224291e-01
3.573320196089999808e+04	6.738857657383512390e-01
3.573339796090000164e+04	6.774289896838858738e-01
3.573359296090000134e+04	7.058607163135484086e-01
3.573378796090000105e+04	7.134292712517957824e-01
3.573398296090000076e+04	6.785339256429807619e-01
3.573417896089999704e+04	7.033872012643840321e-01
3.573437396089999675e+04	6.919323032827868758e-01
3.573456896089999645e+04	6.619385651332905240e-01
3.573476496090000001e+04	6.655031486891225256e-01
3.573495996089999971e+04	6.963551855936103152e-01
3.573515496089999942e+04	6.646126107984411391e-01
3.573535096090000297e+04	6.650454767686255764e-01
3.573554596090000268e+04	6.600278811680926339e-01
3.573574096090000239e+04	6.591123230984941017e-01
3.573593696089999867e+04	6.659288104726677204e-01
3.573613196089999838e+04	6.653802162108313212e-01
3.573632696089999808e+04	6.277836954286897253e-01
3.573652296090000164e+04	6.438397695553810252e-01
3.573671796090000134e+04	6.444291923187783766e-01
3.573691296090000105e+04	7.101603621682599510e-01
3.573710796090000076e+04	6.655372718378380625e-01
3.573730396089999704e+04	6.658658100865828544e-01
3.573749896089999675e+04	6.566888221181983454e-01
3.573769396089999645e+04	6.810966628650767518e-01
3.573788996090000001e+04	6.592879897028414149e-01
3.573808496089999971e+04	6.565100206218037471e-01
3.573827996089999942e+04	6.740427133199755616e-01
3.573847596090000297e+04	6.508983433014225994e-01
3.573867096090000268e+04	6.733992759270783779e-01
3.573886596090000239e+04	6.427715455233045105e-01
3.573906196089999867e+04	6.989965540945242140e-01
3.573925696089999838e+04	7.033139481954204797e-01
3.573945196089999808e+04	6.680921213056940644e-01
3.573964796090000164e+04	6.848216097041834871e-01
3.573984296090000134e+04	6.755433121597853585e-01
3.574003796090000105e+04	6.374442773665638384e-01
3.574023296090000076e+04	6.601591491732623496e-01
3.574042896089999704e+04	6.866580487792273146e-01
3.574062396089999675e+04	6.683265911284781424e-01
3.574081896089999645e+04	6.263391247084442170e-01
3.574101496090000001e+04	6.493807121245183112e-01
3.574120996089999971e+04	6.631991532219814189e-01
3.574140496089999942e+04	6.291547043925689309e-01
3.574160096090000297e+04	6.694216204257958935e-01
3.574179596090000268e+04	6.660899891949298990e-01
3.574199096090000239e+04	6.662325926937597842e-01
3.574218696089999867e+04	6.084241449852925143e-01
3.574238196089999838e+04	6.386171629391022009e-01
3.574257696089999808e+04	6.347599918539525987e-01
3.574277296090000164e+04	6.753305927811368292e-01
3.574296796090000134e+04	6.191627371640500144e-01
3.574316296090000105e+04	6.823397645408579848e-01
3.574335796090000076e+04	6.619178840788197959e-01
3.574355396089999704e+04	6.661798608232238905e-01
3.574374896089999675e+04	6.368991736258102776e-01
3.574394396089999645e+04	6.480656348493329943e-01
3.574413996090000001e+04	6.598790986639038181e-01
3.574433496089999971e+04	6.523662261090468206e-01
3.574452996089999942e+04	6.278551137671168902e-01
3.574472596090000297e+04	6.711177117238502632e-01
3.574492096090000268e+04	6.332454977752668412e-01
3.574511596090000239e+04	6.875065687447623475e-01
3.574531196089999867e+04	6.304997295492391629e-01
3.574550696089999838e+04	6.841609075012975438e-01
3.574570196089999808e+04	6.194059466765686750e-01
3.574589796090000164e+04	6.664743307407370310e-01
3.574609296090000134e+04	6.659804956938550902e-01
3.574628796090000105e+04	6.487748996141817770e-01
3.574648296090000076e+04	6.498004658221958607e-01
3.574667896089999704e+04	6.159888680910636793e-01
3.574687396089999675e+04	6.693048480399248490e-01
3.574706896089999645e+04	6.284283372515115929e-01
3.574726496090000001e+04	6.633355341769551217e-01
3.574745996089999971e+04	6.409535082795532190e-01
3.574765496089999942e+04	6.361430042850138022e-01
3.574785096090000297e+04	6.494500070159112681e-01
3.574804596090000268e+04	6.612111140295482414e-01
3.574824096090000239e+04	6.615035225848071576e-01
3.574843696089999867e+04	6.340058800411600970e-01
3.574863196089999838e+04	6.477627363480955580e-01
3.574882696089999808e+04	6.217420591116251671e-01
3.574902296090000164e+04	6.411417426877275005e-01
3.574921796090000134e+04	6.273345861767758436e-01
3.574941296090000105e+04	6.465974843407717998e-01
3.574960796090000076e+04	6.295127160567854929e-01
3.574980396089999704e+04	5.947021493044033491e-01
3.574999896089999675e+04	6.412244484601803407e-01
3.575019396089999645e+04	6.390174497053067171e-01
3.575038996090000001e+04	6.536821370224483729e-01
3.575058496089999971e+04	5.856258478957023783e-01
3.575077996089999942e+04	6.428967150396562857e-01
3.575097596090000297e+04	6.848236669992289194e-01
3.575117096090000268e+04	5.927924555690644581e-01
3.575136596090000239e+04	6.579042291600885051e-01
3.575156196089999867e+04	6.507535810311431135e-01
3.575175696089999838e+04	6.550992184021975362e-01
3.575195196089999808e+04	6.158522223186952971e-01
3.575214796090000164e+04	6.781725083179779290e-01
3.575234296090000134e+04	6.380875980259759217e-01
3.575253796090000105e+04	6.783542199617613733e-01
3.575273296090000076e+04	6.287594465226611362e-01
3.575292896089999704e+04	6.343689567077817060e-01
3.575312396089999675e+04	5.944099367369304332e-01
3.575331896089999645e+04	6.515651337589467573e-01
3.575351496090000001e+04	6.619354496622555928e-01
3.575370996089999971e+04	6.701550198480550335e-01
3.575390496089999942e+04	6.508321782947952272e-01
3.575410096090000297e+04	6.725162130111783654e-01
3.575429596090000268e+04	6.487707700520637388e-01
3.575449096090000239e+04	6.551250369953542929e-01
3.575468696089999867e+04	6.769622365747167692e-01
3.575488196089999838e+04	7.011764776610629468e-01
3.575507696089999808e+04	6.795696023585922063e-01
3.575527296090000164e+04	6.290471070011740551e-01
3.575546796090000134e+04	6.352203560460658593e-01
3.575566296090000105e+04	6.391063639170635469e-01
3.575585796090000076e+04	6.403753817559056927e-01
3.575605396089999704e+04	6.530071556302985414e-01
3.575624896089999675e+04	6.426350495258503770e-01
3.575644396089999645e+04	6.684763780339171291e-01
3.575663996090000001e+04	6.474835470300170925e-01
3.575683496089999971e+04	6.037657433859582312e-01
3.575702996089999942e+04	6.390484826499420734e-01
3.575722596090000297e+04	6.469376638890089737e-01
3.575742096090000268e+04	6.556914321638664944e-01
3.575761596090000239e+04	6.870120959477237221e-01
3.575781196089999867e+04	6.730222919852391072e-01
3.575800696089999838e+04	6.507866592234723413e-01
3.575820196089999808e+04	6.603461791173472761e-01
3.575839796090000164e+04	6.614704589271465096e-01
3.575859296090000134e+04	6.950013711929354798e-01
3.575878796090000105e+04	6.298262219235937209e-01
3.575898296090000076e+04	6.202609352036674295e-01
3.575917896089999704e+04	6.306787306222165768e-01
3.575937396089999675e+04	6.449999660961136527e-01
3.575956896089999645e+04	6.387785133673062887e-01
3.575976496090000001e+04	6.732144044123309357e-01
3.575995996089999971e+04	6.368267777160987464e-01
3.576015496089999942e+04	6.295333712703410356e-01
3.576035096090000297e+04	6.671685688459376706e-01
3.576054596090000268e+04	6.198469327957152331e-01
3.576074096090000239e+04	6.244795401254155109e-01
3.576093696089999867e+04	6.220225475811673732e-01
3.576113196089999838e+04	6.299699974218331278e-01
3.576132696089999808e+04	6.585563315953368857e-01
3.576152296090000164e+04	6.415068274854185404e-01
3.576171796090000134e+04	6.602986716946457335e-01
3.576191296090000105e+04	6.906556655327342753e-01
3.576210796090000076e+04	6.532830941237648403e-01
3.576230396089999704e+04	6.725720009218250084e-01
3.576249896089999675e+04	6.448014314220316123e-01
3.576269396089999645e+04	6.714647360522825181e-01
3.576288996090000001e+04	6.411965452872898652e-01
3.576308496089999971e+04	6.452067594877277656e-01
3.576327996089999942e+04	6.386368065067653532e-01
3.576347596090000297e+04	6.338983129100288494e-01
3.576367096090000268e+04	6.655641443384912037e-01
3.576386596090000239e+04	6.416515913299214446e-01
3.576406196089999867e+04	6.762630969709206852e-01
3.576425696089999838e+04	6.699773197641185618e-01
3.576445196089999808e+04	6.243884568992648099e-01
3.576464796090000164e+04	6.266081649018993005e-01
3.576484296090000134e+04	6.598925380372495653e-01
3.576503796090000105e+04	6.398789568563838515e-01
3.576523296090000076e+04	6.743804430592632571e-01
3.576542896089999704e+04	6.574526022480142728e-01
3.576562396089999675e+04	6.383585789068568772e-01
3.576581896089999645e+04	6.414147506242748875e-01
3.576601496090000001e+04	6.565068955790245298e-01
3.576620996089999971e+04	6.559188210963782240e-01
3.576640496089999942e+04	6.897473842886814310e-01
3.576660096090000297e+04	6.689464172077475013e-01
3.576679596090000268e+04	6.890310656893579022e-01
3.576699096090000239e+04	6.481390542651652709e-01
3.576718696089999867e+04	6.332061930604293565e-01
3.576738196089999838e+04	6.809046126032960444e-01
3.576757696089999808e+04	6.766400307595539232e-01
3.576777296090000164e+04	6.677987357989607631e-01
3.576796796090000134e+04	6.530443596057917688e-01
3.576816296090000105e+04	6.490540119891967663e-01
3.576835796090000076e+04	6.608194463448135991e-01
3.576855396089999704e+04	6.159557427217983161e-01
3.576874896089999675e+04	6.338724096432493127e-01
3.576894396089999645e+04	6.990532916731044821e-01
3.576913996090000001e+04	6.592818024676265765e-01
3.576933496089999971e+04	6.417694556128097361e-01
3.576952996089999942e+04	6.759915346135407788e-01
3.576972596090000297e+04	5.997953403920526227e-01
3.576992096090000268e+04	6.464526965460670738e-01
3.577011596090000239e+04	6.532830941237648403e-01
3.577031196089999867e+04	6.688937355767432535e-01
3.577050696089999838e+04	6.538423401391142420e-01
3.577070196089999808e+04	6.667604908227726668e-01
3.577089796090000164e+04	6.701188446276979960e-01
3.577109296090000134e+04	5.812492074405817277e-01
3.577128796090000105e+04	6.607574357860244163e-01
3.577148296090000076e+04	6.750414106739803799e-01
3.577167896089999704e+04	6.399575891581967824e-01
3.577187396089999675e+04	6.354727178474757210e-01
3.577206896089999645e+04	6.765770580654226762e-01
3.577226496090000001e+04	6.764613667160546129e-01
3.577245996089999971e+04	6.523517792061905851e-01
3.577265496089999942e+04	6.385427109199692808e-01
3.577285096090000297e+04	6.589883020153948223e-01
3.577304596090000268e+04	6.768063101786232494e-01
3.577324096090000239e+04	6.473233110253886480e-01
3.577343696089999867e+04	6.338962424269354301e-01
3.577363196089999838e+04	6.359950800946094773e-01
3.577382696089999808e+04	6.538423401391142420e-01
3.577402296090000164e+04	6.325192523080875873e-01
3.577421796090000134e+04	6.673999771526766267e-01
3.577441296090000105e+04	6.501912004969341297e-01
3.577460796090000076e+04	6.504041926604955393e-01
3.577480396089999704e+04	6.308732387162834243e-01
3.577499896089999675e+04	6.463059006332354528e-01
3.577519396089999645e+04	6.538247687241174333e-01
3.577538996090000001e+04	6.517790640515901401e-01
3.577558496089999971e+04	6.498087245971166936e-01
3.577577996089999942e+04	6.272797524530702162e-01
3.577597596090000297e+04	6.411851654740967632e-01
3.577617096090000268e+04	6.470420561917489266e-01
3.577636596090000239e+04	6.382375707672061083e-01
3.577656196089999867e+04	6.711187143324472970e-01
3.577675696089999838e+04	6.792009627308246422e-01
3.577695196089999808e+04	6.392832318717154294e-01
3.577714796090000164e+04	6.898764353623647594e-01
3.577734296090000134e+04	6.483789025090658242e-01
3.577753796090000105e+04	6.487624576410322419e-01
3.577773296090000076e+04	6.726907804815809300e-01
3.577792896089999704e+04	6.742648033765021864e-01
3.577812396089999675e+04	6.524902897559599069e-01
3.577831896089999645e+04	6.684423211157941580e-01
3.577851496090000001e+04	6.725223968873415004e-01
3.577870996089999971e+04	6.550475101059269889e-01
3.577890496089999942e+04	6.162207622040387633e-01
3.577910096090000297e+04	6.712209890655707056e-01
3.577929596090000268e+04	6.684195780248920471e-01
3.577949096090000239e+04	6.448417744523116113e-01
3.577968696089999867e+04	6.875509552712486538e-01
3.577988196089999838e+04	6.576561651944565767e-01
3.578007696089999808e+04	6.373873961543541355e-01
3.578027296090000164e+04	6.585284482414106577e-01
3.578046796090000134e+04	6.885728337971634971e-01
3.578066296090000105e+04	6.615417787340795996e-01
3.578085796090000076e+04	6.634388533810700039e-01
3.578105396089999704e+04	6.314981496944724881e-01
3.578124896089999675e+04	6.773701437499823896e-01
3.578144396089999645e+04	6.607977524312218520e-01
3.578163996090000001e+04	6.551818768692321271e-01
3.578183496089999971e+04	6.601064485449903430e-01
3.578202996089999942e+04	6.285804402693315751e-01
3.578222596090000297e+04	6.624241743267198501e-01
3.578242096090000268e+04	6.683607103238777825e-01
3.578261596090000239e+04	6.275850206897644057e-01
3.578281196089999867e+04	6.294164611091712658e-01
3.578300696089999838e+04	6.536541948203264951e-01
3.578320196089999808e+04	6.698461578681875750e-01
3.578339796090000164e+04	6.691127491489812229e-01
3.578359296090000134e+04	6.497456292619023799e-01
3.578378796090000105e+04	6.433196448590194905e-01
3.578398296090000076e+04	6.774692787534952743e-01
3.578417896089999704e+04	6.609610243984409550e-01
3.578437396089999675e+04	6.777997228941128327e-01
3.578456896089999645e+04	6.735335326843223669e-01
3.578476496090000001e+04	6.668472895061654526e-01
3.578495996089999971e+04	6.338351764260536925e-01
3.578515496089999942e+04	6.495151101107907721e-01
3.578535096090000297e+04	6.907898271711019333e-01
3.578554596090000268e+04	6.661158493972401118e-01
3.578574096090000239e+04	6.726329256458623007e-01
3.578593696089999867e+04	6.428718783887266142e-01
3.578613196089999838e+04	6.882776290490291160e-01
3.578632696089999808e+04	6.740427133199755616e-01
3.578652296090000164e+04	6.765295734061655963e-01
3.578671796090000134e+04	6.745921682701183641e-01
3.578691296090000105e+04	6.886275298476522977e-01
3.578710796090000076e+04	6.845604471010986458e-01
3.578730396089999704e+04	6.579104167449063567e-01
3.578749896089999675e+04	7.021998399091700094e-01
3.578769396089999645e+04	6.387247181638322502e-01
3.578788996090000001e+04	7.004430108398373989e-01
3.578808496089999971e+04	6.810956606671236813e-01
3.578827996089999942e+04	6.624954913433196424e-01
3.578847596090000297e+04	6.227511677681079050e-01
3.578867096090000268e+04	6.748048940975692744e-01
3.578886596090000239e+04	6.367047046472045224e-01
3.578906196089999867e+04	6.779938555162861036e-01
3.578925696089999838e+04	6.572355523829820356e-01
3.578945196089999808e+04	7.022039515614597605e-01
3.578964796090000164e+04	6.119520711856125672e-01
3.578984296090000134e+04	6.255836949900679400e-01
3.579003796090000105e+04	6.433888947880497255e-01
3.579023296090000076e+04	6.598512168227905761e-01
3.579042896089999704e+04	6.608525108854728103e-01
3.579062396089999675e+04	6.535435888462046705e-01
3.579081896089999645e+04	6.365681747169098514e-01
3.579101496090000001e+04	6.424923612693724806e-01
3.579120996089999971e+04	6.669784675451779776e-01
3.579140496089999942e+04	6.425460948706014364e-01
3.579160096090000297e+04	6.734623100680074970e-01
3.579179596090000268e+04	6.661478595684737769e-01
3.579199096090000239e+04	6.363023096743152252e-01
3.579218696089999867e+04	6.824006648349634219e-01
3.579238196089999838e+04	6.447952405107777452e-01
3.579257696089999808e+04	6.814466668906788982e-01
3.579277296090000164e+04	6.620460175742337583e-01
3.579296796090000134e+04	7.240093095262967182e-01
3.579316296090000105e+04	6.868314597378279984e-01
3.579335796090000076e+04	6.802913258613862979e-01
3.579355396089999704e+04	6.806310354805624740e-01
3.579374896089999675e+04	6.801106309100379832e-01
3.579394396089999645e+04	6.499834458735342935e-01
3.579413996090000001e+04	6.816005503543678401e-01
3.579433496089999971e+04	6.920231433946888444e-01
3.579452996089999942e+04	6.839018040512598873e-01
3.579472596090000297e+04	6.612131733194974714e-01
3.579492096090000268e+04	6.693317163861820518e-01
3.579511596090000239e+04	6.640298616972177825e-01
3.579531196089999867e+04	6.477937581730053296e-01
3.579550696089999838e+04	6.826030084491581107e-01
3.579570196089999808e+04	7.108925881068550723e-01
3.579589796090000164e+04	6.916071838588528919e-01
3.579609296090000134e+04	6.791596742483001492e-01
3.579628796090000105e+04	6.754390418394873308e-01
3.579648296090000076e+04	7.043299814404431203e-01
3.579667896089999704e+04	6.832369531592341616e-01
3.579687396089999675e+04	6.847379964752686732e-01
3.579706896089999645e+04	7.045414462683581291e-01
3.579726496090000001e+04	6.833907720992407064e-01
3.579745996089999971e+04	6.509407364082147041e-01
3.579765496089999942e+04	6.390091872770931047e-01
3.579785096090000297e+04	6.911314559424059922e-01
3.579804596090000268e+04	6.897184815773993449e-01
3.579824096090000239e+04	6.867550888420215216e-01
3.579843696089999867e+04	7.083401634027897131e-01
3.579863196089999838e+04	6.780599468276236053e-01
3.579882696089999808e+04	6.455872913426361492e-01
3.579902296090000164e+04	6.895884278177710769e-01
3.579921796090000134e+04	6.880742686210439274e-01
3.579941296090000105e+04	7.004914945771396617e-01
3.579960796090000076e+04	6.693337749900898359e-01
3.579980396089999704e+04	7.182265369106630715e-01
3.579999896089999675e+04	6.667924912730569531e-01
3.580019396089999645e+04	6.787249390876795019e-01
3.580038996090000001e+04	6.609269481006698754e-01
3.580058496089999971e+04	6.583382795439245427e-01
3.580077996089999942e+04	6.761144135622245699e-01
3.580097596090000297e+04	6.873228062452252374e-01
3.580117096090000268e+04	6.724108739441305715e-01
3.580136596090000239e+04	6.688699902060761815e-01
3.580156196089999867e+04	6.730708303701042894e-01
3.580175696089999838e+04	6.733104866732713134e-01
3.580195196089999808e+04	6.851220350131939085e-01
3.580214796090000164e+04	6.678689722310693355e-01
3.580234296090000134e+04	6.881754170616449784e-01
3.580253796090000105e+04	6.513883548125036782e-01
3.580273296090000076e+04	7.013879610500382000e-01
3.580292896089999704e+04	6.434550799842160274e-01
3.580312396089999675e+04	6.966121001932776835e-01
3.580331896089999645e+04	6.808096689361597953e-01
3.580351496090000001e+04	7.124630878618880558e-01
3.580370996089999971e+04	6.685280489785139224e-01
3.580390496089999942e+04	6.786454205545151552e-01
3.580410096090000297e+04	6.644369293112895036e-01
3.580429596090000268e+04	6.970114354297720638e-01
3.580449096090000239e+04	6.492824752001524757e-01
3.580468696089999867e+04	7.049684815922887537e-01
3.580488196089999838e+04	7.020606104454962804e-01
3.580507696089999808e+04	6.497570050831669164e-01
3.580527296090000164e+04	6.768940843194837242e-01
3.580546796090000134e+04	6.812226379322279257e-01
3.580566296090000105e+04	7.107347707442599472e-01
3.580585796090000076e+04	6.416836247450206088e-01
3.580605396089999704e+04	6.766503916548938236e-01
3.580624896089999675e+04	6.891095395736019924e-01
3.580644396089999645e+04	6.767257386498943816e-01
3.580663996090000001e+04	6.818369477292520742e-01
3.580683496089999971e+04	6.862554755788785599e-01
3.580702996089999942e+04	6.945627970664407513e-01
3.580722596090000297e+04	6.468590540764385111e-01
3.580742096090000268e+04	6.540428611405566528e-01
3.580761596090000239e+04	6.563105231246382232e-01
3.580781196089999867e+04	6.602634848966282277e-01
3.580800696089999838e+04	6.432358802517601504e-01
3.580820196089999808e+04	6.776344969491105985e-01
3.580839796090000164e+04	6.489754622800614214e-01
3.580859296090000134e+04	6.389408755457264277e-01
3.580878796090000105e+04	6.449285978986694090e-01
3.580898296090000076e+04	6.516002709526453884e-01
3.580917896089999704e+04	7.070633234075316409e-01
3.580937396089999675e+04	6.563653449260531403e-01
