# time(sec)	crack length FEA(mm)
3.348007696089999808e+04	5.483039834811371804e-01
3.348027296090000164e+04	5.649849784173461842e-01
3.348046796090000134e+04	5.594933690624479539e-01
3.348066296090000105e+04	5.238276387313423044e-01
3.348085796090000076e+04	5.402292838075712922e-01
3.348105396089999704e+04	5.320355414643902492e-01
3.348124896089999675e+04	5.795696993160266430e-01
3.348144396089999645e+04	5.907551647714353038e-01
3.348163996090000001e+04	5.621568533259662104e-01
3.348183496089999971e+04	5.540742228326056562e-01
3.348202996089999942e+04	5.655628134158021680e-01
3.348222596090000297e+04	5.671260737836050225e-01
3.348242096090000268e+04	5.346261863205796772e-01
3.348261596090000239e+04	5.764902351251635082e-01
3.348281196089999867e+04	5.620613936106639841e-01
3.348300696089999838e+04	5.347892318072453577e-01
3.348320196089999808e+04	5.495445124969933204e-01
3.348339796090000164e+04	5.139942891146347392e-01
3.348359296090000134e+04	5.547737283417859544e-01
3.348378796090000105e+04	5.679082145546558991e-01
3.348398296090000076e+04	5.876563541964294757e-01
3.348417896089999704e+04	5.847478862340622641e-01
3.348437396089999675e+04	5.501081951167829942e-01
3.348456896089999645e+04	5.504310120752098356e-01
3.348476496090000001e+04	5.667806386704814514e-01
3.348495996089999971e+04	5.797189716233361878e-01
3.348515496089999942e+04	5.527498567990392075e-01
3.348535096090000297e+04	5.637794512047413775e-01
3.348554596090000268e+04	6.079063879833164208e-01
3.348574096090000239e+04	5.473105109733289453e-01
3.348593696089999867e+04	5.564933574466568444e-01
3.348613196089999838e+04	5.691933700288487330e-01
3.348632696089999808e+04	5.532086281340635736e-01
3.348652296090000164e+04	5.601698759698123808e-01
3.348671796090000134e+04	5.185876661141168853e-01
3.348691296090000105e+04	5.778433610105953022e-01
3.348710796090000076e+04	5.510548417598855053e-01
3.348730396089999704e+04	5.473748876626416404e-01
3.348749896089999675e+04	5.542682887340415476e-01
3.348769396089999645e+04	5.530923513597141294e-01
3.348788996090000001e+04	5.458145146586783625e-01
3.348808496089999971e+04	5.373442756415354182e-01
3.348827996089999942e+04	5.930649983368585509e-01
3.348847596090000297e+04	6.221902665720122627e-01
3.348867096090000268e+04	5.796754484331394508e-01
3.348886596090000239e+04	6.257813726455800918e-01
3.348906196089999867e+04	5.669600976622941602e-01
3.348925696089999838e+04	5.434119241139629963e-01
3.348945196089999808e+04	5.754895668441584178e-01
3.348964796090000164e+04	5.568887234222064109e-01
3.348984296090000134e+04	5.789994709042183274e-01
3.349003796090000105e+04	5.755580026229445423e-01
3.349023296090000076e+04	5.914194058972732648e-01
3.349042896089999704e+04	5.515915005666638393e-01
3.349062396089999675e+04	5.552677466002222673e-01
3.349081896089999645e+04	5.230191777621424620e-01
3.349101496090000001e+04	5.605236932351438384e-01
3.349120996089999971e+04	5.977741263457136967e-01
3.349140496089999942e+04	5.434295750118813828e-01
3.349160096090000297e+04	5.362734634013950341e-01
3.349179596090000268e+04	5.274186709366688319e-01
3.349199096090000239e+04	5.614876203967753554e-01
3.349218696089999867e+04	5.611628812127644750e-01
3.349238196089999838e+04	5.722633997196382438e-01
3.349257696089999808e+04	5.693499758697928570e-01
3.349277296090000164e+04	5.254434544150736741e-01
3.349296796090000134e+04	5.460221479998228489e-01
3.349316296090000105e+04	5.968126853670234766e-01
3.349335796090000076e+04	5.281677722059203717e-01
3.349355396089999704e+04	5.168030124136979708e-01
3.349374896089999675e+04	5.496462359826850275e-01
3.349394396089999645e+04	5.374491899968525388e-01
3.349413996090000001e+04	5.597517184685241176e-01
3.349433496089999971e+04	5.579077919093613502e-01
3.349452996089999942e+04	5.652629903620098872e-01
3.349472596090000297e+04	5.805058668230813623e-01
3.349492096090000268e+04	5.546553996184542257e-01
3.349511596090000239e+04	5.394410948770893555e-01
3.349531196089999867e+04	5.373369869319972736e-01
3.349550696089999838e+04	5.521530141622150722e-01
3.349570196089999808e+04	5.559630817225205135e-01
3.349589796090000164e+04	5.535895417081189152e-01
3.349609296090000134e+04	5.790388628419655959e-01
3.349628796090000105e+04	5.114264381140429805e-01
3.349648296090000076e+04	5.278934985692274040e-01
3.349667896089999704e+04	5.475804300023323634e-01
3.349687396089999675e+04	5.712252301241491637e-01
3.349706896089999645e+04	5.498953978895286809e-01
3.349726496090000001e+04	5.412843404881240161e-01
3.349745996089999971e+04	5.670264900278070286e-01
3.349765496089999942e+04	5.427598844483849660e-01
3.349785096090000297e+04	5.375759073839923019e-01
3.349804596090000268e+04	5.761998804819157272e-01
3.349824096090000239e+04	5.683500851217164751e-01
3.349843696089999867e+04	5.334721762691714275e-01
3.349863196089999838e+04	5.548193818765128071e-01
3.349882696089999808e+04	5.446537528786485893e-01
3.349902296090000164e+04	5.508846196113470484e-01
3.349921796090000134e+04	5.578330849541437431e-01
3.349941296090000105e+04	5.291630816903492018e-01
3.349960796090000076e+04	5.987935597715683400e-01
3.349980396089999704e+04	5.164278136566320399e-01
3.349999896089999675e+04	5.641000653135321841e-01
3.350019396089999645e+04	5.453929820016654162e-01
3.350038996090000001e+04	5.713113086557282116e-01
3.350058496089999971e+04	5.269241007501079821e-01
3.350077996089999942e+04	5.873651258696561683e-01
3.350097596090000297e+04	5.603857303326176265e-01
3.350117096090000268e+04	5.546356795948952367e-01
3.350136596090000239e+04	5.553061069267393179e-01
3.350156196089999867e+04	5.963848113810819029e-01
3.350175696089999838e+04	5.480392891038743386e-01
3.350195196089999808e+04	5.792586300391420195e-01
3.350214796090000164e+04	5.482926138894956836e-01
3.350234296090000134e+04	5.703529618978535609e-01
3.350253796090000105e+04	5.440234904475786948e-01
3.350273296090000076e+04	5.766975999258932006e-01
3.350292896089999704e+04	5.671312775048917842e-01
3.350312396089999675e+04	5.627025645433541001e-01
3.350331896089999645e+04	5.483714875363432384e-01
3.350351496090000001e+04	5.582336349404055653e-01
3.350370996089999971e+04	5.584837168641154648e-01
3.350390496089999942e+04	5.180357590757509456e-01
3.350410096090000297e+04	5.672599088667631406e-01
3.350429596090000268e+04	5.563086603748352843e-01
3.350449096090000239e+04	5.800642243595977021e-01
3.350468696089999867e+04	5.547747446487001355e-01
3.350488196089999838e+04	5.425511620929377443e-01
3.350507696089999808e+04	5.819718300874132666e-01
3.350527296090000164e+04	5.439829808591447602e-01
3.350546796090000134e+04	5.431346811592874246e-01
3.350566296090000105e+04	5.697990906030057090e-01
3.350585796090000076e+04	5.583675185800629492e-01
3.350605396089999704e+04	5.339447633130909310e-01
3.350624896089999675e+04	5.552542495991215077e-01
3.350644396089999645e+04	5.783814999177909755e-01
3.350663996090000001e+04	5.472825005062471604e-01
3.350683496089999971e+04	5.502846464439166141e-01
3.350702996089999942e+04	5.872946486458943127e-01
3.350722596090000297e+04	5.738210749408505507e-01
3.350742096090000268e+04	5.705209819870997734e-01
3.350761596090000239e+04	5.716058638600216568e-01
3.350781196089999867e+04	5.362620793135022268e-01
3.350800696089999838e+04	5.946244215115292775e-01
3.350820196089999808e+04	5.815166780848635142e-01
3.350839796090000164e+04	5.797811881877557028e-01
3.350859296090000134e+04	5.695045136786625051e-01
3.350878796090000105e+04	5.507517561728203503e-01
3.350898296090000076e+04	5.753226408184595186e-01
3.350917896089999704e+04	6.371774178606859351e-01
3.350937396089999675e+04	5.662972690523844221e-01
3.350956896089999645e+04	5.620458326882182831e-01
3.350976496090000001e+04	5.385697740236476960e-01
3.350995996089999971e+04	5.910681087182272364e-01
3.351015496089999942e+04	5.968779822823062631e-01
3.351035096090000297e+04	5.509531241149705494e-01
3.351054596090000268e+04	5.785753734498850775e-01
3.351074096090000239e+04	6.012694383671668419e-01
3.351093696089999867e+04	5.768272499097886197e-01
3.351113196089999838e+04	5.971597617927244528e-01
3.351132696089999808e+04	6.420249387939058749e-01
3.351152296090000164e+04	6.039159269447242906e-01
3.351171796090000134e+04	6.226528769673222996e-01
3.351191296090000105e+04	5.809661849638025899e-01
3.351210796090000076e+04	5.775644407824316318e-01
3.351230396089999704e+04	6.074786546443924351e-01
3.351249896089999675e+04	5.600806833012939023e-01
3.351269396089999645e+04	5.975337807673213320e-01
3.351288996090000001e+04	5.956926875414687572e-01
3.351308496089999971e+04	5.943053193214371532e-01
3.351327996089999942e+04	5.849676645289072496e-01
3.351347596090000297e+04	5.960802123760196025e-01
3.351367096090000268e+04	5.673086667127602567e-01
3.351386596090000239e+04	6.148386934157823447e-01
3.351406196089999867e+04	5.829950029171939718e-01
3.351425696089999838e+04	5.995404831060326956e-01
3.351445196089999808e+04	5.631611497099733299e-01
3.351464796090000164e+04	5.603618703992339078e-01
3.351484296090000134e+04	5.807754651000287538e-01
3.351503796090000105e+04	6.527414696476068201e-01
3.351523296090000076e+04	5.883549016651379304e-01
3.351542896089999704e+04	5.815291543369287552e-01
3.351562396089999675e+04	5.802943931150306156e-01
3.351581896089999645e+04	5.718630789373655432e-01
3.351601496090000001e+04	6.021022564422295886e-01
3.351620996089999971e+04	5.980880395497027990e-01
3.351640496089999942e+04	6.071887207891037974e-01
3.351660096090000297e+04	5.750748061263308841e-01
3.351679596090000268e+04	5.646467937286665517e-01
3.351699096090000239e+04	6.349079235282033551e-01
3.351718696089999867e+04	5.710686362676025141e-01
3.351738196089999838e+04	6.116207340779684642e-01
3.351757696089999808e+04	5.966137587578739243e-01
3.351777296090000164e+04	5.836418861084258225e-01
3.351796796090000134e+04	5.905468507540394540e-01
3.351816296090000105e+04	6.066201408390536898e-01
3.351835796090000076e+04	5.787412619967327032e-01
3.351855396089999704e+04	6.388995188252284407e-01
3.351874896089999675e+04	5.484441455906008400e-01
3.351894396089999645e+04	5.945550332492111067e-01
3.351913996090000001e+04	6.095218649372107222e-01
3.351933496089999971e+04	5.678999369790993512e-01
3.351952996089999942e+04	5.707004224995575470e-01
3.351972596090000297e+04	5.837869930379273598e-01
3.351992096090000268e+04	5.550850639710418477e-01
3.352011596090000239e+04	5.577832475066664131e-01
3.352031196089999867e+04	5.656271332971147814e-01
3.352050696089999838e+04	5.963661306045704436e-01
3.352070196089999808e+04	5.777189267846800647e-01
3.352089796090000164e+04	5.964024152631868247e-01
3.352109296090000134e+04	6.193707542240662889e-01
3.352128796090000105e+04	5.757612957527609154e-01
3.352148296090000076e+04	5.755611380334535454e-01
3.352167896089999704e+04	6.138996498812758773e-01
3.352187396089999675e+04	5.514856391291385052e-01
3.352206896089999645e+04	6.207195011666684081e-01
3.352226496090000001e+04	5.692877328079255506e-01
3.352245996089999971e+04	5.692379810112377925e-01
3.352265496089999942e+04	5.699546858046637965e-01
3.352285096090000297e+04	5.965640535522087617e-01
3.352304596090000268e+04	5.873340272409794949e-01
3.352324096090000239e+04	5.432977325762795573e-01
3.352343696089999867e+04	5.501227114495303994e-01
3.352363196089999838e+04	5.398087078164230945e-01
3.352382696089999808e+04	5.450773227333769455e-01
3.352402296090000164e+04	5.911354327598488112e-01
3.352421796090000134e+04	5.433558942467655584e-01
3.352441296090000105e+04	5.886772151787020846e-01
3.352460796090000076e+04	5.318246577019074550e-01
3.352480396089999704e+04	5.856331222629727051e-01
3.352499896089999675e+04	6.041800182254775109e-01
3.352519396089999645e+04	6.060028669237915722e-01
3.352538996090000001e+04	6.102860634785365335e-01
3.352558496089999971e+04	6.053182836916235487e-01
3.352577996089999942e+04	5.846940165215279706e-01
3.352597596090000297e+04	5.664995162806008011e-01
3.352617096090000268e+04	5.803493322826511758e-01
3.352636596090000239e+04	5.993198389781735358e-01
3.352656196089999867e+04	6.020028148439386939e-01
3.352675696089999838e+04	5.953984308564095329e-01
3.352695196089999808e+04	6.104538096620366616e-01
3.352714796090000164e+04	5.770657235690883624e-01
3.352734296090000134e+04	6.216624168336295497e-01
3.352753796090000105e+04	6.026667506883942593e-01
3.352773296090000076e+04	6.072840047202667790e-01
3.352792896089999704e+04	5.549262898018447743e-01
3.352812396089999675e+04	5.505794543772672966e-01
3.352831896089999645e+04	6.303269839599821012e-01
3.352851496090000001e+04	5.910535632114140014e-01
3.352870996089999971e+04	5.880554019792363363e-01
3.352890496089999942e+04	5.612707775226652984e-01
3.352910096090000297e+04	6.055813545251140795e-01
3.352929596090000268e+04	5.960387207586421709e-01
3.352949096090000239e+04	5.783846349669019560e-01
3.352968696089999867e+04	6.293161262543982559e-01
3.352988196089999838e+04	5.818671060700459918e-01
3.353007696089999808e+04	5.850443456137082165e-01
3.353027296090000164e+04	5.703374062387673860e-01
3.353046796090000134e+04	5.748311020912488800e-01
3.353066296090000105e+04	5.942721645681849907e-01
3.353085796090000076e+04	5.606409419292965879e-01
3.353105396089999704e+04	5.896296907303000268e-01
3.353124896089999675e+04	5.853574159994856529e-01
3.353144396089999645e+04	5.657796272373456503e-01
3.353163996090000001e+04	6.294940694677535475e-01
3.353183496089999971e+04	5.721980371261139453e-01
3.353202996089999942e+04	5.974208468090758117e-01
3.353222596090000297e+04	5.587088739847381191e-01
3.353242096090000268e+04	5.863193159850244029e-01
3.353261596090000239e+04	5.907685888180687073e-01
3.353281196089999867e+04	5.556122831200163148e-01
3.353300696089999838e+04	5.662391617615458728e-01
3.353320196089999808e+04	5.818650400815243984e-01
3.353339796090000164e+04	6.040267579049451996e-01
3.353359296090000134e+04	5.852091931057490370e-01
3.353378796090000105e+04	5.934307486494923012e-01
3.353398296090000076e+04	5.555375691713582142e-01
3.353417896089999704e+04	5.939084383993638028e-01
3.353437396089999675e+04	5.829245220172012409e-01
3.353456896089999645e+04	5.945581128248029756e-01
3.353476496090000001e+04	5.966707260502452925e-01
3.353495996089999971e+04	5.898172703636550551e-01
3.353515496089999942e+04	5.525121539361244061e-01
3.353535096090000297e+04	5.888565138101338192e-01
3.353554596090000268e+04	6.082657162785292115e-01
3.353574096090000239e+04	5.643677232396537846e-01
3.353593696089999867e+04	5.698738056462069324e-01
3.353613196089999838e+04	5.907737875184988496e-01
3.353632696089999808e+04	5.815923725928318078e-01
3.353652296090000164e+04	5.773674240692763249e-01
3.353671796090000134e+04	5.539807999871531052e-01
3.353691296090000105e+04	5.976902143520241850e-01
3.353710796090000076e+04	5.887767109468899918e-01
3.353730396089999704e+04	5.751266215370343104e-01
3.353749896089999675e+04	5.675524366670856580e-01
3.353769396089999645e+04	5.711598647610784951e-01
3.353788996090000001e+04	6.056476422349774680e-01
3.353808496089999971e+04	5.996202597731183914e-01
3.353827996089999942e+04	5.934919156745017688e-01
3.353847596090000297e+04	5.711661277985147223e-01
3.353867096090000268e+04	5.614284945850300801e-01
3.353886596090000239e+04	6.065714612265225014e-01
3.353906196089999867e+04	6.030386212716507544e-01
3.353925696089999838e+04	5.910463527672593642e-01
3.353945196089999808e+04	5.746205859592343757e-01
3.353964796090000164e+04	5.684621374981091435e-01
3.353984296090000134e+04	6.123445236978497519e-01
3.354003796090000105e+04	6.108669661206853618e-01
3.354023296090000076e+04	6.109508329161439377e-01
3.354042896089999704e+04	6.280072114665671279e-01
3.354062396089999675e+04	5.757934156100841250e-01
3.354081896089999645e+04	5.599021722073302954e-01
3.354101496090000001e+04	5.960294380898680799e-01
3.354120996089999971e+04	5.733668315277462568e-01
3.354140496089999942e+04	5.634391734288044518e-01
3.354160096090000297e+04	6.554764796658893999e-01
3.354179596090000268e+04	6.181172278967750344e-01
3.354199096090000239e+04	5.751173309359600694e-01
3.354218696089999867e+04	6.071338418444511831e-01
3.354238196089999838e+04	5.987676726648842873e-01
3.354257696089999808e+04	5.753952190402635836e-01
3.354277296090000164e+04	5.690108446003350195e-01
3.354296796090000134e+04	5.782788357440953320e-01
3.354316296090000105e+04	5.599083935565083436e-01
3.354335796090000076e+04	5.953787436032733638e-01
3.354355396089999704e+04	5.646820649610422294e-01
3.354374896089999675e+04	5.980683633598644633e-01
3.354394396089999645e+04	6.428150187074965771e-01
3.354413996090000001e+04	5.495154345542196950e-01
3.354433496089999971e+04	5.460055067187141731e-01
3.354452996089999942e+04	5.743551155273944886e-01
3.354472596090000297e+04	5.738479950482062719e-01
3.354492096090000268e+04	5.874656330197893794e-01
3.354511596090000239e+04	5.968023350290252438e-01
3.354531196089999867e+04	6.065549144063346887e-01
3.354550696089999838e+04	5.396778628615823692e-01
3.354570196089999808e+04	5.994441634459661827e-01
3.354589796090000164e+04	5.957299878079957978e-01
3.354609296090000134e+04	5.720300285365187420e-01
3.354628796090000105e+04	5.326588305731316808e-01
3.354648296090000076e+04	5.317020599917103851e-01
3.354667896089999704e+04	5.840347484880972218e-01
3.354687396089999675e+04	5.653999188632781170e-01
3.354706896089999645e+04	5.665721741054348115e-01
3.354726496090000001e+04	6.024337225508258342e-01
3.354745996089999971e+04	5.862291500397809330e-01
3.354765496089999942e+04	5.630449201206104703e-01
3.354785096090000297e+04	5.765918468580455425e-01
3.354804596090000268e+04	5.860798639928450626e-01
3.354824096090000239e+04	5.888461690092050560e-01
3.354843696089999867e+04	5.828384842872953442e-01
3.354863196089999838e+04	5.709327461640807400e-01
3.354882696089999808e+04	5.740792822699365416e-01
3.354902296090000164e+04	5.607540366986754066e-01
3.354921796090000134e+04	5.851563305519000835e-01
3.354941296090000105e+04	5.778153854087051400e-01
3.354960796090000076e+04	6.108938988762631084e-01
3.354980396089999704e+04	5.543482040695799640e-01
3.354999896089999675e+04	5.765213475281871780e-01
3.355019396089999645e+04	5.592090255878261473e-01
3.355038996090000001e+04	5.657101037342826544e-01
3.355058496089999971e+04	5.559205147534367342e-01
3.355077996089999942e+04	5.999248147070836978e-01
3.355097596090000297e+04	5.897281232576112586e-01
3.355117096090000268e+04	5.719979037447266990e-01
3.355136596090000239e+04	5.566417630631725899e-01
3.355156196089999867e+04	6.103026077738924471e-01
3.355175696089999838e+04	6.006344196676316471e-01
3.355195196089999808e+04	5.826580729964874195e-01
3.355214796090000164e+04	5.980787042630559824e-01
3.355234296090000134e+04	5.936473159021318224e-01
3.355253796090000105e+04	5.627959541648976938e-01
3.355273296090000076e+04	5.678262673245253467e-01
3.355292896089999704e+04	5.998274376280541276e-01
3.355312396089999675e+04	5.653325151333099541e-01
3.355331896089999645e+04	6.013595489122813831e-01
3.355351496090000001e+04	5.607084031245115341e-01
3.355370996089999971e+04	5.746651870611856339e-01
3.355390496089999942e+04	5.640201817557315422e-01
3.355410096090000297e+04	5.803783647643143695e-01
3.355429596090000268e+04	6.074372357326858207e-01
3.355449096090000239e+04	6.129585069050769164e-01
3.355468696089999867e+04	5.569427077839357310e-01
3.355488196089999838e+04	6.098749697227372479e-01
3.355507696089999808e+04	5.974747419135937321e-01
3.355527296090000164e+04	5.813943819813154334e-01
3.355546796090000134e+04	5.986993017388559934e-01
3.355566296090000105e+04	5.868395955827043764e-01
3.355585796090000076e+04	6.031483974190443575e-01
3.355605396089999704e+04	5.956823456297790642e-01
3.355624896089999675e+04	6.289912194527165212e-01
3.355644396089999645e+04	6.147144383008811275e-01
3.355663996090000001e+04	6.185975655653503935e-01
3.355683496089999971e+04	6.028014059509523292e-01
3.355702996089999942e+04	5.925095576120931185e-01
3.355722596090000297e+04	5.893923453734206674e-01
3.355742096090000268e+04	5.726419416528685247e-01
3.355761596090000239e+04	5.813166208265574397e-01
3.355781196089999867e+04	6.143354883149516610e-01
3.355800696089999838e+04	5.962325079025969643e-01
3.355820196089999808e+04	5.754906268296942073e-01
3.355839796090000164e+04	5.788231727262154180e-01
3.355859296090000134e+04	5.963298992913230734e-01
3.355878796090000105e+04	5.932359335042107773e-01
3.355898296090000076e+04	5.779740113688411896e-01
3.355917896089999704e+04	5.817334041949386858e-01
3.355937396089999675e+04	6.055140613286464912e-01
3.355956896089999645e+04	5.888534424196087969e-01
3.355976496090000001e+04	5.606679299947892048e-01
3.355995996089999971e+04	6.161741736910890666e-01
3.356015496089999942e+04	6.037470771422377425e-01
3.356035096090000297e+04	5.716037880969953022e-01
3.356054596090000268e+04	6.154981456108608029e-01
3.356074096090000239e+04	5.942793829625827584e-01
3.356093696089999867e+04	6.174640531077901784e-01
3.356113196089999838e+04	6.084428076592480750e-01
3.356132696089999808e+04	5.987904362341964770e-01
3.356152296090000164e+04	6.081662997393522119e-01
3.356171796090000134e+04	5.514752161262101993e-01
3.356191296090000105e+04	5.724790852417349640e-01
3.356210796090000076e+04	5.977482381603103079e-01
3.356230396089999704e+04	5.870800996280536310e-01
3.356249896089999675e+04	6.177249214179898473e-01
3.356269396089999645e+04	6.088331905277613032e-01
3.356288996090000001e+04	6.210620596888993816e-01
3.356308496089999971e+04	5.747015038960849864e-01
3.356327996089999942e+04	5.953424574265966385e-01
3.356347596090000297e+04	6.066035940518066383e-01
3.356367096090000268e+04	6.015035364568035448e-01
3.356386596090000239e+04	6.055296035468682447e-01
3.356406196089999867e+04	5.780911676929711973e-01
3.356425696089999838e+04	6.165064539354290218e-01
3.356445196089999808e+04	5.257333393834873192e-01
3.356464796090000164e+04	5.529387799400087289e-01
3.356484296090000134e+04	5.745915466520852277e-01
3.356503796090000105e+04	6.169350341787200875e-01
3.356523296090000076e+04	5.707927125527731960e-01
3.356542896089999704e+04	5.729768891938284980e-01
3.356562396089999675e+04	5.825253816918607441e-01
3.356581896089999645e+04	5.622636847036339702e-01
3.356601496090000001e+04	5.376433785054057779e-01
3.356620996089999971e+04	6.150643466306036089e-01
3.356640496089999942e+04	5.753112303052638765e-01
3.356660096090000297e+04	5.456286223784960754e-01
3.356679596090000268e+04	5.628312280605047846e-01
3.356699096090000239e+04	5.608879154893191554e-01
3.356718696089999867e+04	5.536756732704883888e-01
3.356738196089999838e+04	5.901706507842199301e-01
3.356757696089999808e+04	6.063022003692548623e-01
3.356777296090000164e+04	5.794743074139994121e-01
3.356796796090000134e+04	5.497137363447901492e-01
3.356816296090000105e+04	5.409696987678476177e-01
3.356835796090000076e+04	5.627191944991327688e-01
3.356855396089999704e+04	5.925934962748069523e-01
3.356874896089999675e+04	5.369963421725820751e-01
3.356894396089999645e+04	5.427443023570113212e-01
3.356913996090000001e+04	5.786676872784397574e-01
3.356933496089999971e+04	5.617076074488842607e-01
3.356952996089999942e+04	6.048853627585248915e-01
3.356972596090000297e+04	5.809299308492725800e-01
3.356992096090000268e+04	5.647753846620453544e-01
3.357011596090000239e+04	5.857243499460533798e-01
3.357031196089999867e+04	5.475420486748774351e-01
3.357050696089999838e+04	5.679776872717834380e-01
3.357070196089999808e+04	5.654238184490889552e-01
3.357089796090000164e+04	5.482043856792717662e-01
3.357109296090000134e+04	5.827202820941952410e-01
3.357128796090000105e+04	6.047776584625594865e-01
3.357148296090000076e+04	5.584411631839181211e-01
3.357167896089999704e+04	5.577531809739859625e-01
3.357187396089999675e+04	5.976840025926151156e-01
3.357206896089999645e+04	5.943187414208530583e-01
3.357226496090000001e+04	5.570039124994394797e-01
3.357245996089999971e+04	5.604770520745816498e-01
3.357265496089999942e+04	5.842555304608687550e-01
3.357285096090000297e+04	5.570734606959568680e-01
3.357304596090000268e+04	5.531670727576081248e-01
3.357324096090000239e+04	5.892472716646395270e-01
3.357343696089999867e+04	6.038941824154697713e-01
3.357363196089999838e+04	5.560689238365963405e-01
3.357382696089999808e+04	5.626662299222573438e-01
3.357402296090000164e+04	5.459266254658263762e-01
3.357421796090000134e+04	5.857160694852385774e-01
3.357441296090000105e+04	5.443152342117265619e-01
3.357460796090000076e+04	6.187673175915477941e-01
3.357480396089999704e+04	5.670088561047581521e-01
3.357499896089999675e+04	5.952378439979266744e-01
3.357519396089999645e+04	5.636311422564315166e-01
3.357538996090000001e+04	5.779242683021266203e-01
3.357558496089999971e+04	5.648708338091612546e-01
3.357577996089999942e+04	5.758276553672416753e-01
3.357597596090000297e+04	6.163988008242533567e-01
3.357617096090000268e+04	6.015605012617459835e-01
3.357636596090000239e+04	5.579617651138590873e-01
3.357656196089999867e+04	6.035792849438692542e-01
3.357675696089999838e+04	6.328493019322998236e-01
3.357695196089999808e+04	5.902722146634360456e-01
3.357714796090000164e+04	6.034342953288778233e-01
3.357734296090000134e+04	5.817396110984667246e-01
3.357753796090000105e+04	5.793882575613711339e-01
3.357773296090000076e+04	5.462079748721855310e-01
3.357792896089999704e+04	5.317581789263492453e-01
3.357812396089999675e+04	5.448416770624575634e-01
3.357831896089999645e+04	5.796049490724648479e-01
3.357851496090000001e+04	5.826197554618559593e-01
3.357870996089999971e+04	5.867349458038102483e-01
3.357890496089999942e+04	5.945809248134104052e-01
3.357910096090000297e+04	5.436351504013980929e-01
3.357929596090000268e+04	5.573920409734434145e-01
3.357949096090000239e+04	6.171524515672199840e-01
3.357968696089999867e+04	5.805753483528555137e-01
3.357988196089999838e+04	5.699546858046637965e-01
