# time(sec)	crack length FEA(mm)
4.635156260899999324e+03	7.381370085351512955e-02
4.635351560899999640e+03	4.286285462865180307e-02
4.635546860899999956e+03	5.343477016507947042e-02
4.635742160899999362e+03	8.330742928720624718e-02
4.635937460899999678e+03	9.699794910798864578e-02
4.636132860899999287e+03	7.124552751668566941e-02
4.636328160899999602e+03	7.992356996360783228e-02
4.636523460899999918e+03	9.029795837106036061e-02
4.636718760899999324e+03	3.425059246424488890e-02
4.636914060899999640e+03	3.996943225514471010e-02
4.637109360899999956e+03	3.575319144280797445e-02
4.637304660899999362e+03	5.264993914733118174e-02
4.637499960899999678e+03	4.029694519626403348e-02
4.637695360899999287e+03	3.446030953387868578e-02
4.637890660899999602e+03	4.085836516322594036e-02
4.638085960899999918e+03	5.392071067945813923e-02
4.638281260899999324e+03	4.204073704050870219e-02
4.638476560899999640e+03	1.063328813921042837e-01
4.638671860899999956e+03	6.681436169756871379e-02
4.638867160899999362e+03	3.711500025427305616e-02
4.639062460899999678e+03	6.112371695075680122e-02
4.639257860899999287e+03	7.898629070078477810e-02
4.639453160899999602e+03	1.133434292092587725e-01
4.639648460899999918e+03	8.950593696440733993e-02
4.639843760899999324e+03	6.598243955254545767e-02
4.640039060899999640e+03	5.461113639563031086e-02
4.640234360899999956e+03	6.733403453378983272e-02
4.640429660899999362e+03	6.865169129424941730e-02
4.640624960899999678e+03	1.029225239559945493e-01
4.640820360899999287e+03	7.959880560819598827e-02
4.641015660899999602e+03	8.749563440046870255e-02
4.641210960899999918e+03	8.161925867566210968e-02
4.641406260899999324e+03	7.341478932290002035e-02
4.641601560899999640e+03	1.131279119651651399e-01
4.641796860899999956e+03	5.013892050941493039e-02
4.641992160899999362e+03	5.356384366100286343e-02
4.642187460899999678e+03	7.636362743433977585e-02
4.642382860899999287e+03	3.988360831755066727e-02
4.642578160899999602e+03	5.599087332026897457e-02
4.642773460899999918e+03	1.053986989832988996e-01
4.642968760899999324e+03	1.108310571297277392e-01
4.643164060899999640e+03	3.930509687176453326e-02
4.643359360899999956e+03	5.702641981134348725e-02
4.643554660899999362e+03	7.814842229056395695e-02
4.643749960899999678e+03	5.542119920643528985e-02
4.643945360899999287e+03	8.153146226487706372e-02
4.644140660899999602e+03	8.133682812494491543e-02
4.644335960899999918e+03	6.770658383005567771e-02
4.644531260899999324e+03	3.690306805449949934e-02
4.644726560899999640e+03	8.138125567273668537e-02
4.644921860899999956e+03	5.428392996729769493e-02
4.645117160899999362e+03	7.389729164468405997e-02
4.645312460899999678e+03	3.276686322097610571e-02
4.645507860899999287e+03	3.683630791897130052e-02
4.645703160899999602e+03	7.445702686198174547e-02
4.645898460899999918e+03	6.528597421636561648e-02
4.646093760899999324e+03	4.255892370021996385e-02
4.646289060899999640e+03	5.940229814461517321e-02
4.646484360899999956e+03	5.695124343173141312e-02
4.646679660899999362e+03	6.707790381204681296e-02
4.646874960899999678e+03	6.091833923758116498e-02
4.647070360899999287e+03	5.367079750496017709e-02
4.647265660899999602e+03	5.518612532000233273e-02
4.647460960899999918e+03	8.012561999503731158e-02
4.647656260899999324e+03	1.082169927985390245e-01
4.647851560899999640e+03	6.779654515652566715e-02
4.648046860899999956e+03	5.344523950637025678e-02
4.648242160899999362e+03	6.690021477361263180e-02
4.648437460899999678e+03	3.246798749022872244e-02
4.648632860899999287e+03	3.624182972303202632e-02
4.648828160899999602e+03	3.584644640445233676e-02
4.649023460899999918e+03	3.814602883577755676e-02
4.649218760899999324e+03	7.993732211662418763e-02
4.649414060899999640e+03	6.305884949288120822e-02
4.649609360899999956e+03	4.410669658185994990e-02
4.649804660899999362e+03	4.462671849135801949e-02
4.649999960899999678e+03	4.989320578464884193e-02
4.650195360899999287e+03	4.055864758185201424e-02
4.650390660899999602e+03	3.381502291830251750e-02
4.650585960899999918e+03	5.450312957233904854e-02
4.650781260899999324e+03	5.712924412593167744e-02
4.650976560899999640e+03	4.060420777246065427e-02
4.651171860899999956e+03	5.069918432868902869e-02
4.651367160899999362e+03	3.871714797570469102e-02
4.651562460899999678e+03	4.035415630638894413e-02
4.651757860899999287e+03	6.700182166993151611e-02
4.651953160899999602e+03	3.744761239239835504e-02
4.652148460899999918e+03	4.192843823242498047e-02
4.652343760899999324e+03	6.295828604283215668e-02
4.652539060899999640e+03	5.134203875184795152e-02
4.652734360899999956e+03	4.313088690123478841e-02
4.652929660899999362e+03	5.335946502722954676e-02
4.653124960899999678e+03	8.204131198292685667e-02
4.653320360899999287e+03	5.375563743613653855e-02
4.653515660899999602e+03	5.886340421916358423e-02
4.653710960899999918e+03	6.040488536239152495e-02
4.653906260899999324e+03	5.634876652902676142e-02
4.654101560899999640e+03	3.646954703619087468e-02
4.654296860899999956e+03	5.798251593302339302e-02
4.654492160899999362e+03	4.176328014626129459e-02
4.654687460899999678e+03	5.596228231956423826e-02
4.654882860899999287e+03	5.961298288141492208e-02
4.655078160899999602e+03	4.365646586798277440e-02
4.655273460899999918e+03	4.040807559276338168e-02
4.655468760899999324e+03	8.309800068597184008e-02
4.655664060899999640e+03	3.918324466552647323e-02
4.655859360899999956e+03	5.434534727249129560e-02
4.656054660899999362e+03	6.385064466461187749e-02
4.656249960899999678e+03	3.891093635263942474e-02
4.656445360899999287e+03	8.473742004318118859e-02
4.656640660899999602e+03	3.797106988727527721e-02
4.656835960899999918e+03	6.972269945979725492e-02
4.657031260899999324e+03	1.027661032267062069e-01
4.657226560899999640e+03	4.068249103868204486e-02
4.657421860899999956e+03	5.096395020792776620e-02
4.657617160899999362e+03	3.618025021102155847e-02
4.657812460899999678e+03	3.404923448505847716e-02
4.658007860899999287e+03	5.786287300104220321e-02
4.658203160899999602e+03	8.360676094577712547e-02
4.658398460899999918e+03	7.582297970177265256e-02
4.658593760899999324e+03	6.291806018677092993e-02
4.658789060899999640e+03	5.678830649134702924e-02
4.658984360899999956e+03	5.261075752991217769e-02
4.659179660899999362e+03	3.395691439056491845e-02
4.659374960899999678e+03	7.462526183936901703e-02
4.659570360899999287e+03	9.075053089613760449e-02
4.659765660899999602e+03	7.198732990868883519e-02
4.659960960899999918e+03	4.944413548118120616e-02
4.660156260899999324e+03	5.087710926352428942e-02
4.660351560899999640e+03	3.539406184255611265e-02
4.660546860899999956e+03	6.654340795795121721e-02
4.660742160899999362e+03	3.585386247397082116e-02
4.660937460899999678e+03	3.515668213574585366e-02
4.661132860899999287e+03	4.580043973460412587e-02
4.661328160899999602e+03	6.759663187383857519e-02
4.661523460899999918e+03	6.429639776266249385e-02
4.661718760899999324e+03	3.956362857158879365e-02
4.661914060899999640e+03	3.868418147696850440e-02
4.662109360899999956e+03	5.837649393847499368e-02
4.662304660899999362e+03	8.618225311467497818e-02
4.662499960899999678e+03	3.991657233988732401e-02
4.662695360899999287e+03	4.309816418733625198e-02
4.662890660899999602e+03	4.389376566309266536e-02
4.663085960899999918e+03	5.486751456058414078e-02
4.663281260899999324e+03	5.122036544300812011e-02
4.663476560899999640e+03	3.687552040615216242e-02
4.663671860899999956e+03	8.648367157450387310e-02
4.663867160899999362e+03	4.270935838702882847e-02
4.664062460899999678e+03	9.489849326683952313e-02
4.664257860899999287e+03	8.321764178659485367e-02
4.664453160899999602e+03	7.322761660141274831e-02
4.664648460899999918e+03	6.155787942807933177e-02
4.664843760899999324e+03	6.970906061526171982e-02
4.665039060899999640e+03	5.254945587685355690e-02
4.665234360899999956e+03	7.093981588606013133e-02
4.665429660899999362e+03	3.580829644078420415e-02
4.665624960899999678e+03	7.435767842487450707e-02
4.665820360899999287e+03	5.481350811726315442e-02
4.666015660899999602e+03	5.503693908318041395e-02
4.666210960899999918e+03	5.865283397571374735e-02
4.666406260899999324e+03	4.202602481916528632e-02
4.666601560899999640e+03	5.936112696714701542e-02
4.666796860899999956e+03	5.386788361952454807e-02
4.666992160899999362e+03	8.441600414782612916e-02
4.667187460899999678e+03	8.677661063051722579e-02
4.667382860899999287e+03	3.325002370098317783e-02
4.667578160899999602e+03	4.387457685140461194e-02
4.667773460899999918e+03	6.226079852336319220e-02
4.667968760899999324e+03	7.443280745652991470e-02
4.668164060899999640e+03	6.991013052984662579e-02
4.668359360899999956e+03	6.873436172952196443e-02
4.668554660899999362e+03	5.033073668579746140e-02
4.668749960899999678e+03	3.843741477576934074e-02
4.668945360899999287e+03	4.828447212752173812e-02
4.669140660899999602e+03	3.424741446738721606e-02
4.669335960899999918e+03	4.776122575516694724e-02
4.669531260899999324e+03	7.284021691661202169e-02
4.669726560899999640e+03	5.614229211671428743e-02
4.669921860899999956e+03	6.266094324950088890e-02
4.670117160899999362e+03	5.043229320902042900e-02
4.670312460899999678e+03	3.397175127876117529e-02
4.670507860899999287e+03	4.230253763174118831e-02
4.670703160899999602e+03	7.703662707721825598e-02
4.670898460899999918e+03	4.970997624775108648e-02
4.671093760899999324e+03	4.942612886912556291e-02
4.671289060899999640e+03	6.352156111214313228e-02
4.671484360899999956e+03	5.257275095516611430e-02
4.671679660899999362e+03	5.736430354025401357e-02
4.671874960899999678e+03	3.624924931749440304e-02
4.672070360899999287e+03	4.868472148037383818e-02
4.672265660899999602e+03	4.194856609025876537e-02
4.672460960899999918e+03	3.468179788738190439e-02
4.672656260899999324e+03	5.953463757941257484e-02
4.672851560899999640e+03	4.683652176909092191e-02
4.673046860899999956e+03	5.095442070774680587e-02
4.673242160899999362e+03	3.332751276329481982e-02
4.673437460899999678e+03	6.589353005881903869e-02
4.673632860899999287e+03	5.983636951216908528e-02
4.673828160899999602e+03	3.273600926146258416e-02
4.674023460899999918e+03	3.343879107540637108e-02
4.674218760899999324e+03	5.495210982870801786e-02
4.674414060899999640e+03	6.597820542788213061e-02
4.674609360899999956e+03	4.086908049604787152e-02
4.674804660899999362e+03	8.746296822592114495e-02
4.674999960899999678e+03	1.046368618850763710e-01
4.675195360899999287e+03	3.506012677330794247e-02
4.675390660899999602e+03	3.985300019490267687e-02
4.675585960899999918e+03	5.329286464418103719e-02
4.675781260899999324e+03	5.755688282453164106e-02
4.675976560899999640e+03	4.117527130257059298e-02
4.676171860899999956e+03	4.584187468498512885e-02
4.676367160899999362e+03	5.234294672325567888e-02
4.676562460899999678e+03	3.720601303502490964e-02
4.676757860899999287e+03	3.494155649879004955e-02
4.676953160899999602e+03	3.823385403335777255e-02
4.677148460899999918e+03	5.016857525927065353e-02
4.677343760899999324e+03	7.432793961122996507e-02
4.677539060899999640e+03	4.208959149170610203e-02
4.677734360899999956e+03	6.861159523093895984e-02
4.677929660899999362e+03	5.137804649919708311e-02
4.678124960899999678e+03	5.077120160707693231e-02
4.678320360899999287e+03	4.022171713539357540e-02
4.678515660899999602e+03	6.301662403874530582e-02
4.678710960899999918e+03	3.687446270110861235e-02
4.678906260899999324e+03	3.834099645290756087e-02
4.679101560899999640e+03	3.402686016450040540e-02
4.679296860899999956e+03	5.677865478812194056e-02
4.679492160899999362e+03	5.233447480132014107e-02
4.679687460899999678e+03	5.512059397714885733e-02
4.679882860899999287e+03	1.252976484924701595e-01
4.680078160899999602e+03	5.364750344064361798e-02
4.680273460899999918e+03	4.620626670160454808e-02
4.680468760899999324e+03	4.939447513708117299e-02
4.680664060899999640e+03	3.944813593966856047e-02
4.680859360899999956e+03	5.399601505142825886e-02
4.681054660899999362e+03	3.515138505728110374e-02
4.681249960899999678e+03	5.836061731561592580e-02
4.681445360899999287e+03	4.418496898587775945e-02
4.681640660899999602e+03	4.742957606226561040e-02
4.681835960899999918e+03	5.032120694643538172e-02
4.682031260899999324e+03	4.234597335289080888e-02
4.682226560899999640e+03	5.987660028500485510e-02
4.682421860899999956e+03	5.029049432326360147e-02
4.682617160899999362e+03	3.986889483889655139e-02
4.682812460899999678e+03	4.817419930593480615e-02
4.683007860899999287e+03	4.553032112734811676e-02
4.683203160899999602e+03	4.977681949932843963e-02
4.683398460899999918e+03	6.070884104111229362e-02
4.683593760899999324e+03	4.647108064040850195e-02
4.683789060899999640e+03	6.756264485800755892e-02
4.683984360899999956e+03	6.951104104133776218e-02
4.684179660899999362e+03	9.796415689106652280e-02
4.684374960899999678e+03	5.366656131250024941e-02
4.684570360899999287e+03	5.229834763257557029e-02
4.684765660899999602e+03	5.643347486722305462e-02
4.684960960899999918e+03	3.949051806715786483e-02
4.685156260899999324e+03	5.224963645812330526e-02
4.685351560899999640e+03	4.448052932835722117e-02
4.685546860899999956e+03	5.202088726293396803e-02
4.685742160899999362e+03	4.152596031995514636e-02
4.685937460899999678e+03	5.331922021859547556e-02
4.686132860899999287e+03	5.974955547265459188e-02
4.686328160899999602e+03	3.364533499368604907e-02
4.686523460899999918e+03	5.529307228536239904e-02
4.686718760899999324e+03	6.312342252083880112e-02
4.686914060899999640e+03	4.039442088754441329e-02
4.687109360899999956e+03	3.976081852553114970e-02
4.687304660899999362e+03	3.777609941333359700e-02
4.687499960899999678e+03	3.656597614729584222e-02
4.687695360899999287e+03	6.460536688493156987e-02
4.687890660899999602e+03	5.626405881587182023e-02
4.688085960899999918e+03	3.486207677023145379e-02
4.688281260899999324e+03	3.259198787700512412e-02
4.688476560899999640e+03	8.017957023141519812e-02
4.688671860899999956e+03	4.824940002679056761e-02
4.688867160899999362e+03	6.440119299327307090e-02
4.689062460899999678e+03	5.394612574820456530e-02
4.689257860899999287e+03	4.425394894614242958e-02
4.689453160899999602e+03	5.357125816458463419e-02
4.689648460899999918e+03	4.920700867607408213e-02
4.689843760899999324e+03	3.505600832491673202e-02
4.690039060899999640e+03	3.336554559798443620e-02
4.690234360899999956e+03	4.610774976592502128e-02
4.690429660899999362e+03	3.918124665740485568e-02
4.690624960899999678e+03	5.343147471151965533e-02
4.690820360899999287e+03	4.527090945322598259e-02
4.691015660899999602e+03	3.951700799839130696e-02
4.691210960899999918e+03	3.944083722315383511e-02
4.691406260899999324e+03	3.214355124307033407e-02
4.691601560899999640e+03	7.661448736000053827e-02
4.691796860899999956e+03	4.636621179588473751e-02
4.691992160899999362e+03	4.542132797591946769e-02
4.692187460899999678e+03	7.155782161026280619e-02
4.692382860899999287e+03	4.189029836862800948e-02
4.692578160899999602e+03	3.592604298920321071e-02
4.692773460899999918e+03	4.311723002880363254e-02
4.692968760899999324e+03	4.711192460479196598e-02
4.693164060899999640e+03	7.779836007100371376e-02
4.693359360899999956e+03	4.436094226138109775e-02
4.693554660899999362e+03	3.624913209522162560e-02
4.693749960899999678e+03	4.573170836692952435e-02
4.693945360899999287e+03	6.141813932625517225e-02
4.694140660899999602e+03	5.726582925939638358e-02
4.694335960899999918e+03	5.596028563959265512e-02
4.694531260899999324e+03	4.613199730273365162e-02
4.694726560899999640e+03	5.495952028585193716e-02
4.694921860899999956e+03	7.642828014585489882e-02
4.695117160899999362e+03	4.617978015037493833e-02
4.695312460899999678e+03	7.459363518338157917e-02
4.695507860899999287e+03	7.232806477921904786e-02
4.695703160899999602e+03	3.776338373704390960e-02
4.695898460899999918e+03	4.881511718225084451e-02
4.696093760899999324e+03	4.104919072237223077e-02
4.696289060899999640e+03	4.699329011559072455e-02
4.696484360899999956e+03	4.017192507696343284e-02
4.696679660899999362e+03	3.608499458796288195e-02
4.696874960899999678e+03	6.204366435582464590e-02
4.697070360899999287e+03	6.748009129324117339e-02
4.697265660899999602e+03	4.890408690497949351e-02
4.697460960899999918e+03	3.387213057452598264e-02
4.697656260899999324e+03	5.409226371581254966e-02
4.697851560899999640e+03	5.142676299550785757e-02
4.698046860899999956e+03	4.309922163164436881e-02
4.698242160899999362e+03	5.832873418755468720e-02
4.698437460899999678e+03	4.400699594721757535e-02
4.698632860899999287e+03	4.347095444371795736e-02
4.698828160899999602e+03	6.394073502833208522e-02
4.699023460899999918e+03	3.710440691787653122e-02
4.699218760899999324e+03	5.605228737873702016e-02
4.699414060899999640e+03	4.594568110414343209e-02
4.699609360899999956e+03	3.368254671040205039e-02
4.699804660899999362e+03	4.826528665421747633e-02
4.699999960899999678e+03	6.669593693257880318e-02
4.700195360899999287e+03	5.685806733936971114e-02
4.700390660899999602e+03	4.123130570039812426e-02
4.700585960899999918e+03	8.565756348237485440e-02
4.700781260899999324e+03	5.368680058906960539e-02
4.700976560899999640e+03	5.794345790115684736e-02
4.701171860899999956e+03	4.633537718286362406e-02
4.701367160899999362e+03	3.218806871942447856e-02
4.701562460899999678e+03	3.200588850152463749e-02
4.701757860899999287e+03	6.779866161166658856e-02
4.701953160899999602e+03	4.945908042972035901e-02
4.702148460899999918e+03	4.762776819312186660e-02
4.702343760899999324e+03	8.248780101062536119e-02
4.702539060899999640e+03	4.539378962227225145e-02
4.702734360899999956e+03	7.376091000825368837e-02
4.702929660899999362e+03	3.409480642367768155e-02
4.703124960899999678e+03	4.526455077355429069e-02
4.703320360899999287e+03	4.232902188201492777e-02
4.703515660899999602e+03	9.139565975383590057e-02
4.703710960899999918e+03	7.384344845432622151e-02
4.703906260899999324e+03	4.210536480217541566e-02
4.704101560899999640e+03	5.720018619496336498e-02
4.704296860899999956e+03	7.556705046930645153e-02
4.704492160899999362e+03	5.376928218426790806e-02
4.704687460899999678e+03	7.734238086552380764e-02
4.704882860899999287e+03	7.394291051283730098e-02
4.705078160899999602e+03	4.810229178161051777e-02
4.705273460899999918e+03	3.967169935815917370e-02
4.705468760899999324e+03	6.374702900258988336e-02
4.705664060899999640e+03	6.513367088619759215e-02
4.705859360899999956e+03	5.604817235477810300e-02
4.706054660899999362e+03	4.757268899242461657e-02
4.706249960899999678e+03	8.784473825079253118e-02
4.706445360899999287e+03	7.794541671648858028e-02
4.706640660899999602e+03	6.280279606595229325e-02
4.706835960899999918e+03	4.004160100488718399e-02
4.707031260899999324e+03	9.251751358677395842e-02
4.707226560899999640e+03	5.407755851962114946e-02
4.707421860899999956e+03	6.187228796083132920e-02
4.707617160899999362e+03	7.581252055856779748e-02
4.707812460899999678e+03	8.515531016786326290e-02
4.708007860899999287e+03	3.358492422679759670e-02
4.708203160899999602e+03	4.036687704863695103e-02
4.708398460899999918e+03	9.855412273320318661e-02
4.708593760899999324e+03	1.229723318995326053e-01
4.708789060899999640e+03	3.594087507931043035e-02
4.708984360899999956e+03	3.614327935128436309e-02
4.709179660899999362e+03	5.972638140710095911e-02
4.709374960899999678e+03	4.917946717515775390e-02
4.709570360899999287e+03	9.051167088829537022e-02
4.709765660899999602e+03	7.016517616114015254e-02
4.709960960899999918e+03	9.530130108075951512e-02
4.710156260899999324e+03	4.093994745730000773e-02
4.710351560899999640e+03	5.636888288643859823e-02
4.710546860899999956e+03	9.796955953779473703e-02
4.710742160899999362e+03	5.983330912049389383e-02
4.710937460899999678e+03	6.605559040166575357e-02
4.711132860899999287e+03	4.859904706941620134e-02
4.711328160899999602e+03	6.860524152426705768e-02
4.711523460899999918e+03	7.939792529536582322e-02
4.711718760899999324e+03	4.944531345977054571e-02
4.711914060899999640e+03	6.872695168346432126e-02
4.712109360899999956e+03	1.156063705789218687e-01
4.712304660899999362e+03	7.589716078828523393e-02
4.712499960899999678e+03	6.156211338584860471e-02
4.712695360899999287e+03	7.074615818711826876e-02
4.712890660899999602e+03	6.654670169836229832e-02
4.713085960899999918e+03	6.204695777485547126e-02
4.713281260899999324e+03	9.318995523841877571e-02
4.713476560899999640e+03	9.897484146886625922e-02
4.713671860899999956e+03	5.376198851839575354e-02
4.713867160899999362e+03	6.159598956918088675e-02
4.714062460899999678e+03	6.590211814805257973e-02
4.714257860899999287e+03	5.573898395895504621e-02
4.714453160899999602e+03	8.064937204103550528e-02
4.714648460899999918e+03	1.103948114998321017e-01
4.714843760899999324e+03	6.473779973936188981e-02
4.715039060899999640e+03	4.696257344133414335e-02
4.715234360899999956e+03	3.613480198964857948e-02
4.715429660899999362e+03	7.705884715269561980e-02
4.715624960899999678e+03	4.165415352851020714e-02
4.715820360899999287e+03	9.943677589165211828e-02
4.716015660899999602e+03	6.571265318011221268e-02
4.716210960899999918e+03	3.363379595370830089e-02
4.716406260899999324e+03	6.721667046232226994e-02
4.716601560899999640e+03	3.539300407544487825e-02
4.716796860899999956e+03	7.447725218106704403e-02
4.716992160899999362e+03	3.437034830698060262e-02
4.717187460899999678e+03	3.713195431649118916e-02
4.717382860899999287e+03	4.604301780540254185e-02
4.717578160899999602e+03	3.447090397964558406e-02
4.717773460899999918e+03	3.556879782646227284e-02
4.717968760899999324e+03	5.825368335741742953e-02
4.718164060899999640e+03	8.647838435933685730e-02
4.718359360899999956e+03	7.161285208215062426e-02
4.718554660899999362e+03	3.286637104748635352e-02
4.718749960899999678e+03	5.255992558558197913e-02
4.718945360899999287e+03	6.018691543400223054e-02
4.719140660899999602e+03	4.328038066205230905e-02
4.719335960899999918e+03	4.062103591884635989e-02
4.719531260899999324e+03	6.434403639335428693e-02
4.719726560899999640e+03	3.969407231753407927e-02
4.719921860899999956e+03	3.617389197180642668e-02
4.720117160899999362e+03	4.538425710823545955e-02
4.720312460899999678e+03	3.442851342523489677e-02
4.720507860899999287e+03	3.474338469517590511e-02
4.720703160899999602e+03	4.149099966382685523e-02
4.720898460899999918e+03	7.708423890411530977e-02
4.721093760899999324e+03	5.802392542260648156e-02
4.721289060899999640e+03	7.651716247647399882e-02
4.721484360899999956e+03	3.858882172982092129e-02
4.721679660899999362e+03	1.097672029420486695e-01
4.721874960899999678e+03	5.603228789921743669e-02
4.722070360899999287e+03	4.594250184951675919e-02
4.722265660899999602e+03	6.795859690114980367e-02
4.722460960899999918e+03	4.322847247911099089e-02
4.722656260899999324e+03	4.372626394566303532e-02
4.722851560899999640e+03	7.281705670070692804e-02
4.723046860899999956e+03	3.380442091450674980e-02
4.723242160899999362e+03	5.784711408629306106e-02
4.723437460899999678e+03	5.291163059952808112e-02
4.723632860899999287e+03	7.578712752536276298e-02
4.723828160899999602e+03	6.482776984322136116e-02
4.724023460899999918e+03	6.220575126748073558e-02
4.724218760899999324e+03	7.331650113459886597e-02
4.724414060899999640e+03	5.148619022328837502e-02
4.724609360899999956e+03	6.296793356241892070e-02
4.724804660899999362e+03	3.789371957051557160e-02
4.724999960899999678e+03	3.950323287355672619e-02
4.725195360899999287e+03	5.129755777321420851e-02
4.725390660899999602e+03	7.876942088972072042e-02
4.725585960899999918e+03	4.359913868419873495e-02
4.725781260899999324e+03	6.358930816792351948e-02
4.725976560899999640e+03	5.050019259089921775e-02
4.726171860899999956e+03	7.037247863563145245e-02
4.726367160899999362e+03	7.951311789829773602e-02
4.726562460899999678e+03	5.211937474511607604e-02
4.726757860899999287e+03	3.680346346589402629e-02
4.726953160899999602e+03	4.559493722411822603e-02
4.727148460899999918e+03	4.275385723710556363e-02
4.727343760899999324e+03	5.097771998817890449e-02
4.727539060899999640e+03	5.122354403267870282e-02
4.727734360899999956e+03	7.541140327327156001e-02
4.727929660899999362e+03	7.952698929584833820e-02
4.728124960899999678e+03	6.453244782774092414e-02
4.728320360899999287e+03	4.824952083268385650e-02
4.728515660899999602e+03	3.361142126505711758e-02
4.728710960899999918e+03	4.546570213531886395e-02
4.728906260899999324e+03	4.394237578461357430e-02
4.729101560899999640e+03	7.508023230319693653e-02
4.729296860899999956e+03	6.000152643821543563e-02
4.729492160899999362e+03	3.532718049046046360e-02
4.729687460899999678e+03	4.165191768128551075e-02
4.729882860899999287e+03	5.344312184611332839e-02
4.730078160899999602e+03	5.405414132395236493e-02
4.730273460899999918e+03	6.055521730766955102e-02
4.730468760899999324e+03	6.986450981478498079e-02
4.730664060899999640e+03	3.671433021743197855e-02
4.730859360899999956e+03	4.262024962910260228e-02
4.731054660899999362e+03	1.150157383812064893e-01
4.731249960899999678e+03	7.027300248334711341e-02
4.731445360899999287e+03	3.625666890977363721e-02
4.731640660899999602e+03	1.259997250678619451e-01
4.731835960899999918e+03	9.029795837106036061e-02
4.732031260899999324e+03	7.385496729714802200e-02
4.732226560899999640e+03	7.180214564546538725e-02
4.732421860899999956e+03	9.810263652651762811e-02
4.732617160899999362e+03	1.323450174936784407e-01
4.732812460899999678e+03	7.172595525215186285e-02
4.733007860899999287e+03	4.146757078439655686e-02
4.733203160899999602e+03	9.294454624525627651e-02
4.733398460899999918e+03	7.902649073469802943e-02
4.733593760899999324e+03	1.103957501529109209e-01
4.733789060899999640e+03	1.111638708550302113e-01
4.733984360899999956e+03	5.840072968560505728e-02
4.734179660899999362e+03	3.255595696190560773e-02
4.734374960899999678e+03	4.373168278268479980e-02
4.734570360899999287e+03	4.259812092904624592e-02
4.734765660899999602e+03	7.714654057696890277e-02
