# time(sec)	crack length FEA(mm)
2.971777428910000162e+04	1.103325702945557651e+00
2.971796928910000133e+04	1.095724117855334967e+00
2.971816528910000125e+04	1.090402479928560098e+00
2.971836028910000095e+04	1.046542067462572945e+00
2.971855528910000066e+04	1.074229970639560605e+00
2.971875128910000058e+04	1.083372779517212336e+00
2.971894628910000029e+04	1.076703284098417868e+00
2.971914128909999999e+04	1.083587702698123323e+00
2.971933728909999991e+04	1.100459522034169524e+00
2.971953228909999962e+04	1.044757182023477782e+00
2.971972728909999933e+04	1.083083726151194526e+00
2.971992328909999924e+04	1.040419170367831825e+00
2.972011828909999895e+04	1.082254565543099289e+00
2.972031328909999866e+04	1.100602398483063737e+00
2.972050928909999857e+04	1.019719094319659902e+00
2.972070428910000192e+04	1.089307874809751553e+00
2.972089928910000162e+04	1.058459923197672126e+00
2.972109428910000133e+04	1.104508445965455721e+00
2.972129028910000125e+04	1.129926860453196014e+00
2.972148528910000095e+04	1.110496502105389638e+00
2.972168028910000066e+04	1.050832424331552772e+00
2.972187628910000058e+04	1.059365116811950003e+00
2.972207128910000029e+04	1.054272750430209626e+00
2.972226628909999999e+04	1.088500209788804796e+00
2.972246228909999991e+04	1.096201373285392577e+00
2.972265728909999962e+04	1.078265349721966970e+00
2.972285228909999933e+04	1.053629275265421938e+00
2.972304828909999924e+04	1.039903618568324362e+00
2.972324328909999895e+04	1.079354095218077347e+00
2.972343828909999866e+04	9.780811513550631275e-01
2.972363428909999857e+04	1.029803918843025912e+00
2.972382928910000192e+04	1.088472656670278482e+00
2.972402428910000162e+04	1.066694352086654973e+00
2.972421928910000133e+04	1.044366990983540688e+00
2.972441528910000125e+04	1.060624336702151282e+00
2.972461028910000095e+04	1.048579222486365481e+00
2.972480528910000066e+04	1.118551096779949461e+00
2.972500128910000058e+04	1.032911041660254270e+00
2.972519628910000029e+04	1.080138874432295282e+00
2.972539128909999999e+04	1.055557645308812909e+00
2.972558728909999991e+04	1.039733861268576476e+00
2.972578228909999962e+04	1.093321695785373748e+00
2.972597728909999933e+04	1.045409460046261785e+00
2.972617328909999924e+04	1.073779844346990586e+00
2.972636828909999895e+04	1.090244811886933007e+00
2.972656328909999866e+04	1.059526267168013902e+00
2.972675928909999857e+04	1.090696627142584418e+00
2.972695428910000192e+04	1.042190531623150562e+00
2.972714928910000162e+04	1.101802181385142632e+00
2.972734428910000133e+04	1.108089212929009193e+00
2.972754028910000125e+04	1.086497205851150838e+00
2.972773528910000095e+04	1.077844957636845180e+00
2.972793028910000066e+04	1.127950587283372386e+00
2.972812628910000058e+04	1.043736914175667607e+00
2.972832128910000029e+04	1.125167639323443325e+00
2.972851628909999999e+04	1.069133410353956037e+00
2.972871228909999991e+04	1.082168791794886786e+00
2.972890728909999962e+04	1.073903682245349600e+00
2.972910228909999933e+04	1.073625159807010121e+00
2.972929828909999924e+04	1.140972801716010565e+00
2.972949328909999895e+04	1.098988717207120658e+00
2.972968828909999866e+04	1.073464195827265044e+00
2.972988428909999857e+04	1.073817969382137250e+00
2.973007928910000192e+04	1.046820906735339562e+00
2.973027428910000162e+04	1.051926614088262824e+00
2.973046928910000133e+04	1.051641368195081583e+00
2.973066528910000125e+04	1.098275550423803537e+00
2.973086028910000095e+04	1.092606267839158818e+00
2.973105528910000066e+04	1.024905917468855066e+00
2.973125128910000058e+04	1.058153631833405939e+00
2.973144628910000029e+04	1.092985122757559324e+00
2.973164128909999999e+04	1.073561647863614965e+00
2.973183728909999991e+04	1.086936542549640450e+00
2.973203228909999962e+04	1.097881872466002662e+00
2.973222728909999933e+04	1.072263983505546747e+00
2.973242328909999924e+04	1.070709896177683973e+00
2.973261828909999895e+04	1.039981070504431671e+00
2.973281328909999866e+04	1.128619561018300743e+00
2.973300928909999857e+04	1.111058040622214804e+00
2.973320428910000192e+04	1.064686326072827427e+00
2.973339928910000162e+04	1.121543044185731475e+00
2.973359428910000133e+04	1.047466843009081217e+00
2.973379028910000125e+04	1.112428716646983062e+00
2.973398528910000095e+04	1.041006783775396016e+00
2.973418028910000066e+04	1.082288492931855473e+00
2.973437628910000058e+04	1.031646164172116187e+00
2.973457128910000029e+04	1.047947161936786387e+00
2.973476628909999999e+04	1.109779501417305525e+00
2.973496228909999991e+04	1.072713137522322668e+00
2.973515728909999962e+04	1.060940155470964541e+00
2.973535228909999933e+04	1.078331123444707274e+00
2.973554828909999924e+04	1.065081645971048374e+00
2.973574328909999895e+04	1.069046588209285886e+00
2.973593828909999866e+04	1.076082523320952333e+00
2.973613428909999857e+04	1.020034360877367874e+00
2.973632928910000192e+04	1.110906868963922989e+00
2.973652428910000162e+04	1.082679154686289280e+00
2.973671928910000133e+04	1.070420688967356426e+00
2.973691528910000125e+04	1.074468269348296090e+00
2.973711028910000095e+04	1.100292286422725141e+00
2.973730528910000066e+04	1.060102848751398597e+00
2.973750128910000058e+04	1.056179942984176279e+00
2.973769628910000029e+04	1.071759767086543746e+00
2.973789128909999999e+04	1.058329540434776561e+00
2.973808728909999991e+04	1.024923970580404742e+00
2.973828228909999962e+04	1.021409282965086263e+00
2.973847728909999933e+04	1.067676594785080368e+00
2.973867328909999924e+04	1.082067190889224761e+00
2.973886828909999895e+04	1.082774476999908586e+00
2.973906328909999866e+04	1.066738859697595743e+00
2.973925928909999857e+04	1.073417607971451915e+00
2.973945428910000192e+04	1.020964450484138197e+00
2.973964928910000162e+04	1.052212949444029988e+00
2.973984428910000133e+04	1.109575353953196952e+00
2.974004028910000125e+04	1.076111182573090019e+00
2.974023528910000095e+04	1.074795641843767413e+00
2.974043028910000066e+04	1.060573444787863195e+00
2.974062628910000058e+04	1.018527847086891924e+00
2.974082128910000029e+04	1.064838975128088450e+00
2.974101628909999999e+04	1.028845639809086165e+00
2.974121228909999991e+04	1.100723006623438138e+00
2.974140728909999962e+04	1.089878552447521187e+00
2.974160228909999933e+04	1.086974737449462936e+00
2.974179828909999924e+04	1.067732750319800417e+00
2.974199328909999895e+04	1.052446095284365057e+00
2.974218828909999866e+04	1.054324748584411608e+00
2.974238428909999857e+04	1.048255770622494865e+00
2.974257928910000192e+04	1.059984128530430780e+00
2.974277428910000162e+04	1.088926778914059312e+00
2.974296928910000133e+04	1.013527645044899117e+00
2.974316528910000125e+04	1.045976818094121796e+00
2.974336028910000095e+04	1.095074307820224746e+00
2.974355528910000066e+04	1.104170940821681768e+00
2.974375128910000058e+04	1.074376189335882970e+00
2.974394628910000029e+04	1.052544726217004012e+00
2.974414128909999999e+04	1.065622139508858979e+00
2.974433728909999991e+04	1.043742289395252598e+00
2.974453228909999962e+04	1.022723487465322378e+00
2.974472728909999933e+04	1.076768880180305032e+00
2.974492328909999924e+04	1.054108559366648379e+00
2.974511828909999895e+04	1.048742540782804156e+00
2.974531328909999866e+04	1.076435257175045734e+00
2.974550928909999857e+04	1.027845841739331689e+00
2.974570428910000192e+04	1.041788453910776013e+00
2.974589928910000162e+04	1.057376686640839836e+00
2.974609428910000133e+04	1.036739081878248925e+00
2.974629028910000125e+04	1.102452898082169952e+00
2.974648528910000095e+04	1.049394618689763803e+00
2.974668028910000066e+04	1.060843653206955395e+00
2.974687628910000058e+04	1.051234258468873861e+00
2.974707128910000029e+04	1.079353094555751014e+00
2.974726628909999999e+04	1.106317479053849695e+00
2.974746228909999991e+04	1.074580639236565105e+00
2.974765728909999962e+04	1.061520981594538782e+00
2.974785228909999933e+04	1.031370246626595488e+00
2.974804828909999924e+04	1.050261994020402767e+00
2.974824328909999895e+04	1.062055001392248954e+00
2.974843828909999866e+04	1.073948267370635534e+00
2.974863428909999857e+04	1.100124140735667666e+00
2.974882928910000192e+04	1.046326809694059889e+00
2.974902428910000162e+04	1.029950410353947632e+00
2.974921928910000133e+04	1.071401685956123728e+00
2.974941528910000125e+04	1.041193479437716007e+00
2.974961028910000095e+04	1.076503037520591732e+00
2.974980528910000066e+04	1.085715819434099672e+00
2.975000128910000058e+04	1.049692643049436214e+00
2.975019628910000029e+04	1.105215155665437265e+00
2.975039128909999999e+04	1.083444814925798028e+00
2.975058728909999991e+04	1.034167284751168481e+00
2.975078228909999962e+04	1.098585507007923567e+00
2.975097728909999933e+04	1.068007155120366036e+00
2.975117328909999924e+04	1.070203462739044653e+00
2.975136828909999895e+04	1.093259236483049790e+00
2.975156328909999866e+04	1.047412734789636701e+00
2.975175928909999857e+04	1.059246483960542662e+00
2.975195428910000192e+04	1.050901370516100997e+00
2.975214928910000162e+04	1.019401634838112969e+00
2.975234428910000133e+04	1.006569858360414571e+00
2.975254028910000125e+04	1.022257341608618475e+00
2.975273528910000095e+04	1.014731911982501344e+00
2.975293028910000066e+04	1.079118938414158180e+00
2.975312628910000058e+04	1.064940649596957556e+00
2.975332128910000029e+04	1.110344145812698358e+00
2.975351628909999999e+04	1.015367954238362458e+00
2.975371228909999991e+04	1.002510555886914290e+00
2.975390728909999962e+04	1.093480434409187296e+00
2.975410228909999933e+04	1.073054183169364961e+00
2.975429828909999924e+04	1.069806225737471195e+00
2.975449328909999895e+04	1.037669523113979864e+00
2.975468828909999866e+04	1.027524296612227772e+00
2.975488428909999857e+04	1.068717043413961676e+00
2.975507928910000192e+04	1.046780643311006287e+00
2.975527428910000162e+04	1.094687031500853891e+00
2.975546928910000133e+04	1.053686556733969937e+00
2.975566528910000125e+04	1.034686150445608632e+00
2.975586028910000095e+04	1.062607215887700463e+00
2.975605528910000066e+04	1.070149406134619952e+00
2.975625128910000058e+04	1.030476660243202502e+00
2.975644628910000029e+04	1.083090002048237466e+00
2.975664128909999999e+04	1.036977755818625724e+00
2.975683728909999991e+04	1.043567184161188877e+00
2.975703228909999962e+04	1.031760741481924981e+00
2.975722728909999933e+04	1.018393050555195245e+00
2.975742328909999924e+04	1.080297610096812022e+00
2.975761828909999895e+04	1.029883500217215087e+00
2.975781328909999866e+04	1.015502859058994289e+00
2.975800928909999857e+04	1.028155804588376299e+00
2.975820428910000192e+04	1.038925515651250464e+00
2.975839928910000162e+04	1.093931279050671890e+00
2.975859428910000133e+04	1.044722199010806207e+00
2.975879028910000125e+04	1.014384558078603504e+00
2.975898528910000095e+04	1.081703989117276166e+00
2.975918028910000066e+04	1.050263997791196502e+00
2.975937628910000058e+04	1.064255134994567698e+00
2.975957128910000029e+04	1.062432340245910822e+00
2.975976628909999999e+04	1.074571085542002535e+00
2.975996228909999991e+04	1.082413378050581798e+00
2.976015728909999962e+04	1.039151501628637675e+00
2.976035228909999933e+04	1.059598374770926554e+00
2.976054828909999924e+04	1.029602366202972519e+00
2.976074328909999895e+04	9.942668178309297389e-01
2.976093828909999866e+04	1.019653249867470635e+00
2.976113428909999857e+04	1.037785165037405477e+00
2.976132928910000192e+04	1.039192871410373087e+00
2.976152428910000162e+04	1.058062490271890255e+00
2.976171928910000133e+04	9.871937452563894766e-01
2.976191528910000125e+04	1.019259364927560085e+00
2.976211028910000095e+04	1.053355797612315570e+00
2.976230528910000066e+04	1.048048999601181919e+00
2.976250128910000058e+04	1.098768661271343205e+00
2.976269628910000029e+04	1.022414548309843241e+00
2.976289128909999999e+04	1.030449222245430008e+00
2.976308728909999991e+04	1.067416930598643177e+00
2.976328228909999962e+04	1.053460708491639863e+00
2.976347728909999933e+04	1.074279741510085984e+00
2.976367328909999924e+04	1.055374340304878089e+00
2.976386828909999895e+04	1.014488637076160771e+00
2.976406328909999866e+04	1.053274108873441861e+00
2.976425928909999857e+04	1.065067810340547538e+00
2.976445428910000192e+04	1.090335739374179269e+00
2.976464928910000162e+04	1.049026637261412986e+00
2.976484428910000133e+04	1.048992662451997404e+00
2.976504028910000125e+04	1.035492543586791214e+00
2.976523528910000095e+04	1.106260233281801675e+00
2.976543028910000066e+04	1.074563624558820152e+00
2.976562628910000058e+04	1.103082331385035531e+00
2.976582128910000029e+04	1.044132581762058365e+00
2.976601628909999999e+04	1.063284403097652486e+00
2.976621228909999991e+04	1.053551958724661120e+00
2.976640728909999962e+04	1.087487088818566150e+00
2.976660228909999933e+04	1.101099732705524303e+00
2.976679828909999924e+04	1.094796033149819436e+00
2.976699328909999895e+04	1.067278223437600815e+00
2.976718828909999866e+04	1.115540969406323413e+00
2.976738428909999857e+04	1.054691555457608843e+00
2.976757928910000192e+04	1.083569693974592241e+00
2.976777428910000162e+04	1.096672346822023414e+00
2.976796928910000133e+04	1.067196582427667906e+00
2.976816528910000125e+04	1.077603508576199687e+00
2.976836028910000095e+04	1.079601894302504306e+00
2.976855528910000066e+04	1.069326256312068679e+00
2.976875128910000058e+04	1.121430986905787464e+00
2.976894628910000029e+04	1.084930223740450117e+00
2.976914128909999999e+04	1.098744301381206157e+00
2.976933728909999991e+04	1.066982603379971195e+00
2.976953228909999962e+04	1.083760331083482242e+00
2.976972728909999933e+04	1.017182674941858878e+00
2.976992328909999924e+04	1.038529761662596584e+00
2.977011828909999895e+04	1.072072253308469669e+00
2.977031328909999866e+04	1.030110574592251638e+00
2.977050928909999857e+04	1.048266336846783275e+00
2.977070428910000192e+04	1.074294663652084481e+00
2.977089928910000162e+04	1.047775366822863319e+00
2.977109428910000133e+04	1.066233434021805593e+00
2.977129028910000125e+04	1.054548403099440534e+00
2.977148528910000095e+04	1.051660493984352129e+00
2.977168028910000066e+04	1.072527780621459925e+00
2.977187628910000058e+04	1.050836705011963801e+00
2.977207128910000029e+04	1.048618389831787567e+00
2.977226628909999999e+04	1.086448551836475929e+00
2.977246228909999991e+04	1.047572781810387710e+00
2.977265728909999962e+04	1.047313080609555414e+00
2.977285228909999933e+04	1.039402908512423451e+00
2.977304828909999924e+04	1.037206949813780810e+00
2.977324328909999895e+04	1.040324771826222516e+00
2.977343828909999866e+04	1.039546151843913080e+00
2.977363428909999857e+04	1.089921834641437215e+00
2.977382928910000192e+04	1.030985032321709127e+00
2.977402428910000162e+04	1.001572354945693633e+00
2.977421928910000133e+04	1.045684213156842901e+00
2.977441528910000125e+04	1.014521657662479370e+00
2.977461028910000095e+04	1.067514498406330503e+00
2.977480528910000066e+04	1.041509555780162799e+00
2.977500128910000058e+04	1.047975763972331720e+00
2.977519628910000029e+04	1.037569828208319223e+00
2.977539128909999999e+04	1.044854842662187977e+00
2.977558728909999991e+04	1.057415839530291279e+00
2.977578228909999962e+04	1.086626434068582725e+00
2.977597728909999933e+04	1.024420848955806207e+00
2.977617328909999924e+04	1.095137853261658023e+00
2.977636828909999895e+04	1.052899903479227461e+00
2.977656328909999866e+04	1.065639069556258534e+00
2.977675928909999857e+04	1.029752961099791975e+00
2.977695428910000192e+04	1.019034284901854548e+00
2.977714928910000162e+04	1.074013962035705205e+00
2.977734428910000133e+04	1.051131432563312984e+00
2.977754028910000125e+04	1.053372736379305508e+00
2.977773528910000095e+04	1.027264285873590310e+00
2.977793028910000066e+04	1.018600078744761106e+00
2.977812628910000058e+04	1.040884779329420695e+00
2.977832128910000029e+04	1.011629811669173762e+00
2.977851628909999999e+04	1.089016711185145425e+00
2.977871228909999991e+04	1.082056548692262865e+00
2.977890728909999962e+04	1.053905026444621029e+00
2.977910228909999933e+04	1.087064677102242527e+00
2.977929828909999924e+04	1.044550380656588118e+00
2.977949328909999895e+04	1.076652335560552842e+00
2.977968828909999866e+04	1.040488055554275704e+00
2.977988428909999857e+04	1.048760575863498801e+00
2.978007928910000192e+04	1.082622033880237922e+00
2.978027428910000162e+04	1.014259316054378246e+00
2.978046928910000133e+04	1.038179837860667476e+00
2.978066528910000125e+04	1.092349057639896870e+00
2.978086028910000095e+04	1.054117939141736571e+00
2.978105528910000066e+04	1.098259734348953742e+00
2.978125128910000058e+04	1.092750191596961074e+00
2.978144628910000029e+04	1.126762656241208305e+00
2.978164128909999999e+04	1.048082884666756698e+00
2.978183728909999991e+04	1.035774701837981482e+00
2.978203228909999962e+04	1.088774375219115242e+00
2.978222728909999933e+04	1.060111315738419435e+00
2.978242328909999924e+04	1.093253963346668911e+00
2.978261828909999895e+04	1.048011835280329151e+00
2.978281328909999866e+04	1.068396049110820201e+00
2.978300928909999857e+04	1.012006854306459758e+00
2.978320428910000192e+04	1.047565403456847122e+00
2.978339928910000162e+04	1.066078700443760852e+00
2.978359428910000133e+04	1.010731380743445484e+00
2.978379028910000125e+04	1.079510925775409191e+00
2.978398528910000095e+04	1.009580102696332915e+00
2.978418028910000066e+04	1.003384929660523284e+00
2.978437628910000058e+04	1.049614129658493766e+00
2.978457128910000029e+04	1.006636742605165225e+00
2.978476628909999999e+04	1.028790486543712746e+00
2.978496228909999991e+04	1.007306943425076540e+00
2.978515728909999962e+04	1.020263808841372466e+00
2.978535228909999933e+04	1.007490800541312126e+00
2.978554828909999924e+04	1.007385596121395110e+00
2.978574328909999895e+04	1.059271885825708637e+00
2.978593828909999866e+04	1.045532443428173863e+00
2.978613428909999857e+04	1.035127446271474128e+00
2.978632928910000192e+04	1.072852995946728782e+00
2.978652428910000162e+04	1.048273714983380955e+00
2.978671928910000133e+04	1.062561608152774895e+00
2.978691528910000125e+04	1.064666300483141370e+00
2.978711028910000095e+04	1.067565375490742596e+00
2.978730528910000066e+04	1.013821830385222000e+00
2.978750128910000058e+04	1.110589623389239833e+00
2.978769628910000029e+04	1.095246852843603236e+00
2.978789128909999999e+04	1.054424464517158100e+00
2.978808728909999991e+04	1.012257543770333612e+00
2.978828228909999962e+04	1.081370435298062205e+00
2.978847728909999933e+04	1.039166354664256886e+00
2.978867328909999924e+04	1.049004412458584667e+00
2.978886828909999895e+04	1.027666517276452751e+00
2.978906328909999866e+04	1.042377126907819473e+00
2.978925928909999857e+04	1.026638042211885704e+00
2.978945428910000192e+04	1.070321039980075994e+00
2.978964928910000162e+04	1.055411311025256538e+00
2.978984428910000133e+04	1.038688957068247376e+00
2.979004028910000125e+04	1.078014443588685367e+00
2.979023528910000095e+04	1.063222957277218939e+00
2.979043028910000066e+04	1.057813374294880759e+00
2.979062628910000058e+04	1.054789084338867866e+00
2.979082128910000029e+04	9.979130193956642358e-01
2.979101628909999999e+04	1.091880089641556140e+00
2.979121228909999991e+04	1.070440800721513597e+00
2.979140728909999962e+04	1.071726916665941332e+00
2.979160228909999933e+04	1.032455759115954663e+00
2.979179828909999924e+04	1.052309304524873923e+00
2.979199328909999895e+04	1.062499068062903618e+00
2.979218828909999866e+04	1.028767057762662418e+00
2.979238428909999857e+04	1.096125194870815278e+00
2.979257928910000192e+04	1.036925810949005822e+00
2.979277428910000162e+04	1.063055459717229922e+00
2.979296928910000133e+04	1.067612975956082622e+00
2.979316528910000125e+04	1.033631546131656975e+00
2.979336028910000095e+04	1.032498234291328032e+00
2.979355528910000066e+04	1.095161125941634950e+00
2.979375128910000058e+04	1.131571117724812225e+00
2.979394628910000029e+04	1.069099464207203809e+00
2.979414128909999999e+04	1.063514345605742761e+00
2.979433728909999991e+04	1.055304314325072212e+00
2.979453228909999962e+04	1.073074383692080858e+00
2.979472728909999933e+04	1.096324185465981316e+00
2.979492328909999924e+04	1.006750436266925064e+00
2.979511828909999895e+04	1.067811113008323431e+00
2.979531328909999866e+04	1.054714867719496851e+00
2.979550928909999857e+04	1.059643988179763241e+00
2.979570428910000192e+04	1.052665669222690781e+00
2.979589928910000162e+04	1.082159241146314343e+00
2.979609428910000133e+04	1.106698205361716703e+00
2.979629028910000125e+04	1.064622881305849589e+00
2.979648528910000095e+04	1.043800596784061341e+00
2.979668028910000066e+04	1.054870676821760611e+00
2.979687628910000058e+04	1.031086942437532628e+00
2.979707128910000029e+04	1.065232107933722361e+00
2.979726628909999999e+04	1.077192566467534363e+00
2.979746228909999991e+04	1.045866499531095783e+00
2.979765728909999962e+04	1.078683823971466893e+00
2.979785228909999933e+04	1.044609779294471963e+00
2.979804828909999924e+04	1.088731000003292593e+00
2.979824328909999895e+04	1.044003122747163559e+00
2.979843828909999866e+04	1.044952320699321646e+00
2.979863428909999857e+04	1.090806829118577070e+00
2.979882928910000192e+04	9.906689101091146199e-01
2.979902428910000162e+04	1.077767628701709057e+00
2.979921928910000133e+04	1.033164610673992456e+00
2.979941528910000125e+04	1.081736825768915722e+00
2.979961028910000095e+04	1.043211958927070526e+00
2.979980528910000066e+04	1.059122478767559272e+00
2.980000128910000058e+04	1.096642712398621100e+00
2.980019628910000029e+04	9.878433053259776386e-01
2.980039128909999999e+04	1.047085076837245055e+00
2.980058728909999991e+04	1.065297826653612390e+00
2.980078228909999962e+04	1.022458044412674738e+00
2.980097728909999933e+04	1.057163620951895311e+00
2.980117328909999924e+04	1.046492238604823655e+00
2.980136828909999895e+04	1.055221539526979058e+00
2.980156328909999866e+04	1.037572926593746558e+00
2.980175928909999857e+04	1.073131527420263964e+00
2.980195428910000192e+04	1.043280927153878324e+00
2.980214928910000162e+04	1.044778499771652491e+00
2.980234428910000133e+04	1.074739502966943760e+00
2.980254028910000125e+04	1.034528113152369144e+00
2.980273528910000095e+04	1.055726197249789777e+00
2.980293028910000066e+04	1.061962873362523041e+00
2.980312628910000058e+04	1.052075064463586784e+00
2.980332128910000029e+04	1.047620604416856338e+00
2.980351628909999999e+04	1.014023607506779001e+00
2.980371228909999991e+04	1.082289584428812290e+00
2.980390728909999962e+04	1.056877345077653629e+00
2.980410228909999933e+04	1.097886144693102750e+00
2.980429828909999924e+04	1.080122955324416267e+00
2.980449328909999895e+04	1.073437717193836960e+00
2.980468828909999866e+04	1.028902889675345378e+00
2.980488428909999857e+04	1.028148420226134618e+00
2.980507928910000192e+04	1.053412988669762740e+00
2.980527428910000162e+04	1.060872330807367092e+00
2.980546928910000133e+04	1.032527857491199796e+00
2.980566528910000125e+04	1.050558823503710215e+00
2.980586028910000095e+04	1.047134904455909066e+00
2.980605528910000066e+04	1.075681108200619462e+00
2.980625128910000058e+04	1.057020574499404120e+00
2.980644628910000029e+04	1.039438992791495764e+00
2.980664128909999999e+04	1.084543873576395256e+00
2.980683728909999991e+04	1.080915077211706432e+00
2.980703228909999962e+04	1.092687730793279854e+00
2.980722728909999933e+04	1.041949723148077211e+00
2.980742328909999924e+04	1.054005654795602709e+00
2.980761828909999895e+04	1.080038265491467087e+00
2.980781328909999866e+04	1.047227180922586598e+00
2.980800928909999857e+04	1.076779524742423888e+00
2.980820428910000192e+04	9.974815328353585642e-01
2.980839928910000162e+04	1.053271923217719674e+00
2.980859428910000133e+04	1.024795501423817257e+00
2.980879028910000125e+04	1.058375156273056561e+00
2.980898528910000095e+04	1.123687921955383473e+00
2.980918028910000066e+04	1.027205938053619150e+00
2.980937628910000058e+04	1.106371362646598300e+00
2.980957128910000029e+04	1.083846099093646487e+00
2.980976628909999999e+04	1.069177913406003100e+00
2.980996228909999991e+04	1.040698081250431173e+00
2.981015728909999962e+04	1.053167102576701097e+00
2.981035228909999933e+04	1.099605608301683191e+00
2.981054828909999924e+04	1.072258614717057412e+00
2.981074328909999895e+04	1.034714768390214701e+00
2.981093828909999866e+04	1.014424967418978696e+00
2.981113428909999857e+04	1.046591896216177986e+00
2.981132928910000192e+04	1.063333195517703444e+00
2.981152428910000162e+04	1.013572343206003978e+00
2.981171928910000133e+04	1.075376130083753878e+00
2.981191528910000125e+04	1.073217333748083036e+00
2.981211028910000095e+04	1.016573131693549570e+00
2.981230528910000066e+04	1.035996434323438464e+00
2.981250128910000058e+04	1.039371106918183685e+00
2.981269628910000029e+04	1.075274409186420144e+00
2.981289128909999999e+04	1.036195928004261191e+00
2.981308728909999991e+04	1.055276722757657382e+00
2.981328228909999962e+04	1.021460076142663098e+00
2.981347728909999933e+04	1.044196172210050122e+00
2.981367328909999924e+04	1.051600020007725789e+00
2.981386828909999895e+04	1.023761522923095413e+00
2.981406328909999866e+04	1.051908581403003140e+00
2.981425928909999857e+04	1.051555484104536475e+00
2.981445428910000192e+04	1.038791927772169998e+00
2.981464928910000162e+04	1.060321168594885677e+00
2.981484428910000133e+04	1.035896641289719255e+00
2.981504028910000125e+04	1.007871101987538154e+00
2.981523528910000095e+04	1.041858519606046585e+00
2.981543028910000066e+04	1.013323674415364195e+00
2.981562628910000058e+04	1.102155624550466229e+00
2.981582128910000029e+04	1.025595755448513557e+00
2.981601628909999999e+04	1.041298534968198908e+00
2.981621228909999991e+04	1.032484470884414307e+00
2.981640728909999962e+04	1.041193479437716007e+00
2.981660228909999933e+04	1.088584869501103114e+00
2.981679828909999924e+04	1.084689937959002037e+00
2.981699328909999895e+04	1.054055467948757041e+00
2.981718828909999866e+04	1.055701793260837462e+00
2.981738428909999857e+04	1.066409282961666705e+00
