# time(sec)	crack length FEA(mm)
7.561523389100000713e+03	3.466387022051513611e-01
7.561718789100000322e+03	4.343082056282447923e-01
7.561914089100000638e+03	4.152540515989890935e-01
7.562109389100000044e+03	3.940120565824241083e-01
7.562304689100000360e+03	3.650967823814017521e-01
7.562499989100000676e+03	3.494555370752827628e-01
7.562695289100000082e+03	4.527466804796240751e-01
7.562890589100000398e+03	3.849785745101996781e-01
7.563085889100000713e+03	4.058036904349862084e-01
7.563281289100000322e+03	4.230252528838285286e-01
7.563476589100000638e+03	4.056893587918999344e-01
7.563671889100000044e+03	4.192950215144044535e-01
7.563867189100000360e+03	4.207292971125564662e-01
7.564062489100000676e+03	4.657833600758536363e-01
7.564257789100000082e+03	4.455099193663354384e-01
7.564453089100000398e+03	4.086170700097255803e-01
7.564648389100000713e+03	4.486285693277523023e-01
7.564843789100000322e+03	3.900530283963732359e-01
7.565039089100000638e+03	4.143180135790238694e-01
7.565234389100000044e+03	4.447467684312407243e-01
7.565429689100000360e+03	3.979650157433045621e-01
7.565624989100000676e+03	4.498133092892135920e-01
7.565820289100000082e+03	4.389278024657663480e-01
7.566015589100000398e+03	4.408382522103249102e-01
7.566210889100000713e+03	4.492350820293466995e-01
7.566406289100000322e+03	4.178835383585681740e-01
7.566601589100000638e+03	4.635044329771673688e-01
7.566796889100000044e+03	4.088914363247972972e-01
7.566992189100000360e+03	4.303947754330028630e-01
7.567187489100000676e+03	3.995355557990070139e-01
7.567382789100000082e+03	3.895986925157064462e-01
7.567578089100000398e+03	4.142342017836995183e-01
7.567773389100000713e+03	3.898165819822185796e-01
7.567968789100000322e+03	4.423408638490027300e-01
7.568164089100000638e+03	3.854046508815471839e-01
7.568359389100000044e+03	4.166189122389081234e-01
7.568554689100000360e+03	3.917983886630018731e-01
7.568749989100000676e+03	4.020349292261151675e-01
7.568945289100000082e+03	4.425615482602296424e-01
7.569140589100000398e+03	4.542811452141748418e-01
7.569335889100000713e+03	3.840315704218042470e-01
7.569531289100000322e+03	4.149765022349853894e-01
7.569726589100000638e+03	3.658100456637125575e-01
7.569921889100000044e+03	4.106616047593583119e-01
7.570117189100000360e+03	4.315988904801670856e-01
7.570312489100000676e+03	4.435215351748222901e-01
7.570507789100000082e+03	3.962298773644139516e-01
7.570703089100000398e+03	3.973267325746689949e-01
7.570898389100000713e+03	3.846679872964600122e-01
7.571093789100000322e+03	4.326256569683906150e-01
7.571289089100000638e+03	3.707401501046483361e-01
7.571484389100000044e+03	4.264219903936492528e-01
7.571679689100000360e+03	3.968550992131554267e-01
7.571874989100000676e+03	3.683564574822959514e-01
7.572070289100000082e+03	4.016211223044727774e-01
7.572265589100000398e+03	4.260368705921990795e-01
7.572460889100000713e+03	4.327507297866901581e-01
7.572656289100000322e+03	4.043021476205908016e-01
7.572851589100000638e+03	4.248172506787017966e-01
7.573046889100000044e+03	4.213060237421295540e-01
7.573242189100000360e+03	3.656104752860915852e-01
7.573437489100000676e+03	4.022581815281416340e-01
7.573632789100000082e+03	4.165209445559074908e-01
7.573828089100000398e+03	3.907927979613710079e-01
7.574023389100000713e+03	4.078930866893912821e-01
7.574218789100000322e+03	3.741713151186676356e-01
7.574414089100000638e+03	4.109424660951823682e-01
7.574609389100000044e+03	3.802355144885805061e-01
7.574804689100000360e+03	3.576684944004355771e-01
7.574999989100000676e+03	3.993144587536185952e-01
7.575195289100000082e+03	4.813294977687334608e-01
7.575390589100000398e+03	4.055271292895685775e-01
7.575585889100000713e+03	3.916371536305085499e-01
7.575781289100000322e+03	3.717410855965770367e-01
7.575976589100000638e+03	3.923692583593823002e-01
7.576171889100000044e+03	4.049336941514702914e-01
7.576367189100000360e+03	4.182350471752709353e-01
7.576562489100000676e+03	4.083764615819696076e-01
7.576757789100000082e+03	4.094292464449615920e-01
7.576953089100000398e+03	3.968910465097525986e-01
7.577148389100000713e+03	4.143778709590506537e-01
7.577343789100000322e+03	4.047529305697423752e-01
7.577539089100000638e+03	4.659104388775148209e-01
7.577734389100000044e+03	4.344757021436471689e-01
7.577929689100000360e+03	4.527814543234160993e-01
7.578124989100000676e+03	3.604164713682767029e-01
7.578320289100000082e+03	3.746673827235369458e-01
7.578515589100000398e+03	4.289719469112274197e-01
7.578710889100000713e+03	4.146227685990204748e-01
7.578906289100000322e+03	3.917973030977783822e-01
7.579101589100000638e+03	4.263033991799218825e-01
7.579296889100000044e+03	3.981381944966262409e-01
7.579492189100000360e+03	3.816927371629841304e-01
7.579687489100000676e+03	4.023997407410604410e-01
7.579882789100000082e+03	3.935370942217879531e-01
7.580078089100000398e+03	4.103622059612241912e-01
7.580273389100000713e+03	3.865009000690378116e-01
7.580468789100000322e+03	3.735509801739649305e-01
7.580664089100000638e+03	4.054323819043919030e-01
7.580859389100000044e+03	3.984921639812455396e-01
7.581054689100000360e+03	4.176680554948539736e-01
7.581249989100000676e+03	4.114965675873101247e-01
7.581445289100000082e+03	4.432084326639174066e-01
7.581640589100000398e+03	3.786005191816492754e-01
7.581835889100000713e+03	3.959085493680465362e-01
7.582031289100000322e+03	4.283649361765480279e-01
7.582226589100000638e+03	4.011277741365493199e-01
7.582421889100000044e+03	4.144181310897092629e-01
7.582617189100000360e+03	4.071037080510606643e-01
7.582812489100000676e+03	4.148883451134128819e-01
7.583007789100000082e+03	3.991543579249210438e-01
7.583203089100000398e+03	3.638359960513284364e-01
7.583398389100000713e+03	4.161291447340111915e-01
7.583593789100000322e+03	4.527140723716307491e-01
7.583789089100000638e+03	3.960468887772599089e-01
7.583984389100000044e+03	4.224017672575577365e-01
7.584179689100000360e+03	3.892216936301373664e-01
7.584374989100000676e+03	4.113844223226177377e-01
7.584570289100000082e+03	3.943333998461397982e-01
7.584765589100000398e+03	4.151473928305335903e-01
7.584960889100000713e+03	3.985194080262601801e-01
7.585156289100000322e+03	3.797483032987400975e-01
7.585351589100000638e+03	3.898144106778929086e-01
7.585546889100000044e+03	4.241046018734770939e-01
7.585742189100000360e+03	3.788970066158547922e-01
7.585937489100000676e+03	4.274228532627013522e-01
7.586132789100000082e+03	3.950676330996074626e-01
7.586328089100000398e+03	4.281528152999296566e-01
7.586523389100000713e+03	3.854231757748642906e-01
7.586718789100000322e+03	3.836861001861393561e-01
7.586914089100000638e+03	3.968910465097525986e-01
7.587109389100000044e+03	3.822158787178473460e-01
7.587304689100000360e+03	3.799684890763970202e-01
7.587499989100000676e+03	4.061629936374124838e-01
7.587695289100000082e+03	3.910139711512883309e-01
7.587890589100000398e+03	4.055456297731634407e-01
7.588085889100000713e+03	3.954390691448885775e-01
7.588281289100000322e+03	3.823085430592882972e-01
7.588476589100000638e+03	4.329073525376934128e-01
7.588671889100000044e+03	4.027732743193261911e-01
7.588867189100000360e+03	4.271715596697802653e-01
7.589062489100000676e+03	3.769381669060756224e-01
7.589257789100000082e+03	4.094945770137474739e-01
7.589453089100000398e+03	3.976284598124646408e-01
7.589648389100000713e+03	3.994593279205425063e-01
7.589843789100000322e+03	4.452924829578073229e-01
7.590039089100000638e+03	3.773033578067455096e-01
7.590234389100000044e+03	3.857969656585353846e-01
7.590429689100000360e+03	4.038676694140530543e-01
7.590624989100000676e+03	4.074183626859912977e-01
7.590820289100000082e+03	3.705340629693250065e-01
7.591015589100000398e+03	3.764269093292291757e-01
7.591210889100000713e+03	3.611549431830933798e-01
7.591406289100000322e+03	3.823150683084932666e-01
7.591601589100000638e+03	3.933704149611862988e-01
7.591796889100000044e+03	4.354686344779494789e-01
7.591992189100000360e+03	4.116859500768139668e-01
7.592187489100000676e+03	3.978452026560592714e-01
7.592382789100000082e+03	3.890419196417855829e-01
7.592578089100000398e+03	3.940719818358857651e-01
7.592773389100000713e+03	3.863428973051021842e-01
7.592968789100000322e+03	4.230861733724076146e-01
7.593164089100000638e+03	3.778625576449670120e-01
7.593359389100000044e+03	3.953159875945075896e-01
7.593554689100000360e+03	3.639003508741467385e-01
7.593749989100000676e+03	4.152018068109324389e-01
7.593945289100000082e+03	4.452968531823486842e-01
7.594140589100000398e+03	3.968692648120626387e-01
7.594335889100000713e+03	3.842506041428705998e-01
7.594531289100000322e+03	4.041605712331080014e-01
7.594726589100000638e+03	3.662026427387559124e-01
7.594921889100000044e+03	4.099213162326460491e-01
7.595117189100000360e+03	4.019129562487595564e-01
7.595312489100000676e+03	4.066790993858262482e-01
7.595507789100000082e+03	3.988559424833919564e-01
7.595703089100000398e+03	3.900007303577410767e-01
7.595898389100000713e+03	3.642177379097546464e-01
7.596093789100000322e+03	3.718097843968397598e-01
7.596289089100000638e+03	4.134091116636078311e-01
7.596484389100000044e+03	4.151332376964145254e-01
7.596679689100000360e+03	3.806409719051355722e-01
7.596874989100000676e+03	3.938377541186266484e-01
7.597070289100000082e+03	3.824752780843567734e-01
7.597265589100000398e+03	3.850254444868355108e-01
7.597460889100000713e+03	4.227369019669158234e-01
7.597656289100000322e+03	4.028636541548493710e-01
7.597851589100000638e+03	3.801167110062113608e-01
7.598046889100000044e+03	3.629394238983785215e-01
7.598242189100000360e+03	3.988101839457307562e-01
7.598437489100000676e+03	4.190577981410381625e-01
7.598632789100000082e+03	3.853120355678569808e-01
7.598828089100000398e+03	4.147642664006578883e-01
7.599023389100000713e+03	3.909169969692278812e-01
7.599218789100000322e+03	4.065582342251907733e-01
7.599414089100000638e+03	3.985498797814521765e-01
7.599609389100000044e+03	3.962124459282261313e-01
7.599804689100000360e+03	4.159811103223827189e-01
7.599999989100000676e+03	4.222885965784257678e-01
7.600195289100000082e+03	3.843454326552802058e-01
7.600390589100000398e+03	3.832850457354535223e-01
7.600585889100000713e+03	3.903199544419404532e-01
7.600781289100000322e+03	3.468809985538534590e-01
7.600976589100000638e+03	3.966209259050739178e-01
7.601171889100000044e+03	4.215617514260294740e-01
7.601367189100000360e+03	3.653956142396790341e-01
7.601562489100000676e+03	3.853621624559018244e-01
7.601757789100000082e+03	3.551275451639064329e-01
7.601953089100000398e+03	3.965185375425761549e-01
7.602148389100000713e+03	3.933039562993823068e-01
7.602343789100000322e+03	4.072300323982318560e-01
7.602539089100000638e+03	4.014207271078440442e-01
7.602734389100000044e+03	3.678395522674726692e-01
7.602929689100000360e+03	3.771976215488983541e-01
7.603124989100000676e+03	3.974302122676185434e-01
7.603320289100000082e+03	3.797373861828461372e-01
7.603515589100000398e+03	4.325451866115503918e-01
7.603710889100000713e+03	4.148099860801863770e-01
7.603906289100000322e+03	3.611287730293888387e-01
7.604101589100000638e+03	3.958823971912615036e-01
7.604296889100000044e+03	3.863559831173333237e-01
7.604492189100000360e+03	4.517859601447895557e-01
7.604687489100000676e+03	4.100780837443185334e-01
7.604882789100000082e+03	4.064983672655042568e-01
7.605078089100000398e+03	4.193265894292697027e-01
7.605273389100000713e+03	3.745539841424125882e-01
7.605468789100000322e+03	3.943868022549796848e-01
7.605664089100000638e+03	4.180620371441552408e-01
7.605859389100000044e+03	4.311594539678491600e-01
7.606054689100000360e+03	3.932298802277998107e-01
7.606249989100000676e+03	4.078800122614456569e-01
7.606445289100000082e+03	4.065353854713915638e-01
7.606640589100000398e+03	4.249967648043391222e-01
7.606835889100000713e+03	4.008740427777759407e-01
7.607031289100000322e+03	3.934673795317422673e-01
7.607226589100000638e+03	3.593746913514692665e-01
7.607421889100000044e+03	3.854765693261619219e-01
7.607617189100000360e+03	3.617254325520171676e-01
7.607812489100000676e+03	3.722557085024327250e-01
7.608007789100000082e+03	3.798060628138131278e-01
7.608203089100000398e+03	4.104939467416794940e-01
7.608398389100000713e+03	4.129214591890715269e-01
7.608593789100000322e+03	3.979116397675834804e-01
7.608789089100000638e+03	3.703366849047622367e-01
7.608984389100000044e+03	3.951939814912499571e-01
7.609179689100000360e+03	3.805036418077882843e-01
7.609374989100000676e+03	4.051187869830741306e-01
7.609570289100000082e+03	4.017855570347812488e-01
7.609765589100000398e+03	3.604622634071397158e-01
7.609960889100000713e+03	3.813330879030765175e-01
7.610156289100000322e+03	3.697445881123400113e-01
7.610351589100000638e+03	3.560123944641713223e-01
7.610546889100000044e+03	4.207684719519946270e-01
7.610742189100000360e+03	3.974204256895070841e-01
7.610937489100000676e+03	3.649571832561608886e-01
7.611132789100000082e+03	3.677326889988012937e-01
7.611328089100000398e+03	3.796643649726298975e-01
7.611523389100000713e+03	3.646812429101409236e-01
7.611718789100000322e+03	3.625500356854338690e-01
7.611914089100000638e+03	3.671961456185552919e-01
7.612109389100000044e+03	3.344574219670892745e-01
7.612304689100000360e+03	3.537123992083852642e-01
7.612499989100000676e+03	3.887706089456557379e-01
7.612695289100000082e+03	3.714902935539061701e-01
7.612890589100000398e+03	3.955578084822271023e-01
7.613085889100000713e+03	4.326398020847115333e-01
7.613281289100000322e+03	3.917657000272090073e-01
7.613476589100000638e+03	3.741604330047980653e-01
7.613671889100000044e+03	3.893535470249549491e-01
7.613867189100000360e+03	4.017844719075895910e-01
7.614062489100000676e+03	3.524193806522220029e-01
7.614257789100000082e+03	3.893110372976238409e-01
7.614453089100000398e+03	4.072713984079534555e-01
7.614648389100000713e+03	4.142363709457512755e-01
7.614843789100000322e+03	3.790670510683149530e-01
7.615039089100000638e+03	4.324266247929919871e-01
7.615234389100000044e+03	4.304796256449208158e-01
7.615429689100000360e+03	3.910989566087934577e-01
7.615624989100000676e+03	3.581081600666138343e-01
7.615820289100000082e+03	3.843541291512195812e-01
7.616015589100000398e+03	4.014566677718569565e-01
7.616210889100000713e+03	4.048041030910276561e-01
7.616406289100000322e+03	3.762502918152339504e-01
7.616601589100000638e+03	3.723985632360911069e-01
7.616796889100000044e+03	3.642842652849473950e-01
7.616992189100000360e+03	3.834103683427869669e-01
7.617187489100000676e+03	3.778091476765315093e-01
7.617382789100000082e+03	4.025446011970590376e-01
7.617578089100000398e+03	4.192090485196118266e-01
7.617773389100000713e+03	3.903591681166123095e-01
7.617968789100000322e+03	3.624987664064089898e-01
7.618164089100000638e+03	4.022941116211580237e-01
7.618359389100000044e+03	3.883369436780004236e-01
7.618554689100000360e+03	3.970315510980810814e-01
7.618749989100000676e+03	4.193102586237440477e-01
7.618945289100000082e+03	4.064602360237934420e-01
7.619140589100000398e+03	3.996891241365467806e-01
7.619335889100000713e+03	4.079703734384114711e-01
7.619531289100000322e+03	4.103360971144667246e-01
7.619726589100000638e+03	4.272498795156671747e-01
7.619921889100000044e+03	4.346910291143437632e-01
7.620117189100000360e+03	4.614186546718492821e-01
7.620312489100000676e+03	3.958758755171096766e-01
7.620507789100000082e+03	4.017169413554633195e-01
7.620703089100000398e+03	4.265209748384393151e-01
7.620898389100000713e+03	4.264796410309941166e-01
7.621093789100000322e+03	4.594782814161071371e-01
7.621289089100000638e+03	4.147294296310342077e-01
7.621484389100000044e+03	4.151365287190742492e-01
7.621679689100000360e+03	3.935850334846353604e-01
7.621874989100000676e+03	4.138608412798276959e-01
7.622070289100000082e+03	3.740535595292353577e-01
7.622265589100000398e+03	4.241524538769851915e-01
7.622460889100000713e+03	4.120419324923361160e-01
7.622656289100000322e+03	4.272575049640732203e-01
7.622851589100000638e+03	3.458801279553469499e-01
7.623046889100000044e+03	4.086824027242279556e-01
7.623242189100000360e+03	4.076970911244757190e-01
7.623437489100000676e+03	4.296518260763484420e-01
7.623632789100000082e+03	4.336774092913202594e-01
7.623828089100000398e+03	4.062675119536933721e-01
7.624023389100000713e+03	3.964379214963997811e-01
7.624218789100000322e+03	4.286107885346446267e-01
7.624414089100000638e+03	4.309310433065220991e-01
7.624609389100000044e+03	4.528314538904822939e-01
7.624804689100000360e+03	3.979192555580119972e-01
7.624999989100000676e+03	4.448815756745396754e-01
7.625195289100000082e+03	4.026044777269444097e-01
7.625390589100000398e+03	3.878335683351874508e-01
7.625585889100000713e+03	4.106746496631465959e-01
7.625781289100000322e+03	4.462904428616205621e-01
7.625976589100000638e+03	4.003567307061572933e-01
7.626171889100000044e+03	3.867428164467305862e-01
7.626367189100000360e+03	3.718272236529784891e-01
7.626562489100000676e+03	4.137661538708563569e-01
7.626757789100000082e+03	4.181360295329454857e-01
7.626953089100000398e+03	4.115934330827499821e-01
7.627148389100000713e+03	4.320405054595877203e-01
7.627343789100000322e+03	3.709756547523426207e-01
7.627539089100000638e+03	4.400727899179948110e-01
7.627734389100000044e+03	4.209632422372742155e-01
7.627929689100000360e+03	4.255168231717973981e-01
7.628124989100000676e+03	4.494437727304969599e-01
7.628320289100000082e+03	3.919694394577728502e-01
7.628515589100000398e+03	4.375576911980250117e-01
7.628710889100000713e+03	4.460567095399063930e-01
7.628906289100000322e+03	3.632306459314804670e-01
7.629101589100000638e+03	4.293069831623359534e-01
7.629296889100000044e+03	4.237749252196962857e-01
7.629492189100000360e+03	4.254091152510213192e-01
7.629687489100000676e+03	4.531596505491979343e-01
7.629882789100000082e+03	3.914966184141768224e-01
7.630078089100000398e+03	4.332673643461593116e-01
7.630273389100000713e+03	4.211025258387923742e-01
7.630468789100000322e+03	4.337078377368825954e-01
7.630664089100000638e+03	4.488524840504410918e-01
7.630859389100000044e+03	4.457719050490087653e-01
7.631054689100000360e+03	3.776085596313905057e-01
7.631249989100000676e+03	4.572672238276673795e-01
7.631445289100000082e+03	4.103567728546231308e-01
7.631640589100000398e+03	4.272324699353102773e-01
7.631835889100000713e+03	4.008206824322062545e-01
7.632031289100000322e+03	4.213811000338409940e-01
7.632226589100000638e+03	3.942429888467842147e-01
7.632421889100000044e+03	3.996706099172051552e-01
7.632617189100000360e+03	4.197357721404930686e-01
7.632812489100000676e+03	4.391126688644249043e-01
7.633007789100000082e+03	4.236617514833369569e-01
7.633203089100000398e+03	4.332358142399641565e-01
7.633398389100000713e+03	4.189826960949289969e-01
7.633593789100000322e+03	4.243102152946143235e-01
7.633789089100000638e+03	3.486010152367562398e-01
7.633984389100000044e+03	4.640301842301308710e-01
7.634179689100000360e+03	4.201318614318445555e-01
7.634374989100000676e+03	3.925043515926383009e-01
7.634570289100000082e+03	4.266276125649230977e-01
7.634765589100000398e+03	4.457762471749369126e-01
7.634960889100000713e+03	4.315455870759947743e-01
7.635156289100000322e+03	4.281647856939301278e-01
7.635351589100000638e+03	4.448206902554492359e-01
7.635546889100000044e+03	4.429616422918947194e-01
7.635742189100000360e+03	4.055216857674928121e-01
7.635937489100000676e+03	4.223495469235203359e-01
7.636132789100000082e+03	4.775570503422326141e-01
7.636328089100000398e+03	4.258377572820197798e-01
7.636523389100000713e+03	4.363168744362653229e-01
7.636718789100000322e+03	4.272923240772374953e-01
7.636914089100000638e+03	4.392257344592298551e-01
7.637109389100000044e+03	3.959042078279111365e-01
7.637304689100000360e+03	3.964237556505718629e-01
7.637499989100000676e+03	4.236976598304309505e-01
7.637695289100000082e+03	4.469730947093957241e-01
7.637890589100000398e+03	3.992948590175249279e-01
7.638085889100000713e+03	4.021307747375928443e-01
7.638281289100000322e+03	3.950894070260346780e-01
7.638476589100000638e+03	3.917384766213629632e-01
7.638671889100000044e+03	4.048269908578188137e-01
7.638867189100000360e+03	3.950806768721886186e-01
7.639062489100000676e+03	4.508697537161836522e-01
7.639257789100000082e+03	3.910869588997396562e-01
7.639453089100000398e+03	4.157394890335126547e-01
7.639648389100000713e+03	4.282213482968710849e-01
7.639843789100000322e+03	4.354272876167968320e-01
7.640039089100000638e+03	4.820383040791931251e-01
7.640234389100000044e+03	4.189729180422610000e-01
7.640429689100000360e+03	4.386516304847454251e-01
7.640624989100000676e+03	4.265079382957424059e-01
7.640820289100000082e+03	4.416102377432871151e-01
7.641015589100000398e+03	4.370183164711995971e-01
7.641210889100000713e+03	3.725642691999109246e-01
7.641406289100000322e+03	4.276175804434156902e-01
7.641601589100000638e+03	4.140861560239539330e-01
7.641796889100000044e+03	4.166896555280921177e-01
7.641992189100000360e+03	4.117218758265543954e-01
7.642187489100000676e+03	3.655428553851898243e-01
7.642382789100000082e+03	3.992719941983722265e-01
7.642578089100000398e+03	4.057035099802419609e-01
7.642773389100000713e+03	3.774734131990431507e-01
7.642968789100000322e+03	4.196106334139511063e-01
7.643164089100000638e+03	3.658645775706794723e-01
7.643359389100000044e+03	3.855365246054986983e-01
7.643554689100000360e+03	3.962549438042657357e-01
7.643749989100000676e+03	3.981120353201905715e-01
7.643945289100000082e+03	3.854417006543187085e-01
7.644140589100000398e+03	3.892990667998077470e-01
7.644335889100000713e+03	4.137955502969390409e-01
7.644531289100000322e+03	3.884099673984202639e-01
7.644726589100000638e+03	3.671983189063681152e-01
7.644921889100000044e+03	4.200578750180703480e-01
7.645117189100000360e+03	4.365593874993933809e-01
7.645312489100000676e+03	4.329758723432135525e-01
7.645507789100000082e+03	3.716473327343194910e-01
7.645703089100000398e+03	4.268147204315333454e-01
7.645898389100000713e+03	4.086355775339747254e-01
7.646093789100000322e+03	3.995845686665244756e-01
7.646289089100000638e+03	4.179325148741206419e-01
7.646484389100000044e+03	4.057797186200389206e-01
7.646679689100000360e+03	3.855038277006670455e-01
7.646874989100000676e+03	3.738398861160359132e-01
7.647070289100000082e+03	3.882127317254369103e-01
7.647265589100000398e+03	4.214801327166739497e-01
7.647460889100000713e+03	3.989321722208227783e-01
7.647656289100000322e+03	4.097765363820968787e-01
7.647851589100000638e+03	3.838070677403564446e-01
7.648046889100000044e+03	3.321161130489809210e-01
7.648242189100000360e+03	3.866305870107726861e-01
7.648437489100000676e+03	4.003687145669019287e-01
7.648632789100000082e+03	4.357731287168107315e-01
7.648828089100000398e+03	4.111003118514808818e-01
7.649023389100000713e+03	3.630648775566314157e-01
7.649218789100000322e+03	4.170934222242905776e-01
7.649414089100000638e+03	3.476657265988976064e-01
7.649609389100000044e+03	3.941068477114022528e-01
7.649804689100000360e+03	3.755166147458446346e-01
7.649999989100000676e+03	4.146532485692269177e-01
7.650195289100000082e+03	3.997119885702211661e-01
7.650390589100000398e+03	3.626274921966583520e-01
7.650585889100000713e+03	4.002576133840172190e-01
7.650781289100000322e+03	3.624387928334442677e-01
7.650976589100000638e+03	3.685221998424932366e-01
7.651171889100000044e+03	4.045863455549607579e-01
7.651367189100000360e+03	3.662484615636500962e-01
7.651562489100000676e+03	4.121649401969627036e-01
7.651757789100000082e+03	3.634335333710723148e-01
7.651953089100000398e+03	4.077515495603361018e-01
7.652148389100000713e+03	4.388049279390831003e-01
7.652343789100000322e+03	3.943584682069598557e-01
7.652539089100000638e+03	3.752353511252515261e-01
7.652734389100000044e+03	4.114421080476091674e-01
7.652929689100000360e+03	3.989681071444568516e-01
7.653124989100000676e+03	3.800763856659745699e-01
7.653320289100000082e+03	4.110513217983484680e-01
7.653515589100000398e+03	4.058123887468028101e-01
7.653710889100000713e+03	3.848445260745432250e-01
7.653906289100000322e+03	3.900312406800310328e-01
7.654101589100000638e+03	3.907448813664657905e-01
7.654296889100000044e+03	3.860127169473805964e-01
7.654492189100000360e+03	4.059386916308564963e-01
7.654687489100000676e+03	4.207706405406739236e-01
7.654882789100000082e+03	4.183264829596566869e-01
7.655078089100000398e+03	4.101924044508855616e-01
7.655273389100000713e+03	3.768923772056389510e-01
7.655468789100000322e+03	4.007967057878438766e-01
7.655664089100000638e+03	4.120092705945861411e-01
7.655859389100000044e+03	4.020403922244515371e-01
7.656054689100000360e+03	4.271748210547894331e-01
7.656249989100000676e+03	3.847497275563327435e-01
7.656445289100000082e+03	4.043914368573719997e-01
7.656640589100000398e+03	3.742323841044914445e-01
7.656835889100000713e+03	3.568950005210993481e-01
7.657031289100000322e+03	4.309342948516619032e-01
7.657226589100000638e+03	4.153193667782151266e-01
7.657421889100000044e+03	3.799630212047802047e-01
7.657617189100000360e+03	3.816611492789192539e-01
7.657812489100000676e+03	3.633397116046808151e-01
7.658007789100000082e+03	3.841862927930606020e-01
7.658203089100000398e+03	3.177500480848713948e-01
7.658398389100000713e+03	4.051438444184878307e-01
7.658593789100000322e+03	4.058461437794846915e-01
7.658789089100000638e+03	3.783269123914969612e-01
7.658984389100000044e+03	3.957636874817751504e-01
7.659179689100000360e+03	3.634018940952827847e-01
7.659374989100000676e+03	3.753879839753473391e-01
7.659570289100000082e+03	4.195333550028905734e-01
7.659765589100000398e+03	4.007041480515827203e-01
7.659960889100000713e+03	3.972591992107759040e-01
7.660156289100000322e+03	3.764105595502158508e-01
7.660351589100000638e+03	3.883870738019936653e-01
7.660546889100000044e+03	4.037043148587784458e-01
7.660742189100000360e+03	3.905825257768409386e-01
7.660937489100000676e+03	3.938279661197441328e-01
7.661132789100000082e+03	4.207347279398661044e-01
