# time(sec)	crack length FEA(mm)
4.616074328909999895e+04	1.287742436361966725e+00
4.616093828909999866e+04	1.357876181589832143e+00
4.616113428910000221e+04	1.320377888759040275e+00
4.616132928910000192e+04	1.357015803203960758e+00
4.616152428910000162e+04	1.319114779230163848e+00
4.616171928910000133e+04	1.352657235665377655e+00
4.616191528909999761e+04	1.343622369666764627e+00
4.616211028909999732e+04	1.288131882769988579e+00
4.616230528909999703e+04	1.340389279714596427e+00
4.616250128910000058e+04	1.329923705652015897e+00
4.616269628910000029e+04	1.335608638678181137e+00
4.616289128909999999e+04	1.323724840647404477e+00
4.616308728910000355e+04	1.349226456661888562e+00
4.616328228910000325e+04	1.355039690117225248e+00
4.616347728910000296e+04	1.346378573325013761e+00
4.616367328909999924e+04	1.363202721138163653e+00
4.616386828909999895e+04	1.358823370375336737e+00
4.616406328909999866e+04	1.367484018580654492e+00
4.616425928910000221e+04	1.385111610146585903e+00
4.616445428910000192e+04	1.370821102307122175e+00
4.616464928910000162e+04	1.386789414679022059e+00
4.616484428910000133e+04	1.320691336861631981e+00
4.616504028909999761e+04	1.355921090068632040e+00
4.616523528909999732e+04	1.368702827745396533e+00
4.616543028909999703e+04	1.397021728115191763e+00
4.616562628910000058e+04	1.350219051135564285e+00
4.616582128910000029e+04	1.344661167571686633e+00
4.616601628909999999e+04	1.366011981251759266e+00
4.616621228910000355e+04	1.368910943644262801e+00
4.616640728910000325e+04	1.353396293650330762e+00
4.616660228910000296e+04	1.339439365672525639e+00
4.616679828909999924e+04	1.359137203611860301e+00
4.616699328909999895e+04	1.370684077114074029e+00
4.616718828909999866e+04	1.378159807244689006e+00
4.616738428910000221e+04	1.390983803000946040e+00
4.616757928910000192e+04	1.291679704760575476e+00
4.616777428910000162e+04	1.332247722603462137e+00
4.616796928910000133e+04	1.361343266877824476e+00
4.616816528909999761e+04	1.345199528861984462e+00
4.616836028909999732e+04	1.330787149712083561e+00
4.616855528909999703e+04	1.356802277024328873e+00
4.616875128910000058e+04	1.325329447005117345e+00
4.616894628910000029e+04	1.363082459265982038e+00
4.616914128909999999e+04	1.344651722526336357e+00
4.616933728910000355e+04	1.360677721265357576e+00
4.616953228910000325e+04	1.397251580959464334e+00
4.616972728910000296e+04	1.345342999832993769e+00
4.616992328909999924e+04	1.343842223014139137e+00
4.617011828909999895e+04	1.359998492858000674e+00
4.617031328909999866e+04	1.310215886176626654e+00
4.617050928910000221e+04	1.309816265617955722e+00
4.617070428910000192e+04	1.328357130112156170e+00
4.617089928910000162e+04	1.321709271434201582e+00
4.617109428910000133e+04	1.343157468396666943e+00
4.617129028909999761e+04	1.359060790865333601e+00
4.617148528909999732e+04	1.362769577762625417e+00
4.617168028909999703e+04	1.306404529948943960e+00
4.617187628910000058e+04	1.325916415790359792e+00
4.617207128910000029e+04	1.281090373626639689e+00
4.617226628909999999e+04	1.366867895056989468e+00
4.617246228910000355e+04	1.350077678465883224e+00
4.617265728910000325e+04	1.378113817245498751e+00
4.617285228910000296e+04	1.370830446946786907e+00
4.617304828909999924e+04	1.313135360169642496e+00
4.617324328909999895e+04	1.317664915451599583e+00
4.617343828909999866e+04	1.340714066267025828e+00
4.617363428910000221e+04	1.368170308600170415e+00
4.617382928910000192e+04	1.318597881551362150e+00
4.617402428910000162e+04	1.337653336642983248e+00
4.617421928910000133e+04	1.349071587625211066e+00
4.617441528909999761e+04	1.313077622781491982e+00
4.617461028909999732e+04	1.337767610586247713e+00
4.617480528909999703e+04	1.325994917250330474e+00
4.617500128910000058e+04	1.341123506832694545e+00
4.617519628910000029e+04	1.378830065286077655e+00
4.617539128909999999e+04	1.368480961218295988e+00
4.617558728910000355e+04	1.332462552706877190e+00
4.617578228910000325e+04	1.307680936967695828e+00
4.617597728910000296e+04	1.355045894109210280e+00
4.617617328909999924e+04	1.371941354234673227e+00
4.617636828909999895e+04	1.354310125161005018e+00
4.617656328909999866e+04	1.385485792993620180e+00
4.617675928910000221e+04	1.375290289193555893e+00
4.617695428910000192e+04	1.362200250328278628e+00
4.617714928910000162e+04	1.317961559467612176e+00
4.617734428910000133e+04	1.353209980221702580e+00
4.617754028909999761e+04	1.378060551371650178e+00
4.617773528909999732e+04	1.340220676831700430e+00
4.617793028909999703e+04	1.375890559982746453e+00
4.617812628910000058e+04	1.361687538177417167e+00
4.617832128910000029e+04	1.356508192095391863e+00
4.617851628909999999e+04	1.345038246652364933e+00
4.617871228910000355e+04	1.353787798794440889e+00
4.617890728910000325e+04	1.317988756150857199e+00
4.617910228910000296e+04	1.348581611941474634e+00
4.617929828909999924e+04	1.391645344531513118e+00
4.617949328909999895e+04	1.389642887304042063e+00
4.617968828909999866e+04	1.379093600239208683e+00
4.617988428910000221e+04	1.342689319328069786e+00
4.618007928910000192e+04	1.374690002994602978e+00
4.618027428910000162e+04	1.371530206086431392e+00
4.618046928910000133e+04	1.363265548282996065e+00
4.618066528909999761e+04	1.409643142076824063e+00
4.618086028909999732e+04	1.388184814501439490e+00
4.618105528909999703e+04	1.397439608058412830e+00
4.618125128910000058e+04	1.406668934720778807e+00
4.618144628910000029e+04	1.382448875211565564e+00
4.618164128909999999e+04	1.337430275899558652e+00
4.618183728910000355e+04	1.424852373585627774e+00
4.618203228910000325e+04	1.396199409021271265e+00
4.618222728910000296e+04	1.422188968083972327e+00
4.618242328909999924e+04	1.439284998404650295e+00
4.618261828909999895e+04	1.374576987197539069e+00
4.618281328909999866e+04	1.406915289631768928e+00
4.618300928910000221e+04	1.404529861911573363e+00
4.618320428910000192e+04	1.399215783626658549e+00
4.618339928910000162e+04	1.467369486204336937e+00
4.618359428910000133e+04	1.397838812841566636e+00
4.618379028909999761e+04	1.402473055723499229e+00
4.618398528909999732e+04	1.385044710974090876e+00
4.618418028909999703e+04	1.359074455280675053e+00
4.618437628910000058e+04	1.465025588856839533e+00
4.618457128910000029e+04	1.385751407994920470e+00
4.618476628909999999e+04	1.391655847889605724e+00
4.618496228910000355e+04	1.378457931627469435e+00
4.618515728910000325e+04	1.397713344087986087e+00
4.618535228910000296e+04	1.385070842083049314e+00
4.618554828909999924e+04	1.345871721004066046e+00
4.618574328909999895e+04	1.418647330348228763e+00
4.618593828909999866e+04	1.386273021096304348e+00
4.618613428910000221e+04	1.393184709408979316e+00
4.618632928910000192e+04	1.365208432665617977e+00
4.618652428910000162e+04	1.370831525174205368e+00
4.618671928910000133e+04	1.348059157780880923e+00
4.618691528909999761e+04	1.381738934959743759e+00
4.618711028909999732e+04	1.393005983830981620e+00
4.618730528909999703e+04	1.381895743352711037e+00
4.618750128910000058e+04	1.388159764302955068e+00
4.618769628910000029e+04	1.351157017398090687e+00
4.618789128909999999e+04	1.329073911718783307e+00
4.618808728910000355e+04	1.334044512840691254e+00
4.618828228910000325e+04	1.376692663716799103e+00
4.618847728910000296e+04	1.379604853169173140e+00
4.618867328909999924e+04	1.359537062951265085e+00
4.618886828909999895e+04	1.325162806410389749e+00
4.618906328909999866e+04	1.331942799076522022e+00
4.618925928910000221e+04	1.371852404526826774e+00
4.618945428910000192e+04	1.377887908025684283e+00
4.618964928910000162e+04	1.314373752415502139e+00
4.618984428910000133e+04	1.344543868833676825e+00
4.619004028909999761e+04	1.343323981115528198e+00
4.619023528909999732e+04	1.341307937182691035e+00
4.619043028909999703e+04	1.378490267879142195e+00
4.619062628910000058e+04	1.339023507493660503e+00
4.619082128910000029e+04	1.366065364443718622e+00
4.619101628909999999e+04	1.332296952801037548e+00
4.619121228910000355e+04	1.378978629663819788e+00
4.619140728910000325e+04	1.364194723184208868e+00
4.619160228910000296e+04	1.358900682878079635e+00
4.619179828909999924e+04	1.372215389086861137e+00
4.619199328909999895e+04	1.355379918207100687e+00
4.619218828909999866e+04	1.366106165656457705e+00
4.619238428910000221e+04	1.366140765748069086e+00
4.619257928910000192e+04	1.348752313150477278e+00
4.619277428910000162e+04	1.370775008020306274e+00
4.619296928910000133e+04	1.359353944762617061e+00
4.619316528909999761e+04	1.338669455391599428e+00
4.619336028909999732e+04	1.331278577664951612e+00
4.619355528909999703e+04	1.380943201471851012e+00
4.619375128910000058e+04	1.359033641805920567e+00
4.619394628910000029e+04	1.397726985930766830e+00
4.619414128909999999e+04	1.415564502137083736e+00
4.619433728910000355e+04	1.363849410219108549e+00
4.619453228910000325e+04	1.337013392263479261e+00
4.619472728910000296e+04	1.309237452363060328e+00
4.619492328909999924e+04	1.391512660678229096e+00
4.619511828909999895e+04	1.366697325904480564e+00
4.619531328909999866e+04	1.406729402263104944e+00
4.619550928910000221e+04	1.386694236055415530e+00
4.619570428910000192e+04	1.341415805773099379e+00
4.619589928910000162e+04	1.338567872492186339e+00
4.619609428910000133e+04	1.325752840229661444e+00
4.619629028909999761e+04	1.399700481713942679e+00
4.619648528909999732e+04	1.370793877037588260e+00
4.619668028909999703e+04	1.373859530773335891e+00
4.619687628910000058e+04	1.445604567080794212e+00
4.619707128910000029e+04	1.353567948870592730e+00
4.619726628909999999e+04	1.384371488104250147e+00
4.619746228910000355e+04	1.356618058557385709e+00
4.619765728910000325e+04	1.417287108857070876e+00
4.619785228910000296e+04	1.406449581564652718e+00
4.619804828909999924e+04	1.398853218212977367e+00
4.619824328909999895e+04	1.406244850092324583e+00
4.619843828909999866e+04	1.339332567662317786e+00
4.619863428910000221e+04	1.399286860146782274e+00
4.619882928910000192e+04	1.406186355056103565e+00
4.619902428910000162e+04	1.421307016089052411e+00
4.619921928910000133e+04	1.438002135812974203e+00
4.619941528909999761e+04	1.389439085800178830e+00
4.619961028909999732e+04	1.443243875972438417e+00
4.619980528909999703e+04	1.396713429162740994e+00
4.620000128910000058e+04	1.378896982247798775e+00
4.620019628910000029e+04	1.363141961106597577e+00
4.620039128909999999e+04	1.392718637631755740e+00
4.620058728910000355e+04	1.396935027860433109e+00
4.620078228910000325e+04	1.371827336820782506e+00
4.620097728910000296e+04	1.398297423222601310e+00
4.620117328909999924e+04	1.366870950552073083e+00
4.620136828909999895e+04	1.352318047089241304e+00
4.620156328909999866e+04	1.434839518223965271e+00
4.620175928910000221e+04	1.401247750883392484e+00
4.620195428910000192e+04	1.414882741963090496e+00
4.620214928910000162e+04	1.379454316749633591e+00
4.620234428910000133e+04	1.350745593869026706e+00
4.620254028909999761e+04	1.389705553664599691e+00
4.620273528909999732e+04	1.375797492967929969e+00
4.620293028909999703e+04	1.420344604063892291e+00
4.620312628910000058e+04	1.400771340742533511e+00
4.620332128910000029e+04	1.401074291695657337e+00
4.620351628909999999e+04	1.376343402979944841e+00
4.620371228910000355e+04	1.327861410111566443e+00
4.620390728910000325e+04	1.377642145059414958e+00
4.620410228910000296e+04	1.357376860304293942e+00
4.620429828909999924e+04	1.385455531728540635e+00
4.620449328909999895e+04	1.338783724380178342e+00
4.620468828909999866e+04	1.332300102810160425e+00
4.620488428910000221e+04	1.353419312967183430e+00
4.620507928910000192e+04	1.348970049820596984e+00
4.620527428910000162e+04	1.376343402979944841e+00
4.620546928910000133e+04	1.338697797751752461e+00
4.620566528909999761e+04	1.387914109320604439e+00
4.620586028909999732e+04	1.398458338585719218e+00
4.620605528909999703e+04	1.331266967123337253e+00
4.620625128910000058e+04	1.390256346035146251e+00
4.620644628910000029e+04	1.351530754561245828e+00
4.620664128909999999e+04	1.345931446497095507e+00
4.620683728910000355e+04	1.330492648024748092e+00
4.620703228910000325e+04	1.374739144033279459e+00
4.620722728910000296e+04	1.385336372004108085e+00
4.620742328909999924e+04	1.337955126621210411e+00
4.620761828909999895e+04	1.373240430660123579e+00
4.620781328909999866e+04	1.345723126195000674e+00
4.620800928910000221e+04	1.367258006657872116e+00
4.620820428910000192e+04	1.380720552906712584e+00
4.620839928910000162e+04	1.364899893592173896e+00
4.620859428910000133e+04	1.360661001480330867e+00
4.620879028909999761e+04	1.345363868264668028e+00
4.620898528909999732e+04	1.359431255512834724e+00
4.620918028909999703e+04	1.381274700509017350e+00
4.620937628910000058e+04	1.393977871816620251e+00
4.620957128910000029e+04	1.376853727931628413e+00
4.620976628909999999e+04	1.361005282816451611e+00
4.620996228910000355e+04	1.390610695729346702e+00
4.621015728910000325e+04	1.359541198151550390e+00
4.621035228910000296e+04	1.379464825588438970e+00
4.621054828909999924e+04	1.397093798578863399e+00
4.621074328909999895e+04	1.416813178259575423e+00
4.621093828909999866e+04	1.445312583805902662e+00
4.621113428910000221e+04	1.415540467784165202e+00
4.621132928910000192e+04	1.387420726471361831e+00
4.621152428910000162e+04	1.351138222469845829e+00
4.621171928910000133e+04	1.394608989388428810e+00
4.621191528909999761e+04	1.404806655086225931e+00
4.621211028909999732e+04	1.374338556212368445e+00
4.621230528909999703e+04	1.382195885693416670e+00
4.621250128910000058e+04	1.379270366395937586e+00
4.621269628910000029e+04	1.435685565193086433e+00
4.621289128909999999e+04	1.371331547780798132e+00
4.621308728910000355e+04	1.369081496657626573e+00
4.621328228910000325e+04	1.393542156462528325e+00
4.621347728910000296e+04	1.385193146060295533e+00
4.621367328909999924e+04	1.411505035831680743e+00
4.621386828909999895e+04	1.382106974988845494e+00
4.621406328909999866e+04	1.389399402657410576e+00
4.621425928910000221e+04	1.355440608480426690e+00
4.621445428910000192e+04	1.415117620547405863e+00
4.621464928910000162e+04	1.448345538292842960e+00
4.621484428910000133e+04	1.350635699847446247e+00
4.621504028909999761e+04	1.405713185831171330e+00
4.621523528909999732e+04	1.361934547467210876e+00
4.621543028909999703e+04	1.379932149772180594e+00
4.621562628910000058e+04	1.397556641822410128e+00
4.621582128910000029e+04	1.356597110245584048e+00
4.621601628909999999e+04	1.396211974691322411e+00
4.621621228910000355e+04	1.389481911197641750e+00
4.621640728910000325e+04	1.340988376942593874e+00
4.621660228910000296e+04	1.377506237748365336e+00
4.621679828909999924e+04	1.367655570506904894e+00
4.621699328909999895e+04	1.432055285321967020e+00
4.621718828909999866e+04	1.370381720323637254e+00
4.621738428910000221e+04	1.422464475984519083e+00
4.621757928910000192e+04	1.372768750004949467e+00
4.621777428910000162e+04	1.372482143208099359e+00
4.621796928910000133e+04	1.395039568564214960e+00
4.621816528909999761e+04	1.399984690854505942e+00
4.621836028909999732e+04	1.401504661942569285e+00
4.621855528909999703e+04	1.379411472973311348e+00
4.621875128910000058e+04	1.375836211047083424e+00
4.621894628910000029e+04	1.392563966533494124e+00
4.621914128909999999e+04	1.325779127628411658e+00
4.621933728910000355e+04	1.354591649653880125e+00
4.621953228910000325e+04	1.362425232496374150e+00
4.621972728910000296e+04	1.367305186265417305e+00
4.621992328909999924e+04	1.361382997662289540e+00
4.622011828909999895e+04	1.359524477554593602e+00
4.622031328909999866e+04	1.357391514645691188e+00
4.622050928910000221e+04	1.338496701217071205e+00
4.622070428910000192e+04	1.378943060527536346e+00
4.622089928910000162e+04	1.371437121717304919e+00
4.622109428910000133e+04	1.396952798746330160e+00
4.622129028909999761e+04	1.406669831866469877e+00
4.622148528909999732e+04	1.339234046741090367e+00
4.622168028909999703e+04	1.348007802129288280e+00
4.622187628910000058e+04	1.333005154202364650e+00
4.622207128910000029e+04	1.340582082911847550e+00
4.622226628909999999e+04	1.336650941323371811e+00
4.622246228910000355e+04	1.317478317779876562e+00
4.622265728910000325e+04	1.371849349682367603e+00
4.622285228910000296e+04	1.295303522095792914e+00
4.622304828909999924e+04	1.384237595529615561e+00
4.622324328909999895e+04	1.315233445892902253e+00
4.622343828909999866e+04	1.308955292618545485e+00
4.622363428910000221e+04	1.381041546976046419e+00
4.622382928910000192e+04	1.322302543487667847e+00
4.622402428910000162e+04	1.319219508156407983e+00
4.622421928910000133e+04	1.383115867108475783e+00
4.622441528909999761e+04	1.321461837708655551e+00
4.622461028909999732e+04	1.347334502032630610e+00
4.622480528909999703e+04	1.338721821249230004e+00
4.622500128910000058e+04	1.402595358345022802e+00
4.622519628910000029e+04	1.411786948596327917e+00
4.622539128909999999e+04	1.343563717770472010e+00
4.622558728910000355e+04	1.359690873930965438e+00
4.622578228910000325e+04	1.376718804163951759e+00
4.622597728910000296e+04	1.372880606563677830e+00
4.622617328909999924e+04	1.338692489185318024e+00
4.622636828909999895e+04	1.375650076214391504e+00
4.622656328909999866e+04	1.411206346303814030e+00
4.622675928910000221e+04	1.364298172276223298e+00
4.622695428910000192e+04	1.352775572835369644e+00
4.622714928910000162e+04	1.343101873935275137e+00
4.622734428910000133e+04	1.383463949033139073e+00
4.622754028909999761e+04	1.315720066177918923e+00
4.622773528909999732e+04	1.375211862973252153e+00
4.622793028909999703e+04	1.365893800856461837e+00
4.622812628910000058e+04	1.301904252002877627e+00
4.622832128910000029e+04	1.341570725432010391e+00
4.622851628909999999e+04	1.337648207799395195e+00
4.622871228910000355e+04	1.366021417683443318e+00
4.622890728910000325e+04	1.365903237335810871e+00
4.622910228910000296e+04	1.356790858937968025e+00
4.622929828909999924e+04	1.408471410271001645e+00
4.622949328909999895e+04	1.361084745465515056e+00
4.622968828909999866e+04	1.336971460539755796e+00
4.622988428910000221e+04	1.377140281153728552e+00
4.623007928910000192e+04	1.351772565442605156e+00
4.623027428910000162e+04	1.368234200754180563e+00
4.623046928910000133e+04	1.348220419191317632e+00
4.623066528909999761e+04	1.361319266574890108e+00
4.623086028909999732e+04	1.333880094034325836e+00
4.623105528909999703e+04	1.364641321593376588e+00
4.623125128910000058e+04	1.394679092563608336e+00
4.623144628910000029e+04	1.341887039045971619e+00
4.623164128909999999e+04	1.322132730011645663e+00
4.623183728910000355e+04	1.359493103929150237e+00
4.623203228910000325e+04	1.317882941063611923e+00
4.623222728910000296e+04	1.350536237219642999e+00
4.623242328909999924e+04	1.363621295944220435e+00
4.623261828909999895e+04	1.392453191594603013e+00
4.623281328909999866e+04	1.387077821499612895e+00
4.623300928910000221e+04	1.402287132976137940e+00
4.623320428910000192e+04	1.353388920270617746e+00
4.623339928910000162e+04	1.396361326137650849e+00
4.623359428910000133e+04	1.381378253701379677e+00
4.623379028909999761e+04	1.389477691507876145e+00
4.623398528909999732e+04	1.379575662113463608e+00
4.623418028909999703e+04	1.421463558951185036e+00
4.623437628910000058e+04	1.396788641917163787e+00
4.623457128910000029e+04	1.377559594711538438e+00
4.623476628909999999e+04	1.377888985927739895e+00
4.623496228910000355e+04	1.395463856768483168e+00
4.623515728910000325e+04	1.425531690968490750e+00
4.623535228910000296e+04	1.395700905484986265e+00
4.623554828909999924e+04	1.387459425302477456e+00
4.623574328909999895e+04	1.378322927293584854e+00
4.623593828909999866e+04	1.370847159466109133e+00
4.623613428910000221e+04	1.404724110949715055e+00
4.623632928910000192e+04	1.361240703613360026e+00
4.623652428910000162e+04	1.376821299587172476e+00
4.623671928910000133e+04	1.363163982142181041e+00
4.623691528909999761e+04	1.359856190391102615e+00
4.623711028909999732e+04	1.379734550834426088e+00
4.623730528909999703e+04	1.402906630431823842e+00
4.623750128910000058e+04	1.398372630875567069e+00
4.623769628910000029e+04	1.391096649719569811e+00
4.623789128909999999e+04	1.317603046600371641e+00
4.623808728910000355e+04	1.379587069084184492e+00
4.623828228910000325e+04	1.360609763355055790e+00
4.623847728910000296e+04	1.408038028627615290e+00
4.623867328909999924e+04	1.389233127760704178e+00
4.623886828909999895e+04	1.370129678466803114e+00
4.623906328909999866e+04	1.379051743829556642e+00
4.623925928910000221e+04	1.351523470520497483e+00
4.623945428910000192e+04	1.358488406512323721e+00
4.623964928910000162e+04	1.376781505186116306e+00
4.623984428910000133e+04	1.385323710686453325e+00
4.624004028909999761e+04	1.356717495352601333e+00
4.624023528909999732e+04	1.352305457811040057e+00
4.624043028909999703e+04	1.346408885174819048e+00
4.624062628910000058e+04	1.406073491519761021e+00
4.624082128910000029e+04	1.344935611940822895e+00
4.624101628909999999e+04	1.356875640343995215e+00
4.624121228910000355e+04	1.357578873637713457e+00
4.624140728910000325e+04	1.329295971849779434e+00
4.624160228910000296e+04	1.358435994932051472e+00
4.624179828909999924e+04	1.358225628231773285e+00
4.624199328909999895e+04	1.361265872554234591e+00
4.624218828909999866e+04	1.374660715964491686e+00
4.624238428910000221e+04	1.337856689887823691e+00
4.624257928910000192e+04	1.367235000948063828e+00
4.624277428910000162e+04	1.329108476547009587e+00
4.624296928910000133e+04	1.329143041324281072e+00
4.624316528909999761e+04	1.382592117973803880e+00
4.624336028909999732e+04	1.387554511021345860e+00
4.624355528909999703e+04	1.298427374130016076e+00
4.624375128910000058e+04	1.321622201712672862e+00
4.624394628910000029e+04	1.287484274651802707e+00
4.624414128909999999e+04	1.335951128800928700e+00
4.624433728910000355e+04	1.294001110865391269e+00
4.624453228910000325e+04	1.354523584157362848e+00
4.624472728910000296e+04	1.343266228053733968e+00
4.624492328909999924e+04	1.306858627784235338e+00
4.624511828909999895e+04	1.328662100275208147e+00
4.624531328909999866e+04	1.332683500759648254e+00
4.624550928910000221e+04	1.358221492799057017e+00
4.624570428910000192e+04	1.374512213986538001e+00
4.624589928910000162e+04	1.369362933368458712e+00
4.624609428910000133e+04	1.342347827289117390e+00
4.624629028909999761e+04	1.323703952941901463e+00
4.624648528909999732e+04	1.352753542024560218e+00
4.624668028909999703e+04	1.377069137233206675e+00
4.624687628910000058e+04	1.354483841728397309e+00
4.624707128910000029e+04	1.327232720899722551e+00
4.624726628909999999e+04	1.335409495378376832e+00
4.624746228910000355e+04	1.320974436058634183e+00
4.624765728910000325e+04	1.344231818947928758e+00
4.624785228910000296e+04	1.309026643678901536e+00
4.624804828909999924e+04	1.384049462145057419e+00
4.624824328909999895e+04	1.385217121875069068e+00
4.624843828909999866e+04	1.331218814815731122e+00
4.624863428910000221e+04	1.368676588476452238e+00
4.624882928910000192e+04	1.358593049522216489e+00
4.624902428910000162e+04	1.375614502014011364e+00
4.624921928910000133e+04	1.415362989463774923e+00
4.624941528909999761e+04	1.350301787925493713e+00
4.624961028909999732e+04	1.365197018679737084e+00
4.624980528909999703e+04	1.355379918207100687e+00
4.625000128910000058e+04	1.352922054719718048e+00
4.625019628910000029e+04	1.388476436341299802e+00
4.625039128909999999e+04	1.368840942864204990e+00
4.625058728910000355e+04	1.360845188130594963e+00
4.625078228910000325e+04	1.351817618067931548e+00
4.625097728910000296e+04	1.301944173763150303e+00
4.625117328909999924e+04	1.361195669119467766e+00
4.625136828909999895e+04	1.385764967029954775e+00
4.625156328909999866e+04	1.415330704227493186e+00
4.625175928910000221e+04	1.361840346269776347e+00
4.625195428910000192e+04	1.336984058061204905e+00
4.625214928910000162e+04	1.350184517432431619e+00
4.625234428910000133e+04	1.333797209239877546e+00
4.625254028909999761e+04	1.364558725347526646e+00
4.625273528909999732e+04	1.400928111172611068e+00
4.625293028909999703e+04	1.344491515986499408e+00
4.625312628910000058e+04	1.404218521744358128e+00
4.625332128910000029e+04	1.414742836069679655e+00
4.625351628909999999e+04	1.368355424628646233e+00
4.625371228910000355e+04	1.407633884695474791e+00
4.625390728910000325e+04	1.402296554772599180e+00
4.625410228910000296e+04	1.372863805652855262e+00
4.625429828909999924e+04	1.339796555144278756e+00
4.625449328909999895e+04	1.313346131956574681e+00
4.625468828909999866e+04	1.394042591100717488e+00
4.625488428910000221e+04	1.367875288135014245e+00
4.625507928910000192e+04	1.399323385496575867e+00
4.625527428910000162e+04	1.371850248166071040e+00
4.625546928910000133e+04	1.381430524089131140e+00
4.625566528909999761e+04	1.372530210737345158e+00
4.625586028909999732e+04	1.366773713718739458e+00
4.625605528909999703e+04	1.391030844976953063e+00
4.625625128910000058e+04	1.364231213532995923e+00
4.625644628910000029e+04	1.389029412464877211e+00
4.625664128909999999e+04	1.401529787566765606e+00
4.625683728910000355e+04	1.366747562153936002e+00
4.625703228910000325e+04	1.399731891166954512e+00
4.625722728910000296e+04	1.352994351149931163e+00
4.625742328909999924e+04	1.380942303337487687e+00
4.625761828909999895e+04	1.393964317547169429e+00
4.625781328909999866e+04	1.405899081293320307e+00
4.625800928910000221e+04	1.375169011422165966e+00
4.625820428910000192e+04	1.342420156366159745e+00
4.625839928910000162e+04	1.340453247726776098e+00
4.625859428910000133e+04	1.359832188563148136e+00
4.625879028909999761e+04	1.407308052571780266e+00
4.625898528909999732e+04	1.398674536008815750e+00
4.625918028909999703e+04	1.369123281057662567e+00
4.625937628910000058e+04	1.404203896729491419e+00
4.625957128910000029e+04	1.397069745198532331e+00
4.625976628909999999e+04	1.354056831148097828e+00
4.625996228910000355e+04	1.431668226417411205e+00
4.626015728910000325e+04	1.394280910912950588e+00
4.626035228910000296e+04	1.398770742769810838e+00
4.626054828909999924e+04	1.331552998792362885e+00
