# time(sec)	crack length FEA(mm)
1.062714828909999960e+04	4.815943572701559816e-01
1.062734328910000113e+04	4.743063205985098563e-01
1.062753928910000104e+04	4.489752992271043297e-01
1.062773428910000075e+04	5.037643260778139620e-01
1.062792928910000046e+04	4.897016890927474719e-01
1.062812528910000037e+04	5.687883964320512575e-01
1.062832028910000008e+04	5.293272314651975563e-01
1.062851528909999979e+04	5.212611701544638265e-01
1.062871128909999970e+04	5.165789348488392108e-01
1.062890628909999941e+04	5.066565726861860242e-01
1.062910128910000094e+04	5.270065481386154715e-01
1.062929728910000085e+04	5.370506099099277009e-01
1.062949228910000056e+04	5.101209428317829975e-01
1.062968728910000027e+04	4.910537311924301207e-01
1.062988328910000018e+04	4.591870988636337358e-01
1.063007828909999989e+04	5.028478802091722599e-01
1.063027328909999960e+04	4.990060510175453601e-01
1.063046828910000113e+04	5.502278503223934081e-01
1.063066428910000104e+04	5.217228244946667814e-01
1.063085928910000075e+04	4.896571799535500702e-01
1.063105428910000046e+04	5.174731563982568616e-01
1.063125028910000037e+04	5.311765219783666225e-01
1.063144528910000008e+04	5.364441176101752973e-01
1.063164028909999979e+04	5.350436576497195063e-01
1.063183628909999970e+04	5.162201290826438083e-01
1.063203128909999941e+04	5.511327673652726133e-01
1.063222628910000094e+04	4.853412102518603888e-01
1.063242228910000085e+04	5.243735082068461395e-01
1.063261728910000056e+04	5.351378801064221591e-01
1.063281228910000027e+04	5.507159993883306015e-01
1.063300828910000018e+04	5.596056440763454987e-01
1.063320328909999989e+04	5.026971234007238110e-01
1.063339828909999960e+04	5.203898299253992832e-01
1.063359328910000113e+04	5.183554839356290245e-01
1.063378928910000104e+04	5.433510007667408104e-01
1.063398428910000075e+04	5.525203994360872173e-01
1.063417928910000046e+04	5.589531688585243074e-01
1.063437528910000037e+04	4.799519306697632715e-01
1.063457028910000008e+04	5.019357417517422704e-01
1.063476528909999979e+04	5.042209245781990035e-01
1.063496128909999970e+04	5.230070345717514613e-01
1.063515628909999941e+04	5.126492723721671751e-01
1.063535128910000094e+04	5.566395522259490747e-01
1.063554728910000085e+04	5.555951988184872903e-01
1.063574228910000056e+04	5.107368025272300827e-01
1.063593728910000027e+04	5.437354061630106372e-01
1.063613328910000018e+04	5.844327275192142679e-01
1.063632828909999989e+04	5.503674553080486476e-01
1.063652328909999960e+04	5.652165376304303379e-01
1.063671828910000113e+04	5.293316147169058183e-01
1.063691428910000104e+04	5.623647501633843859e-01
1.063710928910000075e+04	5.479003822464498796e-01
1.063730428910000046e+04	5.139371693142962272e-01
1.063750028910000037e+04	5.678938777243978109e-01
1.063769528910000008e+04	5.450097604560522058e-01
1.063789028909999979e+04	5.220587893818944281e-01
1.063808628909999970e+04	5.531211207351596215e-01
1.063828128909999941e+04	5.213521686261870514e-01
1.063847628910000094e+04	5.759738558922435914e-01
1.063867228910000085e+04	5.502548899007670968e-01
1.063886728910000056e+04	5.383990084456691250e-01
1.063906228910000027e+04	5.427024274104130797e-01
1.063925828910000018e+04	5.360022033158671206e-01
1.063945328909999989e+04	5.483485638052147948e-01
1.063964828909999960e+04	5.668251381151971913e-01
1.063984328910000113e+04	5.381152146687266935e-01
1.064003928910000104e+04	5.499020154805496219e-01
1.064023428910000075e+04	5.293424285957097908e-01
1.064042928910000046e+04	5.796512098864763374e-01
1.064062528910000037e+04	5.416109074041912663e-01
1.064082028910000008e+04	5.623603728084667353e-01
1.064101528909999979e+04	5.953987916865628449e-01
1.064121128909999970e+04	5.470094162157508322e-01
1.064140628909999941e+04	5.864713311214977409e-01
1.064160128910000094e+04	5.620931389216909935e-01
1.064179728910000085e+04	5.361040232180585008e-01
1.064199228910000056e+04	5.616928495635988838e-01
1.064218728910000027e+04	5.223622429949372759e-01
1.064238328910000018e+04	5.489201703257133858e-01
1.064257828909999989e+04	5.030452917876324648e-01
1.064277328909999960e+04	5.475420896271074866e-01
1.064296828910000113e+04	5.476741216566267667e-01
1.064316428910000104e+04	5.183565360135862221e-01
1.064335928910000075e+04	5.372975379484596914e-01
1.064355428910000046e+04	5.100569959557397226e-01
1.064375028910000037e+04	5.301668565075132733e-01
1.064394528910000008e+04	5.533083108604497369e-01
1.064414028909999979e+04	5.079024869741015635e-01
1.064433628909999970e+04	5.616928495635988838e-01
1.064453128909999941e+04	5.273023367977955900e-01
1.064472628910000094e+04	5.415286344998637702e-01
1.064492228910000085e+04	5.337709445117688745e-01
1.064511728910000056e+04	5.323345538791794951e-01
1.064531228910000027e+04	5.910149254090502069e-01
1.064550828910000018e+04	5.490717037986296845e-01
1.064570328909999989e+04	5.398999648988365152e-01
1.064589828909999960e+04	5.837657496777879373e-01
1.064609328910000113e+04	5.505471348862513992e-01
1.064628928910000104e+04	5.708694037760011497e-01
1.064648428910000075e+04	5.473547997004715171e-01
1.064667928910000046e+04	5.450476778509951714e-01
1.064687528910000037e+04	5.489169064317032110e-01
1.064707028910000008e+04	5.562455974075657394e-01
1.064726528909999979e+04	6.135073570635753981e-01
1.064746128909999970e+04	5.610706826494560318e-01
1.064765628909999941e+04	5.955662521592977043e-01
1.064785128910000094e+04	5.364744565363395168e-01
1.064804728910000085e+04	5.143577838877018138e-01
1.064824228910000056e+04	5.843635420642545597e-01
1.064843728910000027e+04	5.140412411055308439e-01
1.064863328910000018e+04	5.677726957237627659e-01
1.064882828909999989e+04	5.602797582116814112e-01
1.064902328909999960e+04	5.135555751850127137e-01
1.064921828910000113e+04	5.555421725941744882e-01
1.064941428910000104e+04	5.295298559968397711e-01
1.064960928910000075e+04	5.374892306160123923e-01
1.064980428910000046e+04	5.285374423555957435e-01
1.065000028910000037e+04	5.578981126832811555e-01
1.065019528910000008e+04	5.053194911965377401e-01
1.065039028909999979e+04	4.874119320216667717e-01
1.065058628909999970e+04	5.282438277186827236e-01
1.065078128909999941e+04	5.307767701767360791e-01
1.065097628910000094e+04	5.246909697372394987e-01
1.065117228910000085e+04	5.647134926234098629e-01
1.065136728910000056e+04	5.593134512439785766e-01
1.065156228910000027e+04	5.344273555252510022e-01
1.065175828910000018e+04	5.208081556634720499e-01
1.065195328909999989e+04	5.050320919494843963e-01
1.065214828909999960e+04	5.239519573352762194e-01
1.065234328910000113e+04	5.275049221925343090e-01
1.065253928910000104e+04	5.449556046049366387e-01
1.065273428910000075e+04	5.234578303373655928e-01
1.065292928910000046e+04	5.181960982597608734e-01
1.065312528910000037e+04	5.286316804721593599e-01
1.065332028910000008e+04	4.891493412901368742e-01
1.065351528909999979e+04	5.260584573095563599e-01
1.065371128909999970e+04	5.655767837347074334e-01
1.065390628909999941e+04	5.080684314844710059e-01
1.065410128910000094e+04	5.530431445720971340e-01
1.065429728910000085e+04	5.382332686642250508e-01
1.065449228910000056e+04	5.608347937813089601e-01
1.065468728910000027e+04	5.114220291256330597e-01
1.065488328910000018e+04	5.395187738737980965e-01
1.065507828909999989e+04	5.237254852462385202e-01
1.065527328909999960e+04	4.512186367079440430e-01
1.065546828910000113e+04	4.920400348144262637e-01
1.065566428910000104e+04	5.171870164908618506e-01
1.065585928910000075e+04	5.131566540854350933e-01
1.065605428910000046e+04	5.095452100574462406e-01
1.065625028910000037e+04	5.763425821351866318e-01
1.065644528910000008e+04	5.271874504894906721e-01
1.065664028909999979e+04	5.227566861305898982e-01
1.065683628909999970e+04	5.097967455424896599e-01
1.065703128909999941e+04	5.056730066676440316e-01
1.065722628910000094e+04	5.504291401139127515e-01
1.065742228910000085e+04	5.194891509515038308e-01
1.065761728910000056e+04	5.179761184461924017e-01
1.065781228910000027e+04	5.298245068476408193e-01
1.065800828910000018e+04	5.176119049353626878e-01
1.065820328909999989e+04	5.350523104627349369e-01
1.065839828909999960e+04	5.746340056692211817e-01
1.065859328910000113e+04	5.534262917838805862e-01
1.065878928910000104e+04	5.722721395343999262e-01
1.065898428910000075e+04	4.961454554541262496e-01
1.065917928910000046e+04	5.274843444993155828e-01
1.065937528910000037e+04	5.260150749845760032e-01
1.065957028910000008e+04	5.313617672024335548e-01
1.065976528909999979e+04	5.700463333211800432e-01
1.065996128909999970e+04	5.370570943378396578e-01
1.066015628909999941e+04	5.481266314505930382e-01
1.066035128910000094e+04	5.500481126151193223e-01
1.066054728910000085e+04	5.567022716957499284e-01
1.066074228910000056e+04	5.125354257416780968e-01
1.066093728910000027e+04	5.214269686521273428e-01
1.066113328910000018e+04	5.558809007289795545e-01
1.066132828909999989e+04	5.650337037608039736e-01
1.066152328909999960e+04	5.226287927823349833e-01
1.066171828910000113e+04	5.465363240862544103e-01
1.066191428910000104e+04	5.015485669209951425e-01
1.066210928910000075e+04	5.351746962678021191e-01
1.066230428910000046e+04	5.076758669604117813e-01
1.066250028910000037e+04	5.169246814054098138e-01
1.066269528910000008e+04	5.494603434511375895e-01
1.066289028909999979e+04	4.933691800000357119e-01
1.066308628909999970e+04	5.324266186452319971e-01
1.066328128909999941e+04	5.231391986045963449e-01
1.066347628910000094e+04	5.612199848169296956e-01
1.066367228910000085e+04	5.412471000226872775e-01
1.066386728910000056e+04	5.570009748040423148e-01
1.066406228910000027e+04	5.801160851592879197e-01
1.066425828910000018e+04	5.244634433358630332e-01
1.066445328909999989e+04	5.549144761785473889e-01
1.066464828909999960e+04	5.789386582858639940e-01
1.066484328910000113e+04	5.576070149684220212e-01
1.066503928910000104e+04	5.687246022078120689e-01
1.066523428910000075e+04	5.221172778951412852e-01
1.066542928910000046e+04	5.667850893240036214e-01
1.066562528910000037e+04	4.955607287530323646e-01
1.066582028910000008e+04	5.341695310432861277e-01
1.066601528909999979e+04	5.378314734292306554e-01
1.066621128909999970e+04	5.168629123750143606e-01
1.066640628909999941e+04	5.443373935632518368e-01
1.066660128910000094e+04	5.249922220990619337e-01
1.066679728910000085e+04	4.946472576793343734e-01
1.066699228910000056e+04	5.133571956733256059e-01
1.066718728910000027e+04	4.873120823315737482e-01
1.066738328910000018e+04	5.282189230350819997e-01
1.066757828909999989e+04	5.777979827604937668e-01
1.066777328909999960e+04	4.727872332691358537e-01
1.066796828910000113e+04	5.539295684145884024e-01
1.066816428910000104e+04	5.197861473117164621e-01
1.066835928910000075e+04	5.276587564230652561e-01
1.066855428910000046e+04	5.592366659293546149e-01
1.066875028910000037e+04	5.201524419135310495e-01
1.066894528910000008e+04	5.207279263008466330e-01
1.066914028909999979e+04	5.008825657448241486e-01
1.066933628909999970e+04	5.155415356362134105e-01
1.066953128909999941e+04	4.688266893411370262e-01
1.066972628910000094e+04	5.114046509660852280e-01
1.066992228910000085e+04	4.891254782733298612e-01
1.067011728910000056e+04	5.053140417087949032e-01
1.067031228910000027e+04	5.298851917158984293e-01
1.067050828910000018e+04	4.822662791990239839e-01
1.067070328909999989e+04	5.200007298594009342e-01
1.067089828909999960e+04	5.191607479887316856e-01
1.067109328910000113e+04	5.377946612516897318e-01
1.067128928910000104e+04	5.198641640042485079e-01
1.067148428910000075e+04	5.308276910155473871e-01
1.067167928910000046e+04	4.975427474503142378e-01
1.067187528910000037e+04	5.219980944859443639e-01
1.067207028910000008e+04	5.475398763781278433e-01
1.067226528909999979e+04	5.621407791470094395e-01
1.067246128909999970e+04	5.308190367137655130e-01
1.067265628909999941e+04	5.022188356740358017e-01
1.067285128910000094e+04	5.026504763627333006e-01
1.067304728910000085e+04	5.187976599541386236e-01
1.067324228910000056e+04	5.188009371644177747e-01
1.067343728910000027e+04	5.267746594756097522e-01
1.067363328910000018e+04	5.195151816841221404e-01
1.067382828909999989e+04	5.644203105589333802e-01
1.067402328909999960e+04	5.168661898432951318e-01
1.067421828910000113e+04	5.164249753672933707e-01
1.067441428910000104e+04	5.446394652299950678e-01
1.067460928910000075e+04	5.568235084316484063e-01
1.067480428910000046e+04	5.293131976094365143e-01
1.067500028910000037e+04	5.258547430753974794e-01
1.067519528910000008e+04	5.403677618617450662e-01
1.067539028909999979e+04	5.090789959645896090e-01
1.067558628909999970e+04	5.491540165078490077e-01
1.067578128909999941e+04	5.624361539125999343e-01
1.067597628910000094e+04	5.509075965671801356e-01
1.067617228910000085e+04	5.635115623441127042e-01
1.067636728910000056e+04	5.545411044671855194e-01
1.067656228910000027e+04	5.590613721765045341e-01
1.067675828910000018e+04	5.080304569667113412e-01
1.067695328909999989e+04	5.576264612512389363e-01
1.067714828909999960e+04	5.376993326192653910e-01
1.067734328910000113e+04	5.869458162943317348e-01
1.067753928910000104e+04	5.995129032478736519e-01
1.067773428910000075e+04	5.445680096522167446e-01
1.067792928910000046e+04	5.602851304533462695e-01
1.067812528910000037e+04	5.462396510881859513e-01
1.067832028910000008e+04	5.204548577719769753e-01
1.067851528909999979e+04	6.037040733741676490e-01
1.067871128909999970e+04	5.463826080992877365e-01
1.067890628909999941e+04	5.211885293934148677e-01
1.067910128910000094e+04	5.570052973412220609e-01
1.067929728910000085e+04	5.647545948906440572e-01
1.067949228910000056e+04	5.592496323563374006e-01
1.067968728910000027e+04	5.156271732663029184e-01
1.067988328910000018e+04	5.789397634938495685e-01
1.068007828909999989e+04	5.601217505774727101e-01
1.068027328909999960e+04	5.421609986287379002e-01
1.068046828910000113e+04	5.670382597696193017e-01
1.068066428910000104e+04	5.575442420391638620e-01
1.068085928910000075e+04	5.228466271782021835e-01
1.068105428910000046e+04	5.225377990384068028e-01
1.068125028910000037e+04	5.597603739958536551e-01
1.068144528910000008e+04	5.648551803879762190e-01
1.068164028909999979e+04	5.531037720597744567e-01
1.068183628909999970e+04	5.506965476256215908e-01
1.068203128909999941e+04	5.362469834535907864e-01
1.068222628910000094e+04	5.795549479517685398e-01
1.068242228910000085e+04	5.458932010072015117e-01
1.068261728910000056e+04	5.839960415468929966e-01
1.068281228910000027e+04	5.691832089292141461e-01
1.068300828910000018e+04	4.832887379698505015e-01
1.068320328909999989e+04	5.681069343358089441e-01
1.068339828909999960e+04	5.329790837372492263e-01
1.068359328910000113e+04	5.665611679858493233e-01
1.068378928910000104e+04	5.221671554636504453e-01
1.068398428910000075e+04	5.410251034338475762e-01
1.068417928910000046e+04	5.396606630593741016e-01
1.068437528910000037e+04	5.278397098117295627e-01
1.068457028910000008e+04	5.498781834889037157e-01
1.068476528909999979e+04	5.434246270039615467e-01
1.068496128909999970e+04	5.554729148178765286e-01
1.068515628909999941e+04	5.788608199410631983e-01
1.068535128910000094e+04	5.337026766845394121e-01
1.068554728910000085e+04	5.793689983558891754e-01
1.068574228910000056e+04	5.200310797929859064e-01
1.068593728910000027e+04	5.117559183674398327e-01
1.068613328910000018e+04	5.760571279286370583e-01
1.068632828909999989e+04	5.460989159232667589e-01
1.068652328909999960e+04	5.617014929830670411e-01
1.068671828910000113e+04	5.019129718627333148e-01
1.068691428910000104e+04	5.603619682515699196e-01
1.068710928910000075e+04	5.282395001129174261e-01
1.068730428910000046e+04	5.053921136563825911e-01
1.068750028910000037e+04	5.453226306883571795e-01
1.068769528910000008e+04	5.785332107654479472e-01
1.068789028909999979e+04	5.335737888912781557e-01
1.068808628909999970e+04	5.516046644269927413e-01
1.068828128909999941e+04	5.022123420468886934e-01
1.068847628910000094e+04	5.022177270061067844e-01
1.068867228910000085e+04	4.925326219124741556e-01
1.068886728910000056e+04	5.402140072327643594e-01
1.068906228910000027e+04	5.403418090334994872e-01
1.068925828910000018e+04	5.002860068765109247e-01
1.068945328909999989e+04	5.580517472279709068e-01
1.068964828909999960e+04	4.857254144552172193e-01
1.068984328910000113e+04	5.370658022612992966e-01
1.069003928910000104e+04	5.429688123118303622e-01
1.069023428910000075e+04	5.195888701071087468e-01
1.069042928910000046e+04	5.232952663026679829e-01
1.069062528910000037e+04	5.481028535291834203e-01
1.069082028910000008e+04	4.968180892429820972e-01
1.069101528909999979e+04	5.324038862916893322e-01
1.069121128909999970e+04	5.827171844077145835e-01
1.069140628909999941e+04	5.778834033799853387e-01
1.069160128910000094e+04	5.498284086770937051e-01
1.069179728910000085e+04	5.791884247345695513e-01
1.069199228910000056e+04	5.027415996433610701e-01
1.069218728910000027e+04	5.654913202000102501e-01
1.069238328910000018e+04	5.939790116123759844e-01
1.069257828909999989e+04	5.201167017808909776e-01
1.069277328909999960e+04	5.173268187653672356e-01
1.069296828910000113e+04	5.128856153625012126e-01
1.069316428910000104e+04	5.244103498157528520e-01
1.069335928910000075e+04	5.329346528759781876e-01
1.069355428910000046e+04	4.775896162781556598e-01
1.069375028910000037e+04	5.329574498724305442e-01
1.069394528910000008e+04	5.130135594220099904e-01
1.069414028909999979e+04	5.004910418443575537e-01
1.069433628909999970e+04	5.231554514362883879e-01
1.069453128909999941e+04	4.936859796103156839e-01
1.069472628910000094e+04	5.469802062586524016e-01
1.069492228910000085e+04	5.217369185420714928e-01
1.069511728910000056e+04	5.517930376423834105e-01
1.069531228910000027e+04	5.399909594506109300e-01
1.069550828910000018e+04	5.027415996433610701e-01
1.069570328909999989e+04	5.440060488763194257e-01
1.069589828909999960e+04	5.453930331485175032e-01
1.069609328910000113e+04	5.437808684693443695e-01
1.069628928910000104e+04	5.532715125965914638e-01
1.069648428910000075e+04	5.233960311840686330e-01
1.069667928910000046e+04	5.634563878911524881e-01
1.069687528910000037e+04	5.363379822432108313e-01
1.069707028910000008e+04	5.152564813208755368e-01
1.069726528909999979e+04	5.236051926255846922e-01
1.069746128909999970e+04	5.497969890306464436e-01
1.069765628909999941e+04	5.222917744704940191e-01
1.069785128910000094e+04	5.519456597962921762e-01
1.069804728910000085e+04	5.414734105766108030e-01
1.069824228910000056e+04	5.497190580913873248e-01
1.069843728910000027e+04	5.134417327515290452e-01
1.069863328910000018e+04	5.929254629743319072e-01
1.069882828909999989e+04	5.821896486831352746e-01
1.069902328909999960e+04	5.630355171293270899e-01
1.069921828910000113e+04	5.569490578194624675e-01
1.069941428910000104e+04	5.228737062388955081e-01
1.069960928910000075e+04	5.594260308516965097e-01
1.069980428910000046e+04	5.202358943157197047e-01
1.070000028910000037e+04	5.603490024128277014e-01
1.070019528910000008e+04	5.223644119700914246e-01
1.070039028909999979e+04	5.500708937217684280e-01
1.070058628909999970e+04	5.414311716792923335e-01
1.070078128909999941e+04	5.401511897852415700e-01
1.070097628910000094e+04	5.408518468446832372e-01
1.070117228910000085e+04	5.602451267432240201e-01
1.070136728910000056e+04	5.466391418651888046e-01
1.070156228910000027e+04	5.438480014837328014e-01
1.070175828910000018e+04	5.333842243490298785e-01
1.070195328909999989e+04	5.599648572837345739e-01
1.070214828909999960e+04	5.403710268930339566e-01
1.070234328910000113e+04	5.155589015600945402e-01
1.070253928910000104e+04	5.444337380785473357e-01
1.070273428910000075e+04	5.146168686025394123e-01
1.070292928910000046e+04	5.221509019782040184e-01
1.070312528910000037e+04	5.369358250186948567e-01
1.070332028910000008e+04	5.102011602551232983e-01
1.070351528909999979e+04	5.399032392946079284e-01
1.070371128909999970e+04	5.116355764605700074e-01
1.070390628909999941e+04	4.653282502440703183e-01
1.070410128910000094e+04	5.318730989298963152e-01
1.070429728910000085e+04	4.939876213894578427e-01
1.070449228910000056e+04	4.785113393770714652e-01
1.070468728910000027e+04	4.890809680922796332e-01
1.070488328910000018e+04	5.236626256070042729e-01
1.070507828909999989e+04	5.411507336950904801e-01
1.070527328909999960e+04	4.989616239274106135e-01
1.070546828910000113e+04	5.014509453926923044e-01
1.070566428910000104e+04	5.240050611542947934e-01
1.070585928910000075e+04	5.637647015512552429e-01
1.070605428910000046e+04	5.368794836567190032e-01
1.070625028910000037e+04	4.749122112955443953e-01
1.070644528910000008e+04	5.580116933969030413e-01
1.070664028909999979e+04	4.590295602031453370e-01
1.070683628909999970e+04	5.315372589401263781e-01
1.070703128909999941e+04	5.111151621759368879e-01
1.070722628910000094e+04	4.863190727900104093e-01
1.070742228910000085e+04	5.422692760392529010e-01
1.070761728910000056e+04	5.145659141562965999e-01
1.070781228910000027e+04	5.146884113720986420e-01
1.070800828910000018e+04	4.957364762507801004e-01
1.070820328909999989e+04	4.771151863953129180e-01
1.070839828909999960e+04	5.467506730009219496e-01
1.070859328910000113e+04	5.081898526787558268e-01
1.070878928910000104e+04	4.838683672713983697e-01
1.070898428910000075e+04	4.918588457308281647e-01
1.070917928910000046e+04	4.629373697265570797e-01
1.070937528910000037e+04	4.897765481566693779e-01
1.070957028910000008e+04	4.609590968069792183e-01
1.070976528909999979e+04	5.063746383177214483e-01
1.070996128909999970e+04	5.208450026187776416e-01
1.071015628909999941e+04	5.134861988772509989e-01
1.071035128910000094e+04	4.951756249638972207e-01
1.071054728910000085e+04	4.787556013612466188e-01
1.071074228910000056e+04	4.961747818170714197e-01
1.071093728910000027e+04	5.431398403116993734e-01
1.071113328910000018e+04	4.900445698890472102e-01
1.071132828909999989e+04	5.312014236630915320e-01
1.071152328909999960e+04	4.514436108731167963e-01
1.071171828910000113e+04	4.684498155526473084e-01
1.071191428910000104e+04	4.817105103871170968e-01
1.071210928910000075e+04	4.816377620673009119e-01
1.071230428910000046e+04	5.152846675137023880e-01
1.071250028910000037e+04	4.933887331183051117e-01
1.071269528910000008e+04	4.709346301556998071e-01
1.071289028909999979e+04	4.863863629224862706e-01
1.071308628909999970e+04	4.895443454295982377e-01
1.071328128909999941e+04	5.220457567481631145e-01
1.071347628910000094e+04	5.294236907408844672e-01
1.071367228910000085e+04	5.001623850404346427e-01
1.071386728910000056e+04	4.955162395272623144e-01
1.071406228910000027e+04	4.973941199895293153e-01
1.071425828910000018e+04	4.902377405904694285e-01
1.071445328909999989e+04	4.939962793467671531e-01
1.071464828909999960e+04	5.330256639423414100e-01
1.071484328910000113e+04	5.205090211354512775e-01
1.071503928910000104e+04	4.708553667611923288e-01
1.071523428910000075e+04	4.843133639154082459e-01
1.071542928910000046e+04	5.210856049895706832e-01
1.071562528910000037e+04	5.309544343116066045e-01
1.071582028910000008e+04	5.168336665378543415e-01
1.071601528909999979e+04	5.162775700153368064e-01
1.071621128909999970e+04	5.367116310321922157e-01
1.071640628909999941e+04	4.953372660332693300e-01
1.071660128910000094e+04	5.129929137155606611e-01
1.071679728910000085e+04	4.984669385128821517e-01
1.071699228910000056e+04	5.665644388243347152e-01
1.071718728910000027e+04	5.618215897283800331e-01
1.071738328910000018e+04	5.179240630035018000e-01
1.071757828909999989e+04	5.468719496323757312e-01
1.071777328909999960e+04	4.604680430665375468e-01
1.071796828910000113e+04	5.285179637031589550e-01
1.071816428910000104e+04	5.417246193589413394e-01
1.071835928910000075e+04	5.324428746379101796e-01
1.071855428910000046e+04	5.529836326108839017e-01
1.071875028910000037e+04	5.061121878353507242e-01
1.071894528910000008e+04	5.151339869359645718e-01
1.071914028909999979e+04	5.241339991693401146e-01
1.071933628909999970e+04	5.455651509677572619e-01
1.071953128909999941e+04	5.300585257093199942e-01
1.071972628910000094e+04	5.178091886996014637e-01
1.071992228910000085e+04	5.337514234869153995e-01
1.072011728910000056e+04	5.293348253784948554e-01
1.072031228910000027e+04	4.980742766315398029e-01
1.072050828910000018e+04	5.580279231539275742e-01
1.072070328909999989e+04	5.348725174073720723e-01
1.072089828909999960e+04	5.192496501595211811e-01
1.072109328910000113e+04	6.013363810860070657e-01
1.072128928910000104e+04	5.312664228968255742e-01
1.072148428910000075e+04	5.498327324785012848e-01
1.072167928910000046e+04	5.532531134439615528e-01
1.072187528910000037e+04	5.658482913320703744e-01
1.072207028910000008e+04	5.623376588778086216e-01
1.072226528909999979e+04	5.404338530800103513e-01
1.072246128909999970e+04	5.318807013613344736e-01
1.072265628909999941e+04	5.162005941068770198e-01
1.072285128910000094e+04	5.564783140206390755e-01
1.072304728910000085e+04	5.248600121863198353e-01
1.072324228910000056e+04	5.530063459104166412e-01
1.072343728910000027e+04	5.491572245777973649e-01
1.072363328910000018e+04	5.774822666058021525e-01
1.072382828909999989e+04	5.179262323704172388e-01
1.072402328909999960e+04	5.664789787334427729e-01
1.072421828910000113e+04	5.091592167872569519e-01
1.072441428910000104e+04	5.145301752108402127e-01
1.072460928910000075e+04	5.875067841513388345e-01
1.072480428910000046e+04	5.541979883117402750e-01
1.072500028910000037e+04	5.450985690969361031e-01
1.072519528910000008e+04	5.453670391329197287e-01
1.072539028909999979e+04	5.624231334084317524e-01
1.072558628909999970e+04	6.028550689194780432e-01
1.072578128909999941e+04	5.568018398027838600e-01
1.072597628910000094e+04	5.726485113025763241e-01
1.072617228910000085e+04	5.303250478352676822e-01
1.072636728910000056e+04	5.771460010200595292e-01
1.072656228910000027e+04	6.212322631486326685e-01
1.072675828910000018e+04	5.847440364340865671e-01
