# time(sec)	crack length FEA(mm)
6.725390589100000398e+03	3.732086322456886762e-01
6.725585889100000713e+03	3.207777901057884407e-01
6.725781289100000322e+03	3.376708923313405109e-01
6.725976589100000638e+03	3.328030462015707514e-01
6.726171889100000044e+03	2.979193285635677313e-01
6.726367189100000360e+03	3.752320922505418821e-01
6.726562489100000676e+03	3.574645008283994230e-01
6.726757789100000082e+03	3.886126206657340987e-01
6.726953089100000398e+03	3.373684624800343812e-01
6.727148389100000713e+03	3.308809683031732618e-01
6.727343789100000322e+03	3.635873257222286270e-01
6.727539089100000638e+03	3.140804849346636729e-01
6.727734389100000044e+03	3.495537610470584866e-01
6.727929689100000360e+03	3.818922061370564336e-01
6.728124989100000676e+03	3.937342687605589475e-01
6.728320289100000082e+03	3.983168077909198246e-01
6.728515589100000398e+03	3.414210690336787479e-01
6.728710889100000713e+03	2.884744602640960665e-01
6.728906289100000322e+03	3.009264738749557466e-01
6.729101589100000638e+03	3.749159419072238819e-01
6.729296889100000044e+03	3.926165544033288768e-01
6.729492189100000360e+03	3.404341667460712983e-01
6.729687489100000676e+03	3.699801303205045855e-01
6.729882789100000082e+03	3.256075885393663327e-01
6.730078089100000398e+03	3.196808100461261404e-01
6.730273389100000713e+03	3.352894975414066892e-01
6.730468789100000322e+03	3.470316028617386195e-01
6.730664089100000638e+03	3.576172431412505404e-01
6.730859389100000044e+03	3.474659914169322406e-01
6.731054689100000360e+03	3.384319026854001322e-01
6.731249989100000676e+03	3.144673578299634897e-01
6.731445289100000082e+03	3.150662286910588250e-01
6.731640589100000398e+03	3.672168855212021299e-01
6.731835889100000713e+03	3.383128893812941129e-01
6.732031289100000322e+03	3.575026794663411778e-01
6.732226589100000638e+03	3.285950244098927442e-01
6.732421889100000044e+03	3.402583992907857180e-01
6.732617189100000360e+03	3.304648554517246595e-01
6.732812489100000676e+03	3.110464815113331838e-01
6.733007789100000082e+03	3.728978974186425432e-01
6.733203089100000398e+03	3.751110734472806740e-01
6.733398389100000713e+03	3.591270632732559420e-01
6.733593789100000322e+03	3.380475880098554597e-01
6.733789089100000638e+03	3.181773087784840470e-01
6.733984389100000044e+03	3.392332722142210599e-01
6.734179689100000360e+03	3.058574373855815765e-01
6.734374989100000676e+03	3.449883727573812564e-01
6.734570289100000082e+03	3.259986358387845229e-01
6.734765589100000398e+03	3.125788323581897288e-01
6.734960889100000713e+03	3.656562671009311316e-01
6.735156289100000322e+03	3.236456345619291852e-01
6.735351589100000638e+03	3.659147438213459225e-01
6.735546889100000044e+03	3.523069675605210449e-01
6.735742189100000360e+03	3.334757209709220405e-01
6.735937489100000676e+03	3.332092703984308457e-01
6.736132789100000082e+03	3.418631794553270709e-01
6.736328089100000398e+03	3.142542222223916326e-01
6.736523389100000713e+03	3.291651462625200253e-01
6.736718789100000322e+03	3.490670339268717726e-01
6.736914089100000638e+03	3.009778704133321270e-01
6.737109389100000044e+03	3.070282629545175723e-01
6.737304689100000360e+03	3.378215806673061650e-01
6.737499989100000676e+03	2.943561790909789977e-01
6.737695289100000082e+03	3.325540365362584794e-01
6.737890589100000398e+03	3.608037005005098052e-01
6.738085889100000713e+03	3.416994437608735780e-01
6.738281289100000322e+03	3.360440153140853425e-01
6.738476589100000638e+03	2.947236763716851726e-01
6.738671889100000044e+03	3.163994354898314043e-01
6.738867189100000360e+03	3.298892845086243142e-01
6.739062489100000676e+03	3.335860056257224926e-01
6.739257789100000082e+03	3.509887916191889445e-01
6.739453089100000398e+03	3.530107946627847326e-01
6.739648389100000713e+03	3.183816535582746354e-01
6.739843789100000322e+03	3.430399704363580327e-01
6.740039089100000638e+03	3.550828023321290772e-01
6.740234389100000044e+03	3.011429923455253288e-01
6.740429689100000360e+03	3.232840166642461099e-01
6.740624989100000676e+03	3.653432641198470776e-01
6.740820289100000082e+03	3.104114410343044028e-01
6.741015589100000398e+03	3.435191645028172758e-01
6.741210889100000713e+03	3.399789205662990810e-01
6.741406289100000322e+03	3.041202401584381931e-01
6.741601589100000638e+03	3.055688379433831869e-01
6.741796889100000044e+03	2.761935002570687914e-01
6.741992189100000360e+03	3.674731446027816872e-01
6.742187489100000676e+03	3.254546491342011905e-01
6.742382789100000082e+03	2.992031537336874436e-01
6.742578089100000398e+03	3.608200699480352824e-01
6.742773389100000713e+03	3.028989840836260328e-01
6.742968789100000322e+03	3.413326403779919360e-01
6.743164089100000638e+03	3.134935974634238676e-01
6.743359389100000044e+03	3.516980739895192443e-01
6.743554689100000360e+03	3.610044245997467982e-01
6.743749989100000676e+03	3.356662012113744709e-01
6.743945289100000082e+03	3.345644286601494599e-01
6.744140589100000398e+03	3.396535989418598689e-01
6.744335889100000713e+03	3.504507984600664372e-01
6.744531289100000322e+03	3.836969781160615156e-01
6.744726589100000638e+03	3.512932396033203730e-01
6.744921889100000044e+03	3.833188315071538455e-01
6.745117189100000360e+03	3.387310559087115536e-01
6.745312489100000676e+03	3.335947574617605937e-01
6.745507789100000082e+03	3.589263239768243352e-01
6.745703089100000398e+03	3.686748740470964236e-01
6.745898389100000713e+03	3.177478704632274997e-01
6.746093789100000322e+03	3.556152499166724823e-01
6.746289089100000638e+03	3.590059751851821801e-01
6.746484389100000044e+03	3.500612141264092259e-01
6.746679689100000360e+03	3.777666181277243851e-01
6.746874989100000676e+03	3.718839151994401959e-01
6.747070289100000082e+03	3.465186406939508856e-01
6.747265589100000398e+03	3.642973346469204898e-01
6.747460889100000713e+03	3.481721026900075344e-01
6.747656289100000322e+03	3.692702560549747659e-01
6.747851589100000638e+03	3.451280936896097273e-01
6.748046889100000044e+03	3.628085447937188235e-01
6.748242189100000360e+03	3.799630212047802047e-01
6.748437489100000676e+03	3.556687077275526576e-01
6.748632789100000082e+03	3.851975998549495017e-01
6.748828089100000398e+03	3.431239953304547896e-01
6.749023389100000713e+03	3.845187067187367802e-01
6.749218789100000322e+03	3.731181440888438061e-01
6.749414089100000638e+03	3.410236908754189500e-01
6.749609389100000044e+03	3.337923999259562180e-01
6.749804689100000360e+03	3.350427264325510635e-01
6.749999989100000676e+03	3.628772683556054091e-01
6.750195289100000082e+03	3.547107514071470291e-01
6.750390589100000398e+03	3.679300597000647599e-01
6.750585889100000713e+03	3.536523668925326547e-01
6.750781289100000322e+03	3.713300127224847813e-01
6.750976589100000638e+03	3.748439927925328874e-01
6.751171889100000044e+03	3.490910325603042708e-01
6.751367189100000360e+03	3.230349397163720937e-01
6.751562489100000676e+03	3.075792355355453367e-01
6.751757789100000082e+03	2.906142206347244183e-01
6.751953089100000398e+03	3.120017579460387935e-01
6.752148389100000713e+03	3.521138310626668044e-01
6.752343789100000322e+03	3.504573321008948028e-01
6.752539089100000638e+03	3.311256043193306908e-01
6.752734389100000044e+03	3.609476894259984192e-01
6.752929689100000360e+03	2.994470120658405676e-01
6.753124989100000676e+03	3.205876742655142664e-01
6.753320289100000082e+03	3.472280508572573865e-01
6.753515589100000398e+03	3.180308752014671114e-01
6.753710889100000713e+03	3.584343362192292659e-01
6.753906289100000322e+03	3.459729188348390494e-01
6.754101589100000638e+03	3.673488279914280952e-01
6.754296889100000044e+03	3.080897346598696629e-01
6.754492189100000360e+03	3.040852569967782415e-01
6.754687489100000676e+03	3.042525465005159191e-01
6.754882789100000082e+03	2.462290305851482231e-01
6.755078089100000398e+03	3.523440668428001743e-01
6.755273389100000713e+03	3.128411387488849726e-01
6.755468789100000322e+03	2.707848430867869638e-01
6.755664089100000638e+03	3.033330460747603041e-01
6.755859389100000044e+03	2.709775214808374244e-01
6.756054689100000360e+03	3.181543502732786521e-01
6.756249989100000676e+03	2.982550508593604377e-01
6.756445289100000082e+03	2.935183634647842155e-01
6.756640589100000398e+03	3.223226326822157262e-01
6.756835889100000713e+03	3.016120810570690480e-01
6.757031289100000322e+03	3.138455006694247373e-01
6.757226589100000638e+03	3.049030424467797928e-01
6.757421889100000044e+03	3.347107741991184326e-01
6.757617189100000360e+03	3.515082228669754727e-01
6.757812489100000676e+03	3.395727977298825806e-01
6.758007789100000082e+03	3.531406288511504954e-01
6.758203089100000398e+03	2.989833400900963056e-01
6.758398389100000713e+03	2.969186634445080131e-01
6.758593789100000322e+03	3.265994432729808494e-01
6.758789089100000638e+03	3.300902306545534515e-01
6.758984389100000044e+03	3.055666592546568694e-01
6.759179689100000360e+03	3.318933538123047811e-01
6.759374989100000676e+03	3.511830335952144111e-01
6.759570289100000082e+03	3.302704512925487279e-01
6.759765589100000398e+03	3.265306191823409421e-01
6.759960889100000713e+03	3.514896538606766541e-01
6.760156289100000322e+03	3.392147127776610205e-01
6.760351589100000638e+03	3.489982720888757939e-01
6.760546889100000044e+03	3.317557441538667717e-01
6.760742189100000360e+03	3.226121544568094635e-01
6.760937489100000676e+03	3.134345943974778947e-01
6.761132789100000082e+03	3.131460453265759725e-01
6.761328089100000398e+03	3.212213567939272707e-01
6.761523389100000713e+03	3.575081241813986566e-01
6.761718789100000322e+03	3.427353930481942257e-01
6.761914089100000638e+03	3.056650287386553089e-01
6.762109389100000044e+03	3.288811799860429375e-01
6.762304689100000360e+03	3.250876057343319303e-01
6.762499989100000676e+03	2.982725512426362968e-01
6.762695289100000082e+03	3.502467174008572215e-01
6.762890589100000398e+03	3.668286324148279931e-01
6.763085889100000713e+03	3.768847549446299183e-01
6.763281289100000322e+03	3.127045125765253175e-01
6.763476589100000638e+03	3.307356884365191263e-01
6.763671889100000044e+03	3.372832926320956659e-01
6.763867189100000360e+03	3.475314762336463303e-01
6.764062489100000676e+03	3.477322796356858703e-01
6.764257789100000082e+03	3.889514986724389445e-01
6.764453089100000398e+03	2.956478541223859224e-01
6.764648389100000713e+03	3.410073177385815058e-01
6.764843789100000322e+03	3.167218139950751521e-01
6.765039089100000638e+03	3.363715883662479200e-01
6.765234389100000044e+03	3.283077490421568712e-01
6.765429689100000360e+03	3.903711568195493697e-01
6.765624989100000676e+03	3.342707125682728986e-01
6.765820289100000082e+03	3.537931169035246626e-01
6.766015589100000398e+03	3.274688904582880866e-01
6.766210889100000713e+03	3.004530045704338903e-01
6.766406289100000322e+03	3.369011454994179644e-01
6.766601589100000638e+03	3.511491946189266855e-01
6.766796889100000044e+03	3.856280532437690312e-01
6.766992189100000360e+03	3.853120355678569808e-01
6.767187489100000676e+03	3.467019859945317251e-01
6.767382789100000082e+03	3.639886991213714396e-01
6.767578089100000398e+03	3.323148929768429127e-01
6.767773389100000713e+03	3.736338247585671013e-01
6.767968789100000322e+03	3.833482360440125802e-01
6.768164089100000638e+03	4.123097060631959465e-01
6.768359389100000044e+03	3.686726915216826939e-01
6.768554689100000360e+03	3.254677671101546821e-01
6.768749989100000676e+03	3.627649026564743195e-01
6.768945289100000082e+03	3.611756600306197384e-01
6.769140589100000398e+03	3.954902702907130418e-01
6.769335889100000713e+03	3.862306754168578493e-01
6.769531289100000322e+03	4.129867805313480744e-01
6.769726589100000638e+03	3.954412493127961170e-01
6.769921889100000044e+03	3.627616327723366396e-01
6.770117189100000360e+03	3.390258352566899447e-01
6.770312489100000676e+03	4.066812692107539817e-01
6.770507789100000082e+03	3.885897459757732264e-01
6.770703089100000398e+03	3.757989895333508912e-01
6.770898389100000713e+03	3.843835699032922548e-01
6.771093789100000322e+03	3.828763362872056319e-01
6.771289089100000638e+03	3.627572760492512316e-01
6.771484389100000044e+03	3.780391449378832647e-01
6.771679689100000360e+03	3.910619153011118954e-01
6.771874989100000676e+03	4.154456117607274734e-01
6.772070289100000082e+03	3.890310159816969815e-01
6.772265589100000398e+03	4.277666291487154382e-01
6.772460889100000713e+03	3.594095967225676702e-01
6.772656289100000322e+03	3.660292686350068436e-01
6.772851589100000638e+03	3.670925395216144693e-01
6.773046889100000044e+03	3.916262511134718238e-01
6.773242189100000360e+03	4.168572434874224797e-01
6.773437489100000676e+03	3.700499205214029530e-01
6.773632789100000082e+03	3.841972079480413527e-01
6.773828089100000398e+03	3.809646982877623600e-01
6.774023389100000713e+03	3.983494877748476881e-01
6.774218789100000322e+03	3.763091738239765505e-01
6.774414089100000638e+03	3.779039727638782153e-01
6.774609389100000044e+03	3.883500284363599064e-01
6.774804689100000360e+03	3.546769266149958355e-01
6.774999989100000676e+03	3.867656928431522090e-01
6.775195289100000082e+03	3.962745459483869581e-01
6.775390589100000398e+03	3.996346760138429488e-01
6.775585889100000713e+03	4.190033926487117810e-01
6.775781289100000322e+03	3.691154123983686475e-01
6.775976589100000638e+03	3.492110816257927297e-01
6.776171889100000044e+03	3.204008324403417873e-01
6.776367189100000360e+03	3.694534613314282012e-01
6.776562489100000676e+03	3.767931658976806375e-01
6.776757789100000082e+03	3.779170630357597815e-01
6.776953089100000398e+03	4.023082741063870316e-01
6.777148389100000713e+03	3.310141923648792783e-01
6.777343789100000322e+03	3.481612091597519054e-01
6.777539089100000638e+03	3.351573657011179819e-01
6.777734389100000044e+03	3.922559501662590264e-01
6.777929689100000360e+03	4.266907015859082719e-01
6.778124989100000676e+03	4.007433452754725067e-01
6.778320289100000082e+03	3.591805135149961359e-01
6.778515589100000398e+03	3.841132846987616034e-01
6.778710889100000713e+03	3.780500628022593901e-01
6.778906289100000322e+03	4.031054106408600290e-01
6.779101589100000638e+03	3.604622634071397158e-01
6.779296889100000044e+03	3.866480251958765990e-01
6.779492189100000360e+03	3.831858600296627060e-01
6.779687489100000676e+03	3.545383560165475956e-01
6.779882789100000082e+03	3.750663947626815542e-01
6.780078089100000398e+03	3.588041760091336130e-01
6.780273389100000713e+03	3.494435191890872261e-01
6.780468789100000322e+03	3.313909796529621588e-01
6.780664089100000638e+03	3.830866739266234333e-01
6.780859389100000044e+03	3.603488279296289676e-01
6.781054689100000360e+03	3.217337531344810486e-01
6.781249989100000676e+03	3.333326700596295211e-01
6.781445289100000082e+03	3.800916469471076198e-01
6.781640589100000398e+03	3.559403623472494615e-01
6.781835889100000713e+03	3.752342648337307907e-01
6.782031289100000322e+03	3.738835087569043480e-01
6.782226589100000638e+03	3.845742739844375535e-01
6.782421889100000044e+03	3.638239851312654594e-01
6.782617189100000360e+03	4.089774452079311118e-01
6.782812489100000676e+03	3.783966697226563980e-01
6.783007789100000082e+03	4.144192156626900214e-01
6.783203089100000398e+03	3.927342217586584638e-01
6.783398389100000713e+03	3.594161654862393362e-01
6.783593789100000322e+03	3.437200285016785983e-01
6.783789089100000638e+03	3.262553490624338082e-01
6.783984389100000044e+03	3.331164599413742877e-01
6.784179689100000360e+03	3.391000734844986653e-01
6.784374989100000676e+03	3.599386624264546697e-01
6.784570289100000082e+03	3.610262378574287112e-01
6.784765589100000398e+03	3.388074614161613596e-01
6.784960889100000713e+03	3.080962794524051418e-01
6.785156289100000322e+03	3.768389651454704392e-01
6.785351589100000638e+03	3.538444041832011777e-01
6.785546889100000044e+03	3.747055348753747239e-01
6.785742189100000360e+03	3.922199961366423793e-01
6.785937489100000676e+03	3.411405062353338735e-01
6.786132789100000082e+03	3.400346252540948910e-01
6.786328089100000398e+03	3.411514122250647318e-01
6.786523389100000713e+03	3.484984282649072895e-01
6.786718789100000322e+03	3.630517794373755436e-01
6.786914089100000638e+03	3.810278945168921183e-01
6.787109389100000044e+03	3.839879656486093751e-01
6.787304689100000360e+03	3.648797621286714588e-01
6.787499989100000676e+03	3.822017328174798223e-01
6.787695289100000082e+03	3.544947274399596893e-01
6.787890589100000398e+03	3.979519360670025208e-01
6.788085889100000713e+03	3.695112448508162117e-01
6.788281289100000322e+03	3.908962956180808135e-01
6.788476589100000638e+03	3.908494648303584285e-01
6.788671889100000044e+03	3.826779986515873588e-01
6.788867189100000360e+03	4.026132052265403161e-01
6.789062489100000676e+03	3.880558256147601526e-01
6.789257789100000082e+03	4.178236894670170898e-01
6.789453089100000398e+03	4.295789427293339457e-01
6.789648389100000713e+03	3.819227264522773169e-01
6.789843789100000322e+03	3.623613357327126749e-01
6.790039089100000638e+03	3.635665827827310181e-01
6.790234389100000044e+03	3.904245490599329571e-01
6.790429689100000360e+03	4.207510578041215865e-01
6.790624989100000676e+03	4.260542716697770516e-01
6.790820289100000082e+03	4.249118957574555822e-01
6.791015589100000398e+03	3.802464032968622121e-01
6.791210889100000713e+03	4.065538852008199200e-01
6.791406289100000322e+03	3.658994738062144592e-01
6.791601589100000638e+03	4.078789274015903743e-01
6.791796889100000044e+03	4.062119933755425905e-01
6.791992189100000360e+03	4.079290085978186653e-01
6.792187489100000676e+03	3.919574421706322198e-01
6.792382789100000082e+03	3.518868550910383419e-01
6.792578089100000398e+03	4.053463606915812534e-01
6.792773389100000713e+03	3.852335547236496183e-01
6.792968789100000322e+03	3.922494181782951728e-01
6.793164089100000638e+03	4.266297899845650221e-01
6.793359389100000044e+03	4.243678988979553424e-01
6.793554689100000360e+03	4.306416914492654513e-01
6.793749989100000676e+03	3.813276203327014002e-01
6.793945289100000082e+03	3.822333200120766605e-01
6.794140589100000398e+03	3.941580141837537354e-01
6.794335889100000713e+03	4.184723064904467549e-01
6.794531289100000322e+03	4.032807328934406854e-01
6.794726589100000638e+03	4.094041933511114451e-01
6.794921889100000044e+03	3.572888539713225953e-01
6.795117189100000360e+03	3.942528047537159352e-01
6.795312489100000676e+03	3.879348788156988803e-01
6.795507789100000082e+03	3.758414943671049002e-01
6.795703089100000398e+03	3.973125672376394135e-01
6.795898389100000713e+03	4.281887077754085169e-01
6.796093789100000322e+03	4.053888428806082800e-01
6.796289089100000638e+03	3.738322629158652433e-01
6.796484389100000044e+03	3.782615275898582041e-01
6.796679689100000360e+03	3.815456106793035929e-01
6.796874989100000676e+03	4.051612695629778216e-01
6.797070289100000082e+03	3.950523716898182158e-01
6.797265589100000398e+03	3.271248364382195462e-01
6.797460889100000713e+03	3.478850818827776692e-01
6.797656289100000322e+03	3.427168362298100845e-01
6.797851589100000638e+03	3.322111411223733768e-01
6.798046889100000044e+03	3.926154688739877940e-01
6.798242189100000360e+03	3.478938286790533851e-01
6.798437489100000676e+03	3.697740368649338194e-01
6.798632789100000082e+03	3.647477784100523479e-01
6.798828089100000398e+03	3.557767195201471111e-01
6.799023389100000713e+03	3.490037280453535118e-01
6.799218789100000322e+03	3.629405107289134236e-01
6.799414089100000638e+03	3.964368361346579661e-01
6.799609389100000044e+03	3.864747660321761202e-01
6.799804689100000360e+03	3.651316796977805978e-01
6.799999989100000676e+03	3.648939179216181827e-01
6.800195289100000082e+03	3.747120621276689434e-01
6.800390589100000398e+03	3.555181370980058375e-01
6.800585889100000713e+03	3.645536520172765194e-01
6.800781289100000322e+03	3.895202346174002628e-01
6.800976589100000638e+03	3.561923988670123720e-01
6.801171889100000044e+03	3.391350073893217854e-01
6.801367189100000360e+03	3.354926135836002743e-01
6.801562489100000676e+03	3.634564312997028424e-01
6.801757789100000082e+03	3.459216152814228451e-01
6.801953089100000398e+03	3.383260005675836624e-01
6.802148389100000713e+03	3.660488947156146367e-01
6.802343789100000322e+03	3.607840702672717725e-01
6.802539089100000638e+03	3.292241401377005161e-01
6.802734389100000044e+03	3.223619540119173621e-01
6.802929689100000360e+03	3.027448154481646725e-01
6.803124989100000676e+03	3.592797953465680649e-01
6.803320289100000082e+03	3.431087394088709885e-01
6.803515589100000398e+03	3.725152028176541563e-01
6.803710889100000713e+03	3.604240893253596312e-01
6.803906289100000322e+03	3.423140307657472903e-01
6.804101589100000638e+03	3.357251796461291349e-01
6.804296889100000044e+03	3.273771469385700073e-01
6.804492189100000360e+03	3.699452398296454447e-01
6.804687489100000676e+03	3.411961801842977593e-01
6.804882789100000082e+03	3.473830312342087723e-01
6.805078089100000398e+03	3.636832920407222502e-01
6.805273389100000713e+03	3.263383704840006061e-01
6.805468789100000322e+03	3.324131566527448456e-01
6.805664089100000638e+03	3.497534606756325104e-01
6.805859389100000044e+03	3.554876029948061955e-01
6.806054689100000360e+03	3.460242222821960922e-01
6.806249989100000676e+03	3.482681567954024615e-01
6.806445289100000082e+03	3.390258352566899447e-01
6.806640589100000398e+03	3.246091537631698998e-01
6.806835889100000713e+03	3.421993964075511485e-01
6.807031289100000322e+03	4.080563855250431970e-01
6.807226589100000638e+03	3.813189134116328205e-01
6.807421889100000044e+03	2.951381988248247268e-01
6.807617189100000360e+03	3.663488017776330707e-01
6.807812489100000676e+03	3.535727266077781650e-01
6.808007789100000082e+03	3.726067795830996232e-01
6.808203089100000398e+03	2.833332394347483074e-01
6.808398389100000713e+03	3.596070711773169393e-01
6.808593789100000322e+03	3.578877799962860706e-01
6.808789089100000638e+03	3.507989069473786969e-01
6.808984389100000044e+03	3.869520354683011476e-01
6.809179689100000360e+03	3.217949513097835279e-01
6.809374989100000676e+03	3.689834793319377582e-01
6.809570289100000082e+03	3.763157006537998228e-01
6.809765589100000398e+03	3.721445092008313082e-01
6.809960889100000713e+03	3.864747660321761202e-01
6.810156289100000322e+03	3.040032506381340482e-01
6.810351589100000638e+03	3.423991833561323972e-01
6.810546889100000044e+03	4.379785189778502286e-01
6.810742189100000360e+03	3.531788141451190910e-01
6.810937489100000676e+03	4.086932977278188162e-01
6.811132789100000082e+03	3.558847214704830009e-01
6.811328089100000398e+03	3.653279843843577623e-01
6.811523389100000713e+03	3.206608695523840424e-01
6.811718789100000322e+03	3.821395974863541767e-01
6.811914089100000638e+03	3.365353592029673990e-01
6.812109389100000044e+03	3.979258047616696103e-01
6.812304689100000360e+03	3.442919784742990430e-01
6.812499989100000676e+03	3.542863214340385980e-01
6.812695289100000082e+03	3.342412216411094761e-01
6.812890589100000398e+03	3.410291673403129664e-01
6.813085889100000713e+03	3.507792687942856702e-01
6.813281289100000322e+03	3.374132185037055365e-01
6.813476589100000638e+03	3.465928471392984989e-01
6.813671889100000044e+03	3.729131631224884558e-01
6.813867189100000360e+03	3.634760594172696813e-01
6.814062489100000676e+03	3.571437379722404160e-01
6.814257789100000082e+03	3.724465153386518068e-01
6.814453089100000398e+03	3.337902237099488190e-01
6.814648389100000713e+03	3.522535025043431745e-01
6.814843789100000322e+03	3.733427436649972009e-01
6.815039089100000638e+03	3.681339952839142171e-01
6.815234389100000044e+03	3.698972547870855720e-01
6.815429689100000360e+03	3.730461897535253257e-01
6.815624989100000676e+03	3.997098181338891720e-01
6.815820289100000082e+03	3.738922182917185921e-01
6.816015589100000398e+03	3.692506325248992027e-01
6.816210889100000713e+03	3.790190836885862780e-01
6.816406289100000322e+03	3.502805482340640708e-01
6.816601589100000638e+03	3.802976265087316676e-01
6.816796889100000044e+03	3.907023740282724589e-01
6.816992189100000360e+03	4.032948948138255219e-01
6.817187489100000676e+03	4.277753197351330527e-01
6.817382789100000082e+03	3.986250532632666932e-01
6.817578089100000398e+03	3.829679122050571038e-01
6.817773389100000713e+03	4.103763638271988867e-01
6.817968789100000322e+03	3.359533914777799168e-01
6.818164089100000638e+03	4.256974162925750704e-01
6.818359389100000044e+03	3.750402205639797870e-01
6.818554689100000360e+03	3.681830703411321792e-01
6.818749989100000676e+03	3.955294757748379908e-01
6.818945289100000082e+03	3.263536648611911062e-01
6.819140589100000398e+03	3.752757124403274247e-01
6.819335889100000713e+03	3.941645737403156602e-01
6.819531289100000322e+03	4.081718004253716003e-01
6.819726589100000638e+03	3.737624927316467449e-01
6.819921889100000044e+03	3.710138125886945915e-01
6.820117189100000360e+03	3.852019807165181220e-01
6.820312489100000676e+03	3.513739932909931696e-01
6.820507789100000082e+03	4.137998980478272415e-01
6.820703089100000398e+03	4.036476961276989073e-01
6.820898389100000713e+03	3.875524445562454900e-01
6.821093789100000322e+03	4.276817696167878324e-01
6.821289089100000638e+03	3.927309558280001056e-01
6.821484389100000044e+03	3.748080134744675718e-01
6.821679689100000360e+03	3.995246567610628574e-01
6.821874989100000676e+03	4.220666373496921864e-01
6.822070289100000082e+03	4.290589792165810934e-01
6.822265589100000398e+03	3.701556872852371782e-01
6.822460889100000713e+03	4.001040766405576932e-01
6.822656289100000322e+03	3.772728224353762982e-01
6.822851589100000638e+03	3.456411127280460960e-01
6.823046889100000044e+03	3.805995707247120663e-01
6.823242189100000360e+03	3.579074218935041074e-01
6.823437489100000676e+03	3.302147340782557450e-01
6.823632789100000082e+03	3.249707148415836855e-01
6.823828089100000398e+03	3.400018682870040720e-01
6.824023389100000713e+03	3.846788928781101902e-01
6.824218789100000322e+03	3.180669557039745854e-01
6.824414089100000638e+03	4.044524032807590430e-01
6.824609389100000044e+03	3.763767643542337282e-01
6.824804689100000360e+03	3.718359339105781203e-01
6.824999989100000676e+03	3.487178043115619630e-01
6.825195289100000082e+03	3.414876669500692685e-01
