# time(sec)	crack length FEA(mm)
2.414375128910000058e+04	9.473392976346435290e-01
2.414394628910000029e+04	9.041916097895068560e-01
2.414414128909999999e+04	9.357473224788588340e-01
2.414433728909999991e+04	9.508787388668729079e-01
2.414453228909999962e+04	9.069555735224259507e-01
2.414472728909999933e+04	9.366624634240210412e-01
2.414492328909999924e+04	9.666156761274198317e-01
2.414511828909999895e+04	9.653590772509481610e-01
2.414531328909999866e+04	8.875329812672294594e-01
2.414550928909999857e+04	9.138795043513638916e-01
2.414570428910000192e+04	9.536000484048976489e-01
2.414589928910000162e+04	9.555908594173718740e-01
2.414609428910000133e+04	9.377747009829420222e-01
2.414629028910000125e+04	9.739617308170611665e-01
2.414648528910000095e+04	9.276382008668306867e-01
2.414668028910000066e+04	9.633084164018441697e-01
2.414687628910000058e+04	9.054280219597288237e-01
2.414707128910000029e+04	9.865559483229269233e-01
2.414726628909999999e+04	9.739265526203446655e-01
2.414746228909999991e+04	9.417224442853964206e-01
2.414765728909999962e+04	9.426682356558675480e-01
2.414785228909999933e+04	9.537533814063348103e-01
2.414804828909999924e+04	9.903945276899186467e-01
2.414824328909999895e+04	1.000269855607998082e+00
2.414843828909999866e+04	9.875689818132666886e-01
2.414863428909999857e+04	9.553618876224874157e-01
2.414882928910000192e+04	9.278449533272912220e-01
2.414902428910000162e+04	9.733819692671872303e-01
2.414921928910000133e+04	9.800857867677859048e-01
2.414941528910000125e+04	9.729107484736854161e-01
2.414961028910000095e+04	9.805366787119389471e-01
2.414980528910000066e+04	9.702511970679044140e-01
2.415000128910000058e+04	9.611192606101006675e-01
2.415019628910000029e+04	9.138261558345668334e-01
2.415039128909999999e+04	9.468228512502374628e-01
2.415058728909999991e+04	9.726011649793555591e-01
2.415078228909999962e+04	9.506636789740561255e-01
2.415097728909999933e+04	9.513674592782201955e-01
2.415117328909999924e+04	9.804419519155658236e-01
2.415136828909999895e+04	9.259947374448174173e-01
2.415156328909999866e+04	9.653898806156000489e-01
2.415175928909999857e+04	9.582211348790821148e-01
2.415195428910000192e+04	9.718236249098488599e-01
2.415214928910000162e+04	9.749583944554665038e-01
2.415234428910000133e+04	9.500929569685663267e-01
2.415254028910000125e+04	9.911758473171516926e-01
2.415273528910000095e+04	9.407371431408648732e-01
2.415293028910000066e+04	9.924567472250362954e-01
2.415312628910000058e+04	9.944782546484187691e-01
2.415332128910000029e+04	9.622665651816237897e-01
2.415351628909999999e+04	1.014900661399408932e+00
2.415371228909999991e+04	9.590236195600549962e-01
2.415390728909999962e+04	9.741584536501139979e-01
2.415410228909999933e+04	9.737712197051386909e-01
2.415429828909999924e+04	9.717832349015420590e-01
2.415449328909999895e+04	1.008586979315753140e+00
2.415468828909999866e+04	9.949384610511629035e-01
2.415488428909999857e+04	9.612799779778278264e-01
2.415507928910000192e+04	9.451796219187897918e-01
2.415527428910000162e+04	9.546337171714487368e-01
2.415546928910000133e+04	9.882781619186680189e-01
2.415566528910000125e+04	9.776939808587385983e-01
2.415586028910000095e+04	1.019620418770845305e+00
2.415605528910000066e+04	9.485479150604536613e-01
2.415625128910000058e+04	9.805599721290203519e-01
2.415644628910000029e+04	1.001712631104815898e+00
2.415664128909999999e+04	9.676360429490138415e-01
2.415683728909999991e+04	9.887055227287717685e-01
2.415703228909999962e+04	9.809364088746885812e-01
2.415722728909999933e+04	9.664113964651974698e-01
2.415742328909999924e+04	9.628987933679589162e-01
2.415761828909999895e+04	9.444777915535915724e-01
2.415781328909999866e+04	9.855150169798356785e-01
2.415800928909999857e+04	9.928967240292507768e-01
2.415820428910000192e+04	9.909207365277179491e-01
2.415839928910000162e+04	9.763049391806326582e-01
2.415859428910000133e+04	9.709777963928374334e-01
2.415879028910000125e+04	9.522894762438696148e-01
2.415898528910000095e+04	9.747477901308734261e-01
2.415918028910000066e+04	9.842104554665596083e-01
2.415937628910000058e+04	9.930743010857803199e-01
2.415957128910000029e+04	9.289501204921855049e-01
2.415976628909999999e+04	9.555886648099143343e-01
2.415996228909999991e+04	9.429441168501355719e-01
2.416015728909999962e+04	9.920666136885962771e-01
2.416035228909999933e+04	9.437567466593534959e-01
2.416054828909999924e+04	9.735468989225672942e-01
2.416074328909999895e+04	9.666582684459967822e-01
2.416093828909999866e+04	9.619303329275510350e-01
2.416113428909999857e+04	9.661220201451037326e-01
2.416132928910000192e+04	9.706703811324395303e-01
2.416152428910000162e+04	9.460369364182792395e-01
2.416171928910000133e+04	9.835246279774789713e-01
2.416191528910000125e+04	9.718001402300497915e-01
2.416211028910000095e+04	9.774643066799910684e-01
2.416230528910000066e+04	9.613480859796386113e-01
2.416250128910000058e+04	9.917127215499039750e-01
2.416269628910000029e+04	9.508840801274018872e-01
2.416289128909999999e+04	9.184122208212457394e-01
2.416308728909999991e+04	9.747053035674984045e-01
2.416328228909999962e+04	9.715426296620144342e-01
2.416347728909999933e+04	9.340798675065808965e-01
2.416367328909999924e+04	9.293657339632943604e-01
2.416386828909999895e+04	9.130370346284077954e-01
2.416406328909999866e+04	9.070750187795653119e-01
2.416425928909999857e+04	9.578719537646414040e-01
2.416445428910000192e+04	9.292645157510186493e-01
2.416464928910000162e+04	9.410780005944907600e-01
2.416484428910000133e+04	9.227532841956254117e-01
2.416504028910000125e+04	9.428120320566613088e-01
2.416523528910000095e+04	9.313212021562105036e-01
2.416543028910000066e+04	9.682542376011404883e-01
2.416562628910000058e+04	9.431624572649699445e-01
2.416582128910000029e+04	9.474426166776162006e-01
2.416601628909999999e+04	9.583243613145207007e-01
2.416621228909999991e+04	9.516144588593853371e-01
2.416640728909999962e+04	9.315385682700352277e-01
2.416660228909999933e+04	9.365719191238532915e-01
2.416679828909999924e+04	9.674179710697057288e-01
2.416699328909999895e+04	9.693448132396547123e-01
2.416718828909999866e+04	9.599091832881772035e-01
2.416738428909999857e+04	9.324858961356152776e-01
2.416757928910000192e+04	9.293198988358426504e-01
2.416777428910000162e+04	9.505050397415217844e-01
2.416796928910000133e+04	9.195359458045579970e-01
2.416816528910000125e+04	9.593343842941788324e-01
2.416836028910000095e+04	9.541462155866433648e-01
2.416855528910000066e+04	9.561454485688578586e-01
2.416875128910000058e+04	9.632499123133477781e-01
2.416894628910000029e+04	8.980876529106822659e-01
2.416914128909999999e+04	9.380090750897700502e-01
2.416933728909999991e+04	9.422006649541074808e-01
2.416953228909999962e+04	9.367434167307475690e-01
2.416972728909999933e+04	9.552097262422485358e-01
2.416992328909999924e+04	9.603221486994879541e-01
2.417011828909999895e+04	9.804952072387411732e-01
2.417031328909999866e+04	8.987108039277096339e-01
2.417050928909999857e+04	8.860575966118950930e-01
2.417070428910000192e+04	9.641321205182471488e-01
2.417089928910000162e+04	9.696033527167884358e-01
2.417109428910000133e+04	1.020424038087448082e+00
2.417129028910000125e+04	9.215465809877301240e-01
2.417148528910000095e+04	9.617280245150574558e-01
2.417168028910000066e+04	9.487981633612445620e-01
2.417187628910000058e+04	9.506977480871210417e-01
2.417207128910000029e+04	9.745052959153515104e-01
2.417226628909999999e+04	9.342748952690520525e-01
2.417246228909999991e+04	9.871300028568406049e-01
2.417265728909999962e+04	9.363279310082930351e-01
2.417285228909999933e+04	9.346648270606046083e-01
2.417304828909999924e+04	9.021379604351373871e-01
2.417324328909999895e+04	9.371535966965502951e-01
2.417343828909999866e+04	9.230847918882094660e-01
2.417363428909999857e+04	9.664953935484064118e-01
2.417382928910000192e+04	9.359049611477114894e-01
2.417402428910000162e+04	8.904835342173029744e-01
2.417421928910000133e+04	9.423817107286769357e-01
2.417441528910000125e+04	9.129954279318397425e-01
2.417461028910000095e+04	9.108913011073767052e-01
2.417480528910000066e+04	9.368521258116722095e-01
2.417500128910000058e+04	9.116719822681211838e-01
2.417519628910000029e+04	9.135905104278592148e-01
2.417539128909999999e+04	9.270381747105904680e-01
2.417558728909999991e+04	8.752744784814936452e-01
2.417578228909999962e+04	9.316504679842658732e-01
2.417597728909999933e+04	9.302470293176767768e-01
2.417617328909999924e+04	9.657728627613018091e-01
2.417636828909999895e+04	8.971763302077295776e-01
2.417656328909999866e+04	9.181254153501932080e-01
2.417675928909999857e+04	9.765102308029316447e-01
2.417695428910000192e+04	9.349801816502854024e-01
2.417714928910000162e+04	9.109947771505044756e-01
2.417734428910000133e+04	9.120591207985135895e-01
2.417754028910000125e+04	9.639735247127863005e-01
2.417773528910000095e+04	9.540311743744656070e-01
2.417793028910000066e+04	8.957773298168234533e-01
2.417812628910000058e+04	9.113029673008732345e-01
2.417832128910000029e+04	8.954016721099122833e-01
2.417851628909999999e+04	9.459251037871965195e-01
2.417871228909999991e+04	8.907365154426738485e-01
2.417890728909999962e+04	9.154736671540941728e-01
2.417910228909999933e+04	9.310675585752985484e-01
2.417929828909999924e+04	9.231551419127921321e-01
2.417949328909999895e+04	9.575334654082823249e-01
2.417968828909999866e+04	9.465533997289661272e-01
2.417988428909999857e+04	9.136523143272246017e-01
2.418007928910000192e+04	9.207949843050382555e-01
2.418027428910000162e+04	9.508659802003460726e-01
2.418046928910000133e+04	9.269443623355133610e-01
2.418066528910000125e+04	8.969490464210227998e-01
2.418086028910000095e+04	9.091539180619960803e-01
2.418105528910000066e+04	8.846248137344847606e-01
2.418125128910000058e+04	9.368776489010421926e-01
2.418144628910000029e+04	9.076179850999714915e-01
2.418164128909999999e+04	9.444533011754696616e-01
2.418183728909999991e+04	9.074131841783561470e-01
2.418203228909999962e+04	9.007818481101814712e-01
2.418222728909999933e+04	8.828994182763771903e-01
2.418242328909999924e+04	8.579192478403019351e-01
2.418261828909999895e+04	9.260053852731466861e-01
2.418281328909999866e+04	8.822897442038595273e-01
2.418300928909999857e+04	8.905091616271860744e-01
2.418320428910000192e+04	9.178929718217787581e-01
2.418339928910000162e+04	8.790124780283328221e-01
2.418359428910000133e+04	9.131201836826274842e-01
2.418379028910000125e+04	9.158596544677983786e-01
2.418398528910000095e+04	9.176946512032646552e-01
2.418418028910000066e+04	9.236540232492078673e-01
2.418437628910000058e+04	9.136800513745839680e-01
2.418457128910000029e+04	9.121817561162988142e-01
2.418476628909999999e+04	8.717313701348281541e-01
2.418496228909999991e+04	8.884724263541734501e-01
2.418515728909999962e+04	9.134881356332442692e-01
2.418535228909999933e+04	8.898985891870481169e-01
2.418554828909999924e+04	9.172852193620144590e-01
2.418574328909999895e+04	8.970418759972389466e-01
2.418593828909999866e+04	9.596144256728234012e-01
2.418613428909999857e+04	8.938382005271705566e-01
2.418632928910000192e+04	8.769918885514442763e-01
2.418652428910000162e+04	8.808449867729706284e-01
2.418671928910000133e+04	9.246389455821919512e-01
2.418691528910000125e+04	9.259222716605499670e-01
2.418711028910000095e+04	9.137824253514388317e-01
2.418730528910000066e+04	9.060243364664657406e-01
2.418750128910000058e+04	9.303419089383613283e-01
2.418769628910000029e+04	9.064467333750041433e-01
2.418789128909999999e+04	9.691553620734829622e-01
2.418808728909999991e+04	8.846686064483186840e-01
2.418828228909999962e+04	9.529570121373573954e-01
2.418847728909999933e+04	8.856476348129547205e-01
2.418867328909999924e+04	8.831364652479045674e-01
2.418886828909999895e+04	8.493753936769188329e-01
2.418906328909999866e+04	9.198248682093925765e-01
2.418925928909999857e+04	9.662422131977983497e-01
2.418945428910000192e+04	9.309162681938545347e-01
2.418964928910000162e+04	8.988857892720751863e-01
2.418984428910000133e+04	9.262142758495848227e-01
2.419004028910000125e+04	9.222895832918176495e-01
2.419023528910000095e+04	9.378939930407383940e-01
2.419043028910000066e+04	8.722526535539731896e-01
2.419062628910000058e+04	9.472029926543896750e-01
2.419082128910000029e+04	9.119492550719083823e-01
2.419101628909999999e+04	8.767708084853396144e-01
2.419121228909999991e+04	9.260810735263884652e-01
2.419140728909999962e+04	8.994374646035563359e-01
2.419160228909999933e+04	8.790252749123688147e-01
2.419179828909999924e+04	8.945137530706670503e-01
2.419199328909999895e+04	9.448313485888313323e-01
2.419218828909999866e+04	9.060829894030391074e-01
2.419238428909999857e+04	8.886112015707894329e-01
2.419257928910000192e+04	8.963674853090974892e-01
2.419277428910000162e+04	8.955639026166739569e-01
2.419296928910000133e+04	9.155760334881417606e-01
2.419316528910000125e+04	8.715935344857683731e-01
2.419336028910000095e+04	9.205572735424780717e-01
2.419355528910000066e+04	8.871817986776431297e-01
2.419375128910000058e+04	8.870675641929288702e-01
2.419394628910000029e+04	9.185924112282695120e-01
2.419414128909999999e+04	8.588181024810364050e-01
2.419433728909999991e+04	9.370577099103201135e-01
2.419453228909999962e+04	9.151196133007388767e-01
2.419472728909999933e+04	9.524790150882331830e-01
2.419492328909999924e+04	9.087603467704816751e-01
2.419511828909999895e+04	9.005983529579211222e-01
2.419531328909999866e+04	9.031600279156286604e-01
2.419550928909999857e+04	9.338529234493080367e-01
2.419570428910000192e+04	9.549233237163594623e-01
2.419589928910000162e+04	9.118671371441404716e-01
2.419609428910000133e+04	8.915509041898452836e-01
2.419629028910000125e+04	9.636522164476097885e-01
2.419648528910000095e+04	8.947890970102978514e-01
2.419668028910000066e+04	8.820772429602854459e-01
2.419687628910000058e+04	9.489206111102816976e-01
2.419707128910000029e+04	9.210572527915168450e-01
2.419726628909999999e+04	9.355523615943077687e-01
2.419746228909999991e+04	8.808086812080251349e-01
2.419765728909999962e+04	9.444575552026019949e-01
2.419785228909999933e+04	8.838294324717921313e-01
2.419804828909999924e+04	9.028890412103010021e-01
2.419824328909999895e+04	8.917772121163949350e-01
2.419843828909999866e+04	9.306605424421849904e-01
2.419863428909999857e+04	9.256643136666653504e-01
2.419882928910000192e+04	8.964848473313082877e-01
2.419902428910000162e+04	8.681834178542739977e-01
2.419921928910000133e+04	8.702614129037513635e-01
2.419941528910000125e+04	8.750469785615031526e-01
2.419961028910000095e+04	9.257847554458322747e-01
2.419980528910000066e+04	9.078366561689943381e-01
2.420000128910000058e+04	8.907898510383169821e-01
2.420019628910000029e+04	8.836895382540816968e-01
2.420039128909999999e+04	8.630459999197199750e-01
2.420058728909999991e+04	9.107856992005007868e-01
2.420078228909999962e+04	8.795571147353857810e-01
2.420097728909999933e+04	9.292133434979064077e-01
2.420117328909999924e+04	9.219122153493852778e-01
2.420136828909999895e+04	8.735334199814399625e-01
2.420156328909999866e+04	8.880966637248643991e-01
2.420175928909999857e+04	9.167766528740415310e-01
2.420195428910000192e+04	9.206126767157627455e-01
2.420214928910000162e+04	9.218610732086283122e-01
2.420234428910000133e+04	9.086216877886617027e-01
2.420254028910000125e+04	9.162605833957471191e-01
2.420273528910000095e+04	9.114747004498457983e-01
2.420293028910000066e+04	9.161838291923238842e-01
2.420312628910000058e+04	9.545347728009119237e-01
2.420332128910000029e+04	9.230816237057570817e-01
2.420351628909999999e+04	9.587681659190891992e-01
2.420371228909999991e+04	8.988708764750690250e-01
2.420390728909999962e+04	9.363140755643239999e-01
2.420410228909999933e+04	9.063816855776334336e-01
2.420429828909999924e+04	9.225635653129700131e-01
2.420449328909999895e+04	9.349460902040735988e-01
2.420468828909999866e+04	9.389848436291323708e-01
2.420488428909999857e+04	9.557749314027716991e-01
2.420507928910000192e+04	9.043505553654931362e-01
2.420527428910000162e+04	9.205679237822437244e-01
2.420546928910000133e+04	9.179270874923091128e-01
2.420566528910000125e+04	9.002526586211097026e-01
2.420586028910000095e+04	9.565807897758205058e-01
2.420605528910000066e+04	9.176221512094357990e-01
2.420625128910000058e+04	9.241038353111861170e-01
2.420644628910000029e+04	9.102951165110368947e-01
2.420664128909999999e+04	9.437386413515458372e-01
2.420683728909999991e+04	9.425564422103605011e-01
2.420703228909999962e+04	9.224836080473863831e-01
2.420722728909999933e+04	9.520935614661709678e-01
2.420742328909999924e+04	9.387196048376367230e-01
2.420761828909999895e+04	9.263965409143857244e-01
2.420781328909999866e+04	9.181904313624293934e-01
2.420800928909999857e+04	9.011627649477187418e-01
2.420820428910000192e+04	9.208760369283641722e-01
2.420839928910000162e+04	9.491921671983849507e-01
2.420859428910000133e+04	9.187427535595826811e-01
2.420879028910000125e+04	9.175475261767331858e-01
2.420898528910000095e+04	8.766736346312153927e-01
2.420918028910000066e+04	8.715871386575848589e-01
2.420937628910000058e+04	9.172735418796058582e-01
2.420957128910000029e+04	9.156666570064686539e-01
2.420976628909999999e+04	9.000040393816668427e-01
2.420996228909999991e+04	8.554393347755784305e-01
2.421015728909999962e+04	9.018712237873636184e-01
2.421035228909999933e+04	9.227714053425888352e-01
2.421054828909999924e+04	8.763446607927054544e-01
2.421074328909999895e+04	9.209911548095455203e-01
2.421093828909999866e+04	8.910898283236861062e-01
2.421113428909999857e+04	8.431237980937567045e-01
2.421132928910000192e+04	8.917889570023298518e-01
2.421152428910000162e+04	9.235208067214539795e-01
2.421171928910000133e+04	8.869085043559365999e-01
2.421191528910000125e+04	9.169525966468903277e-01
2.421211028910000095e+04	9.280634403321528225e-01
2.421230528910000066e+04	9.393523902389340208e-01
2.421250128910000058e+04	8.992475157162882482e-01
2.421269628910000029e+04	9.199730690629337460e-01
2.421289128909999999e+04	9.260970589428474398e-01
2.421308728909999991e+04	9.294531472681040185e-01
2.421328228909999962e+04	9.291089023300731498e-01
2.421347728909999933e+04	9.139253048379014643e-01
2.421367328909999924e+04	9.294275522020729596e-01
2.421386828909999895e+04	8.993265054522225910e-01
2.421406328909999866e+04	9.065491381716039854e-01
2.421425928909999857e+04	9.309759496537690637e-01
2.421445428910000192e+04	8.942415779660315422e-01
2.421464928910000162e+04	9.392074750436130159e-01
2.421484428910000133e+04	9.142121696192084812e-01
2.421504028910000125e+04	9.471486844949268402e-01
2.421523528910000095e+04	8.975797066615047726e-01
2.421543028910000066e+04	8.825448936413078371e-01
2.421562628910000058e+04	9.180251846577682784e-01
2.421582128910000029e+04	9.266587482247530261e-01
2.421601628909999999e+04	9.258263308372267630e-01
2.421621228909999991e+04	9.562497812190215996e-01
2.421640728909999962e+04	8.985891906089911174e-01
2.421660228909999933e+04	9.231508841077147309e-01
2.421679828909999924e+04	9.618365380964828404e-01
2.421699328909999895e+04	9.419141344413883843e-01
2.421718828909999866e+04	9.425170092560204438e-01
2.421738428909999857e+04	9.422901541445654061e-01
2.421757928910000192e+04	9.318486733632358465e-01
2.421777428910000162e+04	9.177607582580442624e-01
2.421796928910000133e+04	9.290353474264954059e-01
2.421816528910000125e+04	9.397241403331051401e-01
2.421836028910000095e+04	9.032175973052147810e-01
2.421855528910000066e+04	9.478983677166379351e-01
2.421875128910000058e+04	8.839810195450752417e-01
2.421894628910000029e+04	8.930889639893493381e-01
2.421914128909999999e+04	9.136427602443788487e-01
2.421933728909999991e+04	9.179750783132547554e-01
2.421953228909999962e+04	9.270807916096934775e-01
2.421972728909999933e+04	9.368808701710555908e-01
2.421992328909999924e+04	9.085811179286800154e-01
2.422011828909999895e+04	9.158916389003870506e-01
2.422031328909999866e+04	9.169035230266189274e-01
2.422050928909999857e+04	9.432593626274474730e-01
2.422070428910000192e+04	9.656739643784000293e-01
2.422089928910000162e+04	9.166177894691607264e-01
2.422109428910000133e+04	9.728405716924051205e-01
2.422129028910000125e+04	9.286335972762280733e-01
2.422148528910000095e+04	8.947954866757523718e-01
2.422168028910000066e+04	9.010518229230175535e-01
2.422187628910000058e+04	8.909158223324098458e-01
2.422207128910000029e+04	9.343750489918321023e-01
2.422226628909999999e+04	9.387121379196745607e-01
2.422246228909999991e+04	8.888246904660785930e-01
2.422265728909999962e+04	9.357867024999713124e-01
2.422285228909999933e+04	9.098365254618752118e-01
2.422304828909999924e+04	8.844913807419096941e-01
2.422324328909999895e+04	9.175613924558678747e-01
2.422343828909999866e+04	8.927569872777638693e-01
2.422363428909999857e+04	8.910513560356303486e-01
2.422382928910000192e+04	9.032506982671772988e-01
2.422402428910000162e+04	9.713608719551718451e-01
2.422421928910000133e+04	9.276989341290597935e-01
2.422441528910000125e+04	8.578283514893811912e-01
2.422461028910000095e+04	8.699419779771933037e-01
2.422480528910000066e+04	9.389401157862273806e-01
2.422500128910000058e+04	8.873931635989009692e-01
2.422519628910000029e+04	9.453020881470504122e-01
2.422539128909999999e+04	8.988271187739176327e-01
2.422558728909999991e+04	9.146397719629746348e-01
2.422578228909999962e+04	9.209218881782472721e-01
2.422597728909999933e+04	9.103175071396822915e-01
2.422617328909999924e+04	9.164620849107247835e-01
2.422636828909999895e+04	9.024483903274838070e-01
2.422656328909999866e+04	8.964645705001661469e-01
2.422675928909999857e+04	8.838817469955877471e-01
2.422695428910000192e+04	8.883091209922611142e-01
2.422714928910000162e+04	8.941444746335225346e-01
2.422734428910000133e+04	9.265212362284600545e-01
2.422754028910000125e+04	9.471359238433496586e-01
2.422773528910000095e+04	8.890264770860483168e-01
2.422793028910000066e+04	9.111110325717994840e-01
2.422812628910000058e+04	9.006932947581667293e-01
2.422832128910000029e+04	8.863320010706132734e-01
2.422851628909999999e+04	9.236124349397307753e-01
2.422871228909999991e+04	9.348960100105543347e-01
2.422890728909999962e+04	8.939715816930071668e-01
2.422910228909999933e+04	9.549499340569429506e-01
2.422929828909999924e+04	8.784550318189801033e-01
2.422949328909999895e+04	9.117359805634190906e-01
2.422968828909999866e+04	9.478461832714408786e-01
2.422988428909999857e+04	9.098066493109548958e-01
2.423007928910000192e+04	8.913822560444533138e-01
2.423027428910000162e+04	9.104892381702551774e-01
2.423046928910000133e+04	9.017196852600548596e-01
2.423066528910000125e+04	9.531965786570566479e-01
2.423086028910000095e+04	9.162381983049510126e-01
2.423105528910000066e+04	9.009781820646711736e-01
2.423125128910000058e+04	9.182491095590528118e-01
2.423144628910000029e+04	8.823356140681219983e-01
2.423164128909999999e+04	8.766266071890065348e-01
2.423183728909999991e+04	9.519391843954174703e-01
2.423203228909999962e+04	9.242605249785604826e-01
2.423222728909999933e+04	9.164716928271054996e-01
2.423242328909999924e+04	9.117274609032541832e-01
2.423261828909999895e+04	9.252134412999790669e-01
2.423281328909999866e+04	8.847027692953979283e-01
2.423300928909999857e+04	9.091688244811884090e-01
2.423320428910000192e+04	9.251686877843763313e-01
2.423339928910000162e+04	9.060979527054513483e-01
2.423359428910000133e+04	9.352401719508094402e-01
2.423379028910000125e+04	8.935553555664945691e-01
2.423398528910000095e+04	8.891748587693459882e-01
2.423418028910000066e+04	9.036144851000145195e-01
2.423437628910000058e+04	9.172532825790131739e-01
2.423457128910000029e+04	9.059080564362211874e-01
2.423476628909999999e+04	9.001950271395493530e-01
2.423496228909999991e+04	8.806634125368333343e-01
2.423515728909999962e+04	8.901109663592077226e-01
2.423535228909999933e+04	9.216382716823474652e-01
2.423554828909999924e+04	8.979990896360341424e-01
2.423574328909999895e+04	9.241891435447477932e-01
2.423593828909999866e+04	8.590158715267310896e-01
2.423613428909999857e+04	8.975434355065559089e-01
2.423632928910000192e+04	9.268580385135862798e-01
2.423652428910000162e+04	9.002814468142190663e-01
2.423671928910000133e+04	9.125934002017128677e-01
2.423691528910000125e+04	9.097436903089040072e-01
2.423711028910000095e+04	8.712132412796194103e-01
2.423730528910000066e+04	8.968188442471500821e-01
2.423750128910000058e+04	8.771029507482879239e-01
2.423769628910000029e+04	9.085203363074896288e-01
2.423789128909999999e+04	9.043324203194522681e-01
2.423808728909999991e+04	8.836393511314017957e-01
2.423828228909999962e+04	9.613278821496340498e-01
2.423847728909999933e+04	8.771125744020569215e-01
2.423867328909999924e+04	8.717729932075108934e-01
2.423886828909999895e+04	8.999453624465516555e-01
2.423906328909999866e+04	8.708350801959561238e-01
2.423925928909999857e+04	8.615861890062781470e-01
2.423945428910000192e+04	9.076297222509523976e-01
2.423964928910000162e+04	8.458242129955539923e-01
2.423984428910000133e+04	9.010635632804557815e-01
2.424004028910000125e+04	8.394540021146035258e-01
2.424023528910000095e+04	8.977888536717237855e-01
2.424043028910000066e+04	9.205167787786106004e-01
2.424062628910000058e+04	9.032101743257605619e-01
2.424082128910000029e+04	9.251868071085382894e-01
2.424101628909999999e+04	9.164642189859044663e-01
2.424121228909999991e+04	8.966267938373100321e-01
2.424140728909999962e+04	9.560858297077032830e-01
2.424160228909999933e+04	9.426416208301446886e-01
2.424179828909999924e+04	9.462647989358856648e-01
2.424199328909999895e+04	9.046002201341725169e-01
2.424218828909999866e+04	8.848170150065204353e-01
2.424238428909999857e+04	9.368030837003598066e-01
2.424257928910000192e+04	9.308875075354894335e-01
2.424277428910000162e+04	8.913384847168046576e-01
2.424296928910000133e+04	9.237147665907219363e-01
2.424316528910000125e+04	8.857223589255429630e-01
2.424336028910000095e+04	9.391521239243783015e-01
2.424355528910000066e+04	9.033584135405448023e-01
