# time(sec)	crack length FEA(mm)
7.138281328909999866e+04	1.921529111766066222e+00
7.138300928909999493e+04	1.940788466527131106e+00
7.138320428910000192e+04	1.926807640471590588e+00
7.138339928909999435e+04	1.918983132494906485e+00
7.138359428910000133e+04	1.935137607809469529e+00
7.138379028909999761e+04	1.888281727376595498e+00
7.138398528910000459e+04	1.922680060051364492e+00
7.138418028909999703e+04	1.948347297152485780e+00
7.138437628909999330e+04	1.894181356752495660e+00
7.138457128910000029e+04	1.878604100661494414e+00
7.138476628910000727e+04	1.878910055257049905e+00
7.138496228910000355e+04	1.881674709754932451e+00
7.138515728909999598e+04	1.902583656430451242e+00
7.138535228910000296e+04	1.887743604068033321e+00
7.138554828909999924e+04	1.960702956930743923e+00
7.138574328910000622e+04	1.913934807026056006e+00
7.138593828909999866e+04	1.886243117042143425e+00
7.138613428909999493e+04	1.878379004743456093e+00
7.138632928910000192e+04	1.891646355739357688e+00
7.138652428909999435e+04	1.912231654652066126e+00
7.138671928910000133e+04	1.923667618238614097e+00
7.138691528909999761e+04	1.935397034210442513e+00
7.138711028910000459e+04	1.960216647683946434e+00
7.138730528909999703e+04	1.924438564371959259e+00
7.138750128909999330e+04	1.974224864306638239e+00
7.138769628910000029e+04	1.952814749032111052e+00
7.138789128910000727e+04	1.954547433911971055e+00
7.138808728910000355e+04	1.995634871632496754e+00
7.138828228909999598e+04	1.924219186425247585e+00
7.138847728910000296e+04	1.920511982666511130e+00
7.138867328909999924e+04	1.934674420387663574e+00
7.138886828910000622e+04	1.918159795200867990e+00
7.138906328909999866e+04	1.908209821491627878e+00
7.138925928909999493e+04	1.953153342175708573e+00
7.138945428910000192e+04	1.906819102646190700e+00
7.138964928909999435e+04	1.911677951145044574e+00
7.138984428910000133e+04	1.921487265973066627e+00
7.139004028909999761e+04	1.959825175578483680e+00
7.139023528910000459e+04	1.940119932849363238e+00
7.139043028909999703e+04	1.948071896571939021e+00
7.139062628909999330e+04	1.955010476885462367e+00
7.139082128910000029e+04	1.921747726264877443e+00
7.139101628910000727e+04	1.945843946285609860e+00
7.139121228910000355e+04	1.926755542762172979e+00
7.139140728909999598e+04	1.966891647011799193e+00
7.139160228910000296e+04	1.992447566318196195e+00
7.139179828909999924e+04	1.927724330028873112e+00
7.139199328910000622e+04	1.895446994376559502e+00
7.139218828909999866e+04	1.948386114081731790e+00
7.139238428909999493e+04	1.946442732254801911e+00
7.139257928910000192e+04	1.962646162658764126e+00
7.139277428909999435e+04	1.957031426530368989e+00
7.139296928910000133e+04	1.946038665197109552e+00
7.139316528909999761e+04	1.914635530971924737e+00
7.139336028910000459e+04	1.902385402271235648e+00
7.139355528909999703e+04	1.965236259668198926e+00
7.139375128909999330e+04	1.944952266464605728e+00
7.139394628910000029e+04	1.975609340794850510e+00
7.139414128910000727e+04	1.943142333031293134e+00
7.139433728910000355e+04	1.922082749762491716e+00
7.139453228909999598e+04	1.959243034369533731e+00
7.139472728910000296e+04	1.931505851715840549e+00
7.139492328909999924e+04	1.961897886255172807e+00
7.139511828910000622e+04	1.979969636827954460e+00
7.139531328909999866e+04	1.905947390975523348e+00
7.139550928909999493e+04	1.924962396269656040e+00
7.139570428910000192e+04	1.945148219956429614e+00
7.139589928909999435e+04	1.942305676219964639e+00
7.139609428910000133e+04	1.949279585998448638e+00
7.139629028909999761e+04	1.960900875576406577e+00
7.139648528910000459e+04	1.981768482482415550e+00
7.139668028909999703e+04	1.938384300110334024e+00
7.139687628909999330e+04	1.929143494247027135e+00
7.139707128910000029e+04	1.974039315768438385e+00
7.139726628910000727e+04	1.923574811709887200e+00
7.139746228910000355e+04	1.945676654935349248e+00
7.139765728909999598e+04	1.935821543717592519e+00
7.139785228910000296e+04	1.944689006056858460e+00
7.139804828909999924e+04	1.938748531061321501e+00
7.139824328910000622e+04	1.904305971294789401e+00
7.139843828909999866e+04	1.958158234121800234e+00
7.139863428909999493e+04	1.924345673289966641e+00
7.139882928910000192e+04	1.963139512371089523e+00
7.139902428909999435e+04	1.952692363663519615e+00
7.139921928910000133e+04	1.914193248125840796e+00
7.139941528909999761e+04	1.932345012805743778e+00
7.139961028910000459e+04	1.926565481582612094e+00
7.139980528909999703e+04	1.926510488963719681e+00
7.140000128909999330e+04	1.946936436129993453e+00
7.140019628910000029e+04	1.939754672123953583e+00
7.140039128910000727e+04	1.944870764735448176e+00
7.140058728910000355e+04	1.911136433745035390e+00
7.140078228909999598e+04	1.928563631455295635e+00
7.140097728910000296e+04	1.953703052443893640e+00
7.140117328909999924e+04	1.930633161297937050e+00
7.140136828910000622e+04	1.989647622808845995e+00
7.140156328909999866e+04	1.928304389741528624e+00
7.140175928909999493e+04	1.950892249700101999e+00
7.140195428910000192e+04	1.962540118208004003e+00
7.140214928909999435e+04	1.952965780598422185e+00
7.140234428910000133e+04	1.945130868150515724e+00
7.140254028909999761e+04	1.957359883831870206e+00
7.140273528910000459e+04	1.918196558236004989e+00
7.140293028909999703e+04	1.941110761590053357e+00
7.140312628909999330e+04	1.944663503637340085e+00
7.140332128910000029e+04	1.978597503816889258e+00
7.140351628910000727e+04	1.920986952730427078e+00
7.140371228910000355e+04	1.987201858789619635e+00
7.140390728909999598e+04	1.971336085554309392e+00
7.140410228910000296e+04	1.918791953157171548e+00
7.140429828909999924e+04	1.995600245591283795e+00
7.140449328910000622e+04	1.963444238434659539e+00
7.140468828909999866e+04	1.976782215301508216e+00
7.140488428909999493e+04	2.002332959965118064e+00
7.140507928910000192e+04	1.963515690847142281e+00
7.140527428909999435e+04	1.961996840555894295e+00
7.140546928910000133e+04	1.936509491701475127e+00
7.140566528909999761e+04	1.944353440990290949e+00
7.140586028910000459e+04	1.971472550251537115e+00
7.140605528909999703e+04	1.973374916950181301e+00
7.140625128909999330e+04	1.977034600257400854e+00
7.140644628910000029e+04	1.962213925506297585e+00
7.140664128910000727e+04	1.970380196794307537e+00
7.140683728910000355e+04	1.947381233576697568e+00
7.140703228909999598e+04	1.917198495213305875e+00
7.140722728910000296e+04	2.013301109135523959e+00
7.140742328909999924e+04	1.989656806387724686e+00
7.140761828910000622e+04	1.938115703417844671e+00
7.140781328909999866e+04	1.973301657708276480e+00
7.140800928909999493e+04	1.906575939723849089e+00
7.140820428910000192e+04	1.939902635423356614e+00
7.140839928909999435e+04	1.917273252755467894e+00
7.140859428910000133e+04	1.937821856382793584e+00
7.140879028909999761e+04	1.903703961763946850e+00
7.140898528910000459e+04	1.934374215861902613e+00
7.140918028909999703e+04	1.975590174528161214e+00
7.140937628909999330e+04	1.919428217004098158e+00
7.140957128910000029e+04	1.916502939905839753e+00
7.140976628910000727e+04	1.947395691975568610e+00
7.140996228910000355e+04	1.970852106280464255e+00
7.141015728909999598e+04	2.016431825158793600e+00
7.141035228910000296e+04	1.938795341544885531e+00
7.141054828909999924e+04	1.965819296970121144e+00
7.141074328910000622e+04	1.973846763784518288e+00
7.141093828909999866e+04	1.939885279588862588e+00
7.141113428909999493e+04	2.013118241234614914e+00
7.141132928910000192e+04	1.937542207237875402e+00
7.141152428909999435e+04	1.911909825461695078e+00
7.141171928910000133e+04	1.930495221918494764e+00
7.141191528909999761e+04	1.970607530420636522e+00
7.141211028910000459e+04	1.920362839658620757e+00
7.141230528909999703e+04	1.911152758445958000e+00
7.141250128909999330e+04	1.935756140665754188e+00
7.141269628910000029e+04	1.935878617807944124e+00
7.141289128910000727e+04	1.915926789475573599e+00
7.141308728910000355e+04	1.945513481141517786e+00
7.141328228909999598e+04	1.928566788643236052e+00
7.141347728910000296e+04	1.948945140563111522e+00
7.141367328909999924e+04	1.959964862712872957e+00
7.141386828910000622e+04	1.941129168294708052e+00
7.141406328909999866e+04	1.937295341669219795e+00
7.141425928909999493e+04	1.950027229315107746e+00
7.141445428910000192e+04	1.963521732768708006e+00
7.141464928909999435e+04	1.975516747447034760e+00
7.141484428910000133e+04	1.996699508978476700e+00
7.141504028909999761e+04	1.986564352613227058e+00
7.141523528910000459e+04	1.940653744601457120e+00
7.141543028909999703e+04	1.915136160154846223e+00
7.141562628909999330e+04	1.948268699238200341e+00
7.141582128910000029e+04	1.966526731523025262e+00
7.141601628910000727e+04	1.939177185239246981e+00
7.141621228910000355e+04	1.935333646419081788e+00
7.141640728909999598e+04	1.962821472045270355e+00
7.141660228910000296e+04	1.898941666705331599e+00
7.141679828909999924e+04	1.900698766936068651e+00
7.141699328910000622e+04	1.957484170828504233e+00
7.141718828909999866e+04	1.923902527580525046e+00
7.141738428909999493e+04	1.916996244991182152e+00
7.141757928910000192e+04	1.948221908376750022e+00
7.141777428909999435e+04	1.946317245276054209e+00
7.141796928910000133e+04	1.938632118052618480e+00
7.141816528909999761e+04	1.961429992920447063e+00
7.141836028910000459e+04	1.940541461107676113e+00
7.141855528909999703e+04	1.969712801361184873e+00
7.141875128909999330e+04	1.921204519729297289e+00
7.141894628910000029e+04	1.939789383980219384e+00
7.141914128910000727e+04	1.917579650805809166e+00
7.141933728910000355e+04	1.953422548573509943e+00
7.141953228909999598e+04	1.923470688998094147e+00
7.141972728910000296e+04	1.932367372471501810e+00
7.141992328909999924e+04	1.938706717120425083e+00
7.142011828910000622e+04	1.932341856145267656e+00
7.142031328909999866e+04	1.949294043182261404e+00
7.142050928909999493e+04	1.924516280319357620e+00
7.142070428910000192e+04	1.952772961117549499e+00
7.142089928909999435e+04	1.966159796394254755e+00
7.142109428910000133e+04	1.952689209844255203e+00
7.142129028909999761e+04	1.985476666661353917e+00
7.142148528910000459e+04	1.961592000881328346e+00
7.142168028909999703e+04	1.926808517536377607e+00
7.142187628909999330e+04	1.970942705469534317e+00
7.142207128910000029e+04	1.950289376133202524e+00
7.142226628910000727e+04	1.971821104826288362e+00
7.142246228910000355e+04	1.948694018466605726e+00
7.142265728909999598e+04	1.959883415147112729e+00
7.142285228910000296e+04	1.939158776944688967e+00
7.142304828909999924e+04	1.937599452313120807e+00
7.142324328910000622e+04	1.908206924798099280e+00
7.142343828909999866e+04	1.923371478116656874e+00
7.142363428909999493e+04	1.911255884644782910e+00
7.142382928910000192e+04	1.908551189840025586e+00
7.142402428909999435e+04	1.919377242857054355e+00
7.142421928910000133e+04	1.940412961124231117e+00
7.142441528909999761e+04	1.884577950470848862e+00
7.142461028910000459e+04	1.947693357682540594e+00
7.142480528909999703e+04	1.967211643621107342e+00
7.142500128909999330e+04	1.920628488991107830e+00
7.142519628910000029e+04	1.942625933806619187e+00
7.142539128910000727e+04	1.927338521567634189e+00
7.142558728910000355e+04	1.900182715200829264e+00
7.142578228909999598e+04	1.960106650838586262e+00
7.142597728910000296e+04	1.937435168201293578e+00
7.142617328909999924e+04	1.919770469017585413e+00
7.142636828910000622e+04	1.909817253682922100e+00
7.142656328909999866e+04	1.921585344669999529e+00
7.142675928909999493e+04	1.935665400193320451e+00
7.142695428910000192e+04	1.940478175395410787e+00
7.142714928909999435e+04	1.978827642278492505e+00
7.142734428910000133e+04	1.953711199443645796e+00
7.142754028909999761e+04	1.971715015957871131e+00
7.142773528910000459e+04	1.930918946565412853e+00
7.142793028909999703e+04	1.925374997449116776e+00
7.142812628909999330e+04	1.967986270520334813e+00
7.142832128910000029e+04	1.982218630798584513e+00
7.142851628910000727e+04	1.952793285647498323e+00
7.142871228910000355e+04	1.985375978263476782e+00
7.142890728909999598e+04	1.935643920511264326e+00
7.142910228910000296e+04	1.935568434609578503e+00
7.142929828909999924e+04	1.949623489226590678e+00
7.142949328910000622e+04	1.973018333884276387e+00
7.142968828909999866e+04	1.982415135874633805e+00
7.142988428909999493e+04	1.933905752062390349e+00
7.143007928910000192e+04	1.947078306085597177e+00
7.143027428909999435e+04	1.931588629283107039e+00
7.143046928910000133e+04	1.951858163118163958e+00
7.143066528909999761e+04	1.952676068925903508e+00
7.143086028910000459e+04	1.945892845251982806e+00
7.143105528909999703e+04	1.958850494392159192e+00
7.143125128909999330e+04	1.918130051317275431e+00
7.143144628910000029e+04	1.951688726056053369e+00
7.143164128910000727e+04	1.951430800807539612e+00
7.143183728910000355e+04	1.968962658240569041e+00
7.143203228909999598e+04	1.976709754743680492e+00
7.143222728910000296e+04	1.932358165552985341e+00
7.143242328909999924e+04	1.931407991404325841e+00
7.143261828910000622e+04	1.937213636988028398e+00
7.143281328909999866e+04	1.893837751605005337e+00
7.143300928909999493e+04	1.952430244737069387e+00
7.143320428910000192e+04	1.957484170828504233e+00
7.143339928909999435e+04	1.955472459219627979e+00
7.143359428910000133e+04	1.928745344443916210e+00
7.143379028909999761e+04	1.910813535763132620e+00
7.143398528910000459e+04	1.907415850260491652e+00
7.143418028909999703e+04	1.907128626834488472e+00
7.143437628909999330e+04	1.901136308483826198e+00
7.143457128910000029e+04	1.902372232092908177e+00
7.143476628910000727e+04	1.895310070024031290e+00
7.143496228910000355e+04	1.918611213059824294e+00
7.143515728909999598e+04	1.896581967917693845e+00
7.143535228910000296e+04	1.930497238838562168e+00
7.143554828909999924e+04	1.924339620883284141e+00
7.143574328910000622e+04	1.947443536065858183e+00
7.143593828909999866e+04	1.968578341388855790e+00
7.143613428909999493e+04	1.898255737175272628e+00
7.143632928910000192e+04	1.925427098338390763e+00
7.143652428909999435e+04	1.939212774566207997e+00
7.143671928910000133e+04	1.938902549459379898e+00
7.143691528909999761e+04	1.948833774478938352e+00
7.143711028910000459e+04	1.917403990117094281e+00
7.143730528909999703e+04	1.868750438172243733e+00
7.143750128909999330e+04	1.933486204373036088e+00
7.143769628910000029e+04	1.949500035141550569e+00
7.143789128910000727e+04	1.990695401277386978e+00
7.143808728910000355e+04	1.924052699862254912e+00
7.143828228909999598e+04	1.871063973849363293e+00
7.143847728910000296e+04	1.944398311823238856e+00
7.143867328909999924e+04	1.912153984268215368e+00
7.143886828910000622e+04	1.951143172132779213e+00
7.143906328909999866e+04	1.983240333502553909e+00
7.143925928909999493e+04	1.985529678790845409e+00
7.143945428910000192e+04	1.937323745373330297e+00
7.143964928909999435e+04	1.907326049440204230e+00
7.143984428910000133e+04	1.941319107080971662e+00
7.144004028909999761e+04	1.950989149545375057e+00
7.144023528910000459e+04	1.931364936240635544e+00
7.144043028909999703e+04	1.971203559073533285e+00
7.144062628909999330e+04	1.938454692253500866e+00
7.144082128910000029e+04	1.972248081216552151e+00
7.144101628910000727e+04	1.921199256036278058e+00
7.144121228910000355e+04	1.957765675280288775e+00
7.144140728909999598e+04	1.956501154978006696e+00
7.144160228910000296e+04	1.950699500128113328e+00
7.144179828909999924e+04	1.927426401227631203e+00
7.144199328910000622e+04	1.912285804355244423e+00
7.144218828909999866e+04	1.958730156137793443e+00
7.144238428909999493e+04	1.914237125778461390e+00
7.144257928910000192e+04	1.944084038842273543e+00
7.144277428909999435e+04	1.936021609251010744e+00
7.144296928910000133e+04	1.954591320912156149e+00
7.144316528909999761e+04	1.903904311469435839e+00
7.144336028910000459e+04	1.958545618718463999e+00
7.144355528909999703e+04	1.970470797878771663e+00
7.144375128909999330e+04	1.922209336297008520e+00
7.144394628910000029e+04	1.985833140214602111e+00
7.144414128910000727e+04	1.928119515959947350e+00
7.144433728910000355e+04	1.950272115891493740e+00
7.144453228909999598e+04	1.901229470463459137e+00
7.144472728910000296e+04	1.958097012208256160e+00
7.144492328909999924e+04	1.943851530111867731e+00
7.144511828910000622e+04	1.963596249668331239e+00
7.144531328909999866e+04	1.957889084183673134e+00
7.144550928909999493e+04	1.950140517066714096e+00
7.144570428910000192e+04	1.943988161050349106e+00
7.144589928909999435e+04	1.994744283422599906e+00
7.144609428910000133e+04	1.967159639009050665e+00
7.144629028909999761e+04	1.975105061267313999e+00
7.144648528910000459e+04	1.943712794965239965e+00
7.144668028909999703e+04	1.886542906086157600e+00
7.144687628909999330e+04	1.978684134159889751e+00
7.144707128910000029e+04	1.971432897669643580e+00
7.144726628910000727e+04	1.981736984887641384e+00
7.144746228910000355e+04	1.973341307004943701e+00
7.144765728909999598e+04	1.922045905315838965e+00
7.144785228910000296e+04	1.921926511351458089e+00
7.144804828909999924e+04	1.909195904657096321e+00
7.144824328910000622e+04	1.919793016584478096e+00
7.144843828909999866e+04	1.923803406311030528e+00
7.144863428909999493e+04	1.954784124866492334e+00
7.144882928910000192e+04	1.946097027964290405e+00
7.144902428909999435e+04	1.905626350338128105e+00
7.144921928910000133e+04	1.896418439678441814e+00
7.144941528909999761e+04	1.938979076138796387e+00
7.144961028910000459e+04	1.935288757585196251e+00
7.144980528909999703e+04	1.966448284428397031e+00
7.145000128909999330e+04	1.947688363029795866e+00
7.145019628910000029e+04	1.919697913075921747e+00
7.145039128910000727e+04	1.935686704510873213e+00
7.145058728910000355e+04	1.958748548488944863e+00
7.145078228909999598e+04	1.963118146366289452e+00
7.145097728910000296e+04	1.965758183389976210e+00
7.145117328909999924e+04	1.944086142189636490e+00
7.145136828910000622e+04	1.957057966057792697e+00
7.145156328909999866e+04	1.937095287408926225e+00
7.145175928909999493e+04	1.905999536605120781e+00
7.145195428910000192e+04	1.998126582688719566e+00
7.145214928909999435e+04	1.964210851469259111e+00
7.145234428910000133e+04	1.937179973170813696e+00
7.145254028909999761e+04	1.931475336180273672e+00
7.145273528910000459e+04	1.873120037135949545e+00
7.145293028909999703e+04	1.950534259867257703e+00
7.145312628909999330e+04	1.923508320597928645e+00
7.145332128910000029e+04	1.942450642860064747e+00
7.145351628910000727e+04	1.935019335035397248e+00
7.145371228910000355e+04	1.895045440948162963e+00
7.145390728909999598e+04	1.909095928980647727e+00
7.145410228910000296e+04	1.963353696694856154e+00
7.145429828909999924e+04	1.933553542959295157e+00
7.145449328910000622e+04	1.941178252767157275e+00
7.145468828909999866e+04	1.942829094312351401e+00
7.145488428909999493e+04	1.932094933782488866e+00
7.145507928910000192e+04	1.934315033716591969e+00
7.145527428909999435e+04	1.924343568105214786e+00
7.145546928910000133e+04	1.940308915922926758e+00
7.145566528909999761e+04	1.964716512859975950e+00
7.145586028910000459e+04	1.937085118082851665e+00
7.145605528909999703e+04	1.964075393584614915e+00
7.145625128909999330e+04	1.915713383705364592e+00
7.145644628910000029e+04	1.959245136305526103e+00
7.145664128910000727e+04	1.969267393213304018e+00
7.145683728910000355e+04	1.962472865977728631e+00
7.145703228909999598e+04	1.952243728447726312e+00
7.145722728910000296e+04	1.939508707291878409e+00
7.145742328909999924e+04	1.944131889946373093e+00
7.145761828910000622e+04	1.931297591135880509e+00
7.145781328909999866e+04	1.979319763182177283e+00
7.145800928909999493e+04	1.951170682313707161e+00
7.145820428910000192e+04	1.963155711992392582e+00
7.145839928909999435e+04	1.936022661299968917e+00
7.145859428910000133e+04	1.949704886192460407e+00
7.145879028909999761e+04	1.921231101360341142e+00
7.145898528910000459e+04	1.971283040041855728e+00
7.145918028909999703e+04	1.949020581792041185e+00
7.145937628909999330e+04	1.951649038701081196e+00
7.145957128910000029e+04	1.973084679417681286e+00
7.145976628910000727e+04	1.926441112119803734e+00
7.145996228910000355e+04	1.957013295548151177e+00
7.146015728909999598e+04	1.950793246716330032e+00
7.146035228910000296e+04	1.943330151478971146e+00
7.146054828909999924e+04	1.973346558562191433e+00
7.146074328910000622e+04	1.923762617343916403e+00
7.146093828909999866e+04	1.931784523293423206e+00
7.146113428909999493e+04	1.984484721988408751e+00
7.146132928910000192e+04	1.955285792865453232e+00
7.146152428909999435e+04	1.969526165212434066e+00
7.146171928910000133e+04	1.968436694027872136e+00
7.146191528909999761e+04	1.961127253846415286e+00
7.146211028910000459e+04	1.912887585774157628e+00
7.146230528909999703e+04	1.899270705289538341e+00
7.146250128909999330e+04	1.974129114449720390e+00
7.146269628910000029e+04	1.940648660739476838e+00
7.146289128910000727e+04	1.961533940864722325e+00
7.146308728910000355e+04	1.955367432211637890e+00
7.146328228909999598e+04	1.943601403084384671e+00
7.146347728910000296e+04	1.931290488320168919e+00
7.146367328909999924e+04	1.955372425166363115e+00
7.146386828910000622e+04	1.963985642437497958e+00
7.146406328909999866e+04	1.962735919133169915e+00
7.146425928909999493e+04	1.936467673618322394e+00
7.146445428910000192e+04	1.969229575135329924e+00
7.146464928909999435e+04	1.958157183103226728e+00
7.146484428910000133e+04	1.970848954997773461e+00
7.146504028909999761e+04	1.984577540957612740e+00
7.146523528910000459e+04	1.955550944471280417e+00
7.146543028909999703e+04	1.914188158312629895e+00
7.146562628909999330e+04	1.970716425654943649e+00
7.146582128910000029e+04	1.937789245438148455e+00
7.146601628910000727e+04	1.970618560026171195e+00
7.146621228910000355e+04	1.944509524499659747e+00
7.146640728909999598e+04	1.947189417942560397e+00
7.146660228910000296e+04	1.951089027793448949e+00
7.146679828909999924e+04	1.935342852125954138e+00
7.146699328910000622e+04	1.965570726519217715e+00
7.146718828909999866e+04	1.967158588409592568e+00
7.146738428909999493e+04	1.964148682793160461e+00
7.146757928910000192e+04	1.989242404597177938e+00
7.146777428909999435e+04	1.960943699338169921e+00
7.146796928910000133e+04	1.954312930471356680e+00
7.146816528909999761e+04	1.956124071247209883e+00
7.146836028910000459e+04	1.936565424362617804e+00
7.146855528909999703e+04	1.975101035387464066e+00
7.146875128909999330e+04	1.966004913132806564e+00
7.146894628910000029e+04	1.974770910793903766e+00
7.146914128910000727e+04	1.958066357396601731e+00
7.146933728910000355e+04	1.964582021170190984e+00
7.146953228909999598e+04	2.015144208771149081e+00
7.146972728910000296e+04	1.977102071623855650e+00
7.146992328909999924e+04	1.945228844334341289e+00
7.147011828910000622e+04	1.953395041135655319e+00
7.147031328909999866e+04	1.943555654253540155e+00
7.147050928909999493e+04	1.970745049958058104e+00
7.147070428910000192e+04	1.950330117260559604e+00
7.147089928909999435e+04	1.969108329249564804e+00
7.147109428910000133e+04	1.972976583362802572e+00
7.147129028909999761e+04	1.956158670365304886e+00
7.147148528910000459e+04	1.970052104025239004e+00
7.147168028909999703e+04	1.973411677770434025e+00
7.147187628909999330e+04	1.967034442229120828e+00
7.147207128910000029e+04	1.989504096103964059e+00
7.147226628910000727e+04	1.963854123526406426e+00
7.147246228910000355e+04	1.964439210432011862e+00
7.147265728909999598e+04	1.933491202165624756e+00
7.147285228910000296e+04	1.960580614315883707e+00
7.147304828909999924e+04	1.959876146156528165e+00
7.147324328910000622e+04	1.980004286896193122e+00
7.147343828909999866e+04	1.929701944538411595e+00
7.147363428909999493e+04	1.934050597230982049e+00
7.147382928910000192e+04	1.938548577323677691e+00
7.147402428909999435e+04	2.010884389420287022e+00
7.147421928910000133e+04	1.959263528237082497e+00
7.147441528909999761e+04	1.966935510016536881e+00
7.147461028910000459e+04	1.976045434597835992e+00
7.147480528909999703e+04	1.884782335580005963e+00
7.147500128909999330e+04	1.923011999501454738e+00
7.147519628910000029e+04	1.971871960781825805e+00
7.147539128910000727e+04	1.955410266471556469e+00
7.147558728910000355e+04	1.959796800155269025e+00
7.147578228909999598e+04	1.960007688250529512e+00
7.147597728910000296e+04	1.956546089274397104e+00
7.147617328909999924e+04	1.932437783352947136e+00
7.147636828910000622e+04	1.901984762019978348e+00
7.147656328909999866e+04	1.948113693185430151e+00
7.147675928909999493e+04	1.969654499615639764e+00
7.147695428910000192e+04	1.922735325149751873e+00
7.147714928909999435e+04	1.948077942627733705e+00
7.147734428910000133e+04	1.936593039967160479e+00
7.147754028909999761e+04	1.962795026860398195e+00
7.147773528910000459e+04	1.969662640859430880e+00
7.147793028909999703e+04	1.981754308570216949e+00
7.147812628909999330e+04	1.969397830079149259e+00
7.147832128910000029e+04	1.928412524417080220e+00
7.147851628910000727e+04	1.955556024980397822e+00
7.147871228910000355e+04	1.977129550176980999e+00
7.147890728909999598e+04	1.988528597572290835e+00
7.147910228910000296e+04	1.976001589304816619e+00
7.147929828909999924e+04	1.955234811922297311e+00
7.147949328910000622e+04	1.965321015087900136e+00
7.147968828909999866e+04	1.952928986458392302e+00
7.147988428909999493e+04	1.957182429893913778e+00
7.148007928910000192e+04	1.969028840618465281e+00
7.148027428909999435e+04	1.960197468336277282e+00
7.148046928910000133e+04	1.971241286308170970e+00
7.148066528909999761e+04	1.956361446409172089e+00
7.148086028910000459e+04	1.971242336717512700e+00
7.148105528909999703e+04	1.971581703908324101e+00
7.148125128909999330e+04	1.948708476025220904e+00
7.148144628910000029e+04	1.957340526880750886e+00
7.148164128910000727e+04	1.960779584930861574e+00
7.148183728910000355e+04	1.960246336231076469e+00
7.148203228909999598e+04	1.957044827681780674e+00
7.148222728910000296e+04	1.933009567708259269e+00
7.148242328909999924e+04	1.948003637366015894e+00
