# time(sec)	crack length FEA(mm)
7.096464928909999435e+04	1.986573537448808935e+00
7.096484428910000133e+04	1.941688374365501346e+00
7.096504028909999761e+04	1.941702573461761006e+00
7.096523528910000459e+04	1.988830969023670292e+00
7.096543028909999703e+04	1.959721219764450240e+00
7.096562628909999330e+04	1.934453826562627654e+00
7.096582128910000029e+04	1.920688671993083574e+00
7.096601628910000727e+04	1.932977826646355979e+00
7.096621228910000355e+04	1.912616843160275693e+00
7.096640728909999598e+04	1.965757132725261869e+00
7.096660228910000296e+04	1.937233098859485025e+00
7.096679828909999924e+04	1.961301611732054084e+00
7.096699328910000622e+04	1.962541081454638459e+00
7.096718828909999866e+04	1.956214641990918324e+00
7.096738428909999493e+04	1.915460049490247840e+00
7.096757928910000192e+04	1.960371833404497721e+00
7.096777428909999435e+04	1.965814306325800231e+00
7.096796928910000133e+04	1.941147487333502397e+00
7.096816528909999761e+04	1.928417698731657026e+00
7.096836028910000459e+04	1.964866414111277493e+00
7.096855528909999703e+04	1.953127849311098174e+00
7.096875128909999330e+04	1.931932538770023911e+00
7.096894628910000029e+04	1.940776195207355670e+00
7.096914128910000727e+04	1.917749168219611278e+00
7.096933728910000355e+04	1.969237716532470372e+00
7.096953228909999598e+04	1.941404741166209647e+00
7.096972728910000296e+04	1.920636647920579421e+00
7.096992328909999924e+04	1.952128436255629040e+00
7.097011828910000622e+04	1.893679210152537706e+00
7.097031328909999866e+04	1.953946847949366017e+00
7.097050928909999493e+04	1.923373583391869701e+00
7.097070428910000192e+04	1.899037735576920127e+00
7.097089928909999435e+04	1.946390767410314027e+00
7.097109428910000133e+04	1.964224248358718228e+00
7.097129028909999761e+04	1.924546892961229716e+00
7.097148528910000459e+04	1.954664640919771657e+00
7.097168028909999703e+04	1.928816906687359278e+00
7.097187628909999330e+04	1.970423002569416937e+00
7.097207128910000029e+04	1.909843848690833568e+00
7.097226628910000727e+04	1.944383062761101399e+00
7.097246228910000355e+04	1.956195459242838552e+00
7.097265728909999598e+04	1.959091256557618621e+00
7.097285228910000296e+04	1.937147361300073811e+00
7.097304828909999924e+04	1.948855329247759727e+00
7.097324328910000622e+04	1.908479563480256047e+00
7.097343828909999866e+04	1.959218599349291878e+00
7.097363428909999493e+04	1.916716513722649395e+00
7.097382928910000192e+04	1.947873076821178273e+00
7.097402428909999435e+04	1.950123169095194342e+00
7.097421928910000133e+04	1.930450235785077240e+00
7.097441528909999761e+04	1.919593684786438104e+00
7.097461028910000459e+04	1.934527211949230718e+00
7.097480528909999703e+04	1.909852011508776926e+00
7.097500128909999330e+04	1.951051442083509002e+00
7.097519628910000029e+04	1.911058759603591284e+00
7.097539128910000727e+04	1.949484789522845318e+00
7.097558728910000355e+04	1.928572839918892612e+00
7.097578228909999598e+04	1.926469529462128349e+00
7.097597728910000296e+04	1.943828918882653412e+00
7.097617328909999924e+04	1.953495083949587041e+00
7.097636828910000622e+04	1.935563437276181631e+00
7.097656328909999866e+04	1.906574886304785110e+00
7.097675928909999493e+04	1.905037720120791533e+00
7.097695428910000192e+04	1.956009849984692295e+00
7.097714928909999435e+04	1.928056195465302380e+00
7.097734428910000133e+04	1.916372197338990446e+00
7.097754028909999761e+04	1.946174494227186358e+00
7.097773528910000459e+04	1.939039297982681376e+00
7.097793028909999703e+04	1.946136725075632512e+00
7.097812628909999330e+04	1.948906324594542383e+00
7.097832128910000029e+04	1.932519592980913359e+00
7.097851628910000727e+04	1.956886728624178673e+00
7.097871228910000355e+04	1.942993339218519466e+00
7.097890728909999598e+04	1.945140069867433041e+00
7.097910228910000296e+04	1.951657186441897451e+00
7.097929828909999924e+04	1.920933876592702205e+00
7.097949328910000622e+04	1.932380700575473398e+00
7.097968828909999866e+04	1.919782839475354663e+00
7.097988428909999493e+04	1.929399832360294553e+00
7.098007928910000192e+04	1.914181927677663708e+00
7.098027428909999435e+04	1.929482617637257036e+00
7.098046928910000133e+04	1.931939816757211048e+00
7.098066528909999761e+04	1.960420700921796211e+00
7.098086028910000459e+04	1.933566870364046508e+00
7.098105528909999703e+04	1.962131260083580742e+00
7.098125128909999330e+04	1.945838775958607769e+00
7.098144628910000029e+04	1.931253658869598766e+00
7.098164128910000727e+04	1.988309666563381484e+00
7.098183728910000355e+04	1.951899865116375921e+00
7.098203228909999598e+04	2.009651508121294228e+00
7.098222728910000296e+04	1.947009956249093676e+00
7.098242328909999924e+04	1.951575533680623309e+00
7.098261828910000622e+04	1.978804278518994764e+00
7.098281328909999866e+04	1.950651662934088648e+00
7.098300928909999493e+04	1.978782839841976227e+00
7.098320428910000192e+04	1.966932358186701535e+00
7.098339928909999435e+04	1.891027670560170293e+00
7.098359428910000133e+04	1.916832864099355049e+00
7.098379028909999761e+04	1.961282170588019014e+00
7.098398528910000459e+04	1.962835745426879441e+00
7.098418028909999703e+04	1.992255084074180616e+00
7.098437628909999330e+04	1.946229701922113975e+00
7.098457128910000029e+04	1.912017160876049005e+00
7.098476628910000727e+04	1.921326022969452652e+00
7.098496228910000355e+04	1.888098722956492281e+00
7.098515728909999598e+04	1.979230072672857332e+00
7.098535228910000296e+04	1.975628769596513123e+00
7.098554828909999924e+04	1.960864181940848994e+00
7.098574328910000622e+04	1.946786678675318072e+00
7.098593828909999866e+04	1.920060602725088827e+00
7.098613428909999493e+04	1.958555865971153054e+00
7.098632928910000192e+04	1.972617805779876221e+00
7.098652428909999435e+04	1.958259131677106524e+00
7.098671928910000133e+04	1.946041819945136808e+00
7.098691528909999761e+04	1.919793016584478096e+00
7.098711028910000459e+04	1.948813534006561099e+00
7.098730528909999703e+04	1.967723191017253015e+00
7.098750128909999330e+04	1.979612108014132232e+00
7.098769628910000029e+04	1.935573431941870481e+00
7.098789128910000727e+04	1.943312798276748410e+00
7.098808728910000355e+04	1.966109890654482939e+00
7.098828228909999598e+04	1.979981711857778492e+00
7.098847728910000296e+04	1.949545947172499183e+00
7.098867328909999924e+04	1.980475995027665803e+00
7.098886828910000622e+04	1.976636331308082362e+00
7.098906328909999866e+04	1.920927560085379682e+00
7.098925928909999493e+04	1.939208742280751352e+00
7.098945428910000192e+04	1.955785522648447738e+00
7.098964928909999435e+04	1.955910781841973645e+00
7.098984428910000133e+04	1.956425826327290451e+00
7.099004028909999761e+04	1.929817351202046893e+00
7.099023528910000459e+04	1.897076936642157818e+00
7.099043028909999703e+04	1.948246355299598775e+00
7.099062628909999330e+04	1.930099200562981565e+00
7.099082128910000029e+04	1.952301812361055156e+00
7.099101628910000727e+04	1.915084035564412090e+00
7.099121228910000355e+04	1.907490552333307221e+00
7.099140728909999598e+04	1.940252641907619591e+00
7.099160228910000296e+04	1.908545133208079392e+00
7.099179828909999924e+04	1.933409659095870481e+00
7.099199328910000622e+04	1.972026015988671332e+00
7.099218828909999866e+04	1.908465343514230028e+00
7.099238428909999493e+04	1.927591810519739823e+00
7.099257928910000192e+04	1.906505360538348626e+00
7.099277428909999435e+04	1.891294454810385162e+00
7.099296928910000133e+04	1.917670463863972330e+00
7.099316528909999761e+04	1.955371374018092467e+00
7.099336028910000459e+04	1.917109610631149152e+00
7.099355528909999703e+04	1.916453977341749493e+00
7.099375128909999330e+04	1.942573960182784276e+00
7.099394628910000029e+04	1.943192289560354169e+00
7.099414128910000727e+04	1.932745115953125037e+00
7.099433728910000355e+04	1.888158992458174978e+00
7.099453228909999598e+04	1.911347776274679333e+00
7.099472728910000296e+04	1.929822612889996236e+00
7.099492328909999924e+04	1.947238576878389082e+00
7.099511828910000622e+04	1.947663915503046184e+00
7.099531328909999866e+04	1.948494152723213801e+00
7.099550928909999493e+04	1.893148593268449531e+00
7.099570428910000192e+04	1.917305805551695386e+00
7.099589928909999435e+04	1.907607915726723391e+00
7.099609428910000133e+04	1.986695739143119255e+00
7.099629028909999761e+04	1.937729020263470048e+00
7.099648528910000459e+04	1.967276955640857139e+00
7.099668028909999703e+04	1.937828957146761510e+00
7.099687628909999330e+04	1.915117732283057705e+00
7.099707128910000029e+04	1.931701921818302026e+00
7.099726628910000727e+04	1.958691532151600967e+00
7.099746228910000355e+04	1.988150736887552839e+00
7.099765728909999598e+04	1.952385302249277643e+00
7.099785228910000296e+04	1.900906431196682789e+00
7.099804828909999924e+04	1.935169433513292958e+00
7.099824328910000622e+04	1.929110870782313469e+00
7.099843828909999866e+04	1.937433064234806324e+00
7.099863428909999493e+04	1.947962629168788595e+00
7.099882928910000192e+04	1.954725872141542808e+00
7.099902428909999435e+04	1.935264296640147208e+00
7.099921928910000133e+04	1.968030043850452770e+00
7.099941528909999761e+04	1.940265001165979442e+00
7.099961028910000459e+04	1.924738813107250479e+00
7.099980528909999703e+04	1.961938606440302379e+00
7.100000128909999330e+04	1.959699850523472620e+00
7.100019628910000029e+04	1.935750091312257837e+00
7.100039128910000727e+04	1.964441311884128183e+00
7.100058728910000355e+04	1.964143604217689187e+00
7.100078228909999598e+04	1.970298611738272143e+00
7.100097728910000296e+04	1.942489294630643570e+00
7.100117328909999924e+04	1.908867975765666358e+00
7.100136828910000622e+04	1.933143195336533893e+00
7.100156328909999866e+04	1.939293420124370115e+00
7.100175928909999493e+04	1.933319786017001718e+00
7.100195428910000192e+04	1.960543044403433299e+00
7.100214928909999435e+04	1.951649038701081196e+00
7.100234428910000133e+04	1.966239295134201370e+00
7.100254028909999761e+04	1.924836877708692384e+00
7.100273528910000459e+04	1.937975004463943662e+00
7.100293028909999703e+04	1.969551639562007850e+00
7.100312628909999330e+04	1.960044383278486180e+00
7.100332128910000029e+04	1.984706839506603870e+00
7.100351628910000727e+04	1.934745700841574489e+00
7.100371228910000355e+04	1.914742853462765737e+00
7.100390728909999598e+04	1.977494294168412381e+00
7.100410228910000296e+04	1.953214577495785420e+00
7.100429828909999924e+04	1.957641214659677331e+00
7.100449328910000622e+04	1.951358258800649281e+00
7.100468828909999866e+04	1.949960027418224939e+00
7.100488428909999493e+04	1.992889368502101632e+00
7.100507928910000192e+04	1.964522743002930838e+00
7.100527428909999435e+04	1.984967533919538951e+00
7.100546928910000133e+04	1.995902522139834545e+00
7.100566528909999761e+04	1.950146737800730889e+00
7.100586028910000459e+04	1.988102979044409580e+00
7.100605528909999703e+04	1.976635281149938805e+00
7.100625128909999330e+04	1.930621849072803542e+00
7.100644628910000029e+04	2.002313554176314625e+00
7.100664128910000727e+04	1.968347135317852548e+00
7.100683728910000355e+04	1.918862406308946333e+00
7.100703228909999598e+04	1.943867831216570252e+00
7.100722728910000296e+04	1.904836414732717031e+00
7.100742328909999924e+04	1.965846876826727652e+00
7.100761828910000622e+04	1.980569617986709829e+00
7.100781328909999866e+04	1.964735863486360756e+00
7.100800928909999493e+04	1.973767291850061056e+00
7.100820428910000192e+04	1.911411143542389723e+00
7.100839928909999435e+04	1.908065864152721502e+00
7.100859428910000133e+04	1.944301383701340313e+00
7.100879028909999761e+04	1.968084147569122422e+00
7.100898528910000459e+04	1.959667095991887820e+00
7.100918028909999703e+04	1.950132368778721315e+00
7.100937628909999330e+04	1.929923549366851177e+00
7.100957128910000029e+04	1.944204455163616174e+00
7.100976628910000727e+04	1.944245207266757092e+00
7.100996228910000355e+04	1.961238296593318609e+00
7.101015728909999598e+04	1.963418844753185510e+00
7.101035228910000296e+04	1.921717197561275015e+00
7.101054828909999924e+04	1.947490503792197458e+00
7.101074328910000622e+04	1.955553922700898895e+00
7.101093828909999866e+04	1.933802729056296243e+00
7.101113428909999493e+04	1.955114541990329968e+00
7.101132928910000192e+04	1.950936143804488765e+00
7.101152428909999435e+04	1.993684538129926409e+00
7.101171928910000133e+04	1.942001628897749299e+00
7.101191528909999761e+04	1.929797882945983645e+00
7.101211028910000459e+04	1.982922401522390743e+00
7.101230528909999703e+04	1.957165087331574682e+00
7.101250128909999330e+04	1.969355022358666218e+00
7.101269628910000029e+04	1.955423405798802250e+00
7.101289128910000727e+04	1.947483406063694744e+00
7.101308728910000355e+04	1.937260625982395013e+00
7.101328228909999598e+04	1.902106368455566354e+00
7.101347728910000296e+04	1.935082636033694570e+00
7.101367328909999924e+04	1.969889981717173555e+00
7.101386828910000622e+04	1.890708438917997114e+00
7.101406328909999866e+04	1.936540000442889209e+00
7.101425928909999493e+04	1.951511402764134928e+00
7.101445428910000192e+04	1.916549971946515996e+00
7.101464928909999435e+04	1.896881620253825673e+00
7.101484428910000133e+04	1.904540028139965813e+00
7.101504028909999761e+04	1.932334753657585225e+00
7.101523528910000459e+04	1.881328805824797001e+00
7.101543028909999703e+04	1.914659136698357855e+00
7.101562628909999330e+04	1.977734594927138545e+00
7.101582128910000029e+04	1.933055337890337455e+00
7.101601628910000727e+04	1.905332081036686276e+00
7.101621228910000355e+04	1.916946230557725173e+00
7.101640728909999598e+04	1.888867630296239497e+00
7.101660228910000296e+04	1.927208894060626676e+00
7.101679828909999924e+04	1.906347961139614355e+00
7.101699328910000622e+04	1.950183273626501901e+00
7.101718828909999866e+04	1.940120984707576213e+00
7.101738428909999493e+04	1.886320876304441896e+00
7.101757928910000192e+04	1.895515675812056600e+00
7.101777428909999435e+04	1.943885183992524190e+00
7.101796928910000133e+04	1.957013295548151177e+00
7.101816528909999761e+04	1.946255114942690767e+00
7.101836028910000459e+04	1.943877033447902747e+00
7.101855528909999703e+04	1.917571315289457345e+00
7.101875128909999330e+04	1.934070061825764242e+00
7.101894628910000029e+04	1.928020413168326286e+00
7.101914128910000727e+04	1.960689820676028816e+00
7.101933728910000355e+04	1.975344599824865099e+00
7.101953228909999598e+04	1.971934195710808524e+00
7.101972728910000296e+04	1.931189470255226581e+00
7.101992328909999924e+04	1.881670491446097770e+00
7.102011828910000622e+04	1.954688204886000591e+00
7.102031328909999866e+04	1.915504977690904553e+00
7.102050928909999493e+04	1.958713865757118811e+00
7.102070428910000192e+04	1.900223546675006148e+00
7.102089928909999435e+04	1.891009223064274991e+00
7.102109428910000133e+04	1.941333306409260828e+00
7.102129028909999761e+04	1.942471940782644069e+00
7.102148528910000459e+04	1.946259145970913096e+00
7.102168028909999703e+04	1.997297208740951291e+00
7.102187628909999330e+04	1.919497703091877838e+00
7.102207128910000029e+04	1.988724260441369296e+00
7.102226628910000727e+04	1.933680240667094097e+00
7.102246228910000355e+04	1.936280762498093111e+00
7.102265728909999598e+04	1.959218599349291878e+00
7.102285228910000296e+04	1.954088586275062767e+00
7.102304828909999924e+04	1.949233673426068236e+00
7.102324328910000622e+04	1.923813669329890175e+00
7.102343828909999866e+04	1.913725331548526754e+00
7.102363428909999493e+04	1.931714022690208310e+00
7.102382928910000192e+04	1.884963609395441608e+00
7.102402428909999435e+04	1.965510575385721381e+00
7.102421928910000133e+04	1.953386894021832632e+00
7.102441528909999761e+04	1.928780073207985168e+00
7.102461028910000459e+04	1.937674931432695757e+00
7.102480528909999703e+04	1.930696299194707422e+00
7.102500128909999330e+04	1.943450484176231896e+00
7.102519628910000029e+04	1.986093821599478559e+00
7.102539128910000727e+04	1.979226922560679114e+00
7.102558728910000355e+04	1.973469882279964338e+00
7.102578228909999598e+04	1.911909825461695078e+00
7.102597728910000296e+04	1.966160847040221427e+00
7.102617328909999924e+04	1.997033509338335122e+00
7.102636828910000622e+04	1.957771718741231126e+00
7.102656328909999866e+04	1.992466893158697516e+00
7.102675928909999493e+04	1.935734836413642412e+00
7.102695428910000192e+04	1.961113855118409077e+00
7.102714928909999435e+04	1.952918824256775210e+00
7.102734428910000133e+04	1.954150607462835865e+00
7.102754028909999761e+04	1.939518875527575403e+00
7.102773528910000459e+04	1.957030550637842481e+00
7.102793028909999703e+04	1.931238400936791777e+00
7.102812628909999330e+04	1.902766631714349899e+00
7.102832128910000029e+04	1.900952266349975162e+00
7.102851628910000727e+04	1.965124185897151321e+00
7.102871228910000355e+04	1.990699424372921911e+00
7.102890728909999598e+04	1.927922537772673195e+00
7.102910228910000296e+04	1.963515690847142281e+00
7.102929828909999924e+04	1.934897817663827624e+00
7.102949328910000622e+04	1.958953578398316964e+00
7.102968828909999866e+04	1.968057621004820845e+00
7.102988428909999493e+04	1.968460243619860606e+00
7.103007928910000192e+04	1.963523834306261762e+00
7.103027428909999435e+04	1.904808760342069363e+00
7.103046928910000133e+04	1.957269054917452067e+00
7.103066528909999761e+04	1.968387843866478804e+00
7.103086028910000459e+04	1.949928485389850863e+00
7.103105528909999703e+04	1.947339435607911895e+00
7.103125128909999330e+04	1.960685617072908116e+00
7.103144628910000029e+04	1.893460412343269894e+00
7.103164128910000727e+04	1.935341800045357274e+00
7.103183728910000355e+04	1.936167492905800813e+00
7.103203228909999598e+04	1.948627864065189286e+00
7.103222728910000296e+04	1.899512980711971721e+00
7.103242328909999924e+04	1.923221389033152207e+00
7.103261828910000622e+04	1.956284015080797190e+00
7.103281328909999866e+04	1.938194248994960844e+00
7.103300928909999493e+04	1.943336198803887527e+00
7.103320428910000192e+04	1.954840099899705308e+00
7.103339928909999435e+04	1.962703169007287585e+00
7.103359428910000133e+04	1.982142250580514187e+00
7.103379028909999761e+04	1.918691932116638910e+00
7.103398528910000459e+04	1.953712250669205730e+00
7.103418028909999703e+04	1.906540123448250412e+00
7.103437628909999330e+04	1.936340991531588784e+00
7.103457128910000029e+04	1.966504230542751586e+00
7.103476628910000727e+04	1.919812317985758909e+00
7.103496228910000355e+04	1.887142208702421442e+00
7.103515728909999598e+04	1.898161509156166105e+00
7.103535228910000296e+04	1.900282818038824928e+00
7.103554828909999924e+04	1.954336319605218364e+00
7.103574328910000622e+04	1.905530484983227524e+00
7.103593828909999866e+04	1.920446710788734634e+00
7.103613428909999493e+04	1.944499270871551388e+00
7.103632928910000192e+04	1.914427115032836468e+00
7.103652428909999435e+04	1.908037160354371764e+00
7.103671928910000133e+04	1.922675059869137115e+00
7.103691528909999761e+04	1.918049505737114302e+00
7.103711028910000459e+04	1.931495592186927013e+00
7.103730528909999703e+04	1.909750897685393412e+00
7.103750128909999330e+04	1.926717741150419272e+00
7.103769628910000029e+04	1.876303903673054663e+00
7.103789128910000727e+04	1.879657917131041245e+00
7.103808728910000355e+04	1.921156444620903514e+00
7.103828228909999598e+04	1.904493936866963111e+00
7.103847728910000296e+04	1.883639741189952588e+00
7.103867328909999924e+04	1.872509022644418764e+00
7.103886828910000622e+04	1.917863582981986781e+00
7.103906328909999866e+04	1.926364367575544634e+00
7.103925928909999493e+04	1.893135154209076632e+00
7.103945428910000192e+04	1.955508986429837393e+00
7.103964928909999435e+04	1.945905201425654596e+00
7.103984428910000133e+04	1.885166145802855908e+00
7.104004028909999761e+04	1.952833146202683778e+00
7.104023528910000459e+04	1.951264514557733420e+00
7.104043028909999703e+04	1.928871016713738840e+00
7.104062628909999330e+04	1.914301625773406457e+00
7.104082128910000029e+04	1.963377076463231674e+00
7.104101628910000727e+04	1.975262945205995990e+00
7.104121228910000355e+04	1.891196508372727791e+00
7.104140728909999598e+04	1.920958353041935851e+00
7.104160228910000296e+04	1.936658440597650355e+00
7.104179828909999924e+04	1.949550941414511129e+00
7.104199328910000622e+04	1.961877394779385497e+00
7.104218828909999866e+04	1.930692353081326473e+00
7.104238428909999493e+04	1.926841319735025593e+00
7.104257928910000192e+04	1.919563153176380155e+00
7.104277428909999435e+04	1.924024016331726372e+00
7.104296928910000133e+04	1.949637683336479910e+00
7.104316528909999761e+04	1.913155253570701930e+00
7.104336028910000459e+04	1.900240932957796502e+00
7.104355528909999703e+04	1.968619049520288655e+00
7.104375128909999330e+04	1.926818691485435053e+00
7.104394628910000029e+04	1.987561191589954035e+00
7.104414128910000727e+04	1.923706565288485493e+00
7.104433728910000355e+04	1.957915622702863345e+00
7.104453228909999598e+04	1.966761195655466921e+00
7.104472728910000296e+04	1.910908588841158107e+00
7.104492328909999924e+04	1.957537161200406217e+00
7.104511828910000622e+04	1.913746744296263458e+00
7.104531328909999866e+04	1.944621700639995510e+00
7.104550928909999493e+04	1.945351094880219733e+00
7.104570428910000192e+04	1.946107193235647514e+00
7.104589928909999435e+04	1.984698703692846067e+00
7.104609428910000133e+04	1.966741759214327701e+00
7.104629028909999761e+04	1.923309196969677615e+00
7.104648528910000459e+04	1.954018242829080876e+00
7.104668028909999703e+04	1.945241989586069309e+00
7.104687628909999330e+04	1.975671565411401431e+00
7.104707128910000029e+04	1.938739326741348634e+00
7.104726628910000727e+04	1.952209911801929820e+00
7.104746228910000355e+04	1.932636826626289661e+00
7.104765728909999598e+04	1.916521366649837077e+00
7.104785228910000296e+04	1.954969569006678398e+00
7.104804828909999924e+04	1.982394925502838134e+00
7.104824328910000622e+04	1.969082854399390570e+00
7.104843828909999866e+04	1.927779582804641123e+00
7.104863428909999493e+04	1.927000418494181133e+00
7.104882928910000192e+04	1.952879139063544045e+00
7.104902428909999435e+04	1.931451923370753221e+00
7.104921928910000133e+04	1.999252387528013486e+00
7.104941528909999761e+04	1.930374732541286775e+00
7.104961028910000459e+04	1.938449520235499435e+00
7.104980528909999703e+04	1.944265627110151939e+00
7.105000128909999330e+04	1.899633810110243459e+00
7.105019628910000029e+04	1.986999184865405610e+00
7.105039128910000727e+04	1.965079268674847057e+00
7.105058728910000355e+04	1.974125963624850044e+00
7.105078228909999598e+04	1.974690391867262917e+00
7.105097728910000296e+04	1.890411076836123527e+00
7.105117328909999924e+04	1.949182678818342396e+00
7.105136828910000622e+04	1.959964862712872957e+00
7.105156328909999866e+04	1.967459408056161152e+00
7.105175928909999493e+04	1.938118859272186967e+00
7.105195428910000192e+04	1.933267790989706469e+00
7.105214928909999435e+04	1.988979660467776966e+00
7.105234428910000133e+04	1.910981962874076956e+00
7.105254028909999761e+04	1.945217627046817555e+00
7.105273528910000459e+04	2.002412331215479568e+00
7.105293028909999703e+04	1.973887462409047444e+00
7.105312628909999330e+04	1.963723567044983298e+00
7.105332128910000029e+04	1.959512168164980750e+00
7.105351628910000727e+04	1.935852053387502991e+00
7.105371228910000355e+04	1.956782671687381736e+00
7.105390728909999598e+04	1.933111629826296252e+00
7.105410228910000296e+04	1.962129158416344055e+00
7.105429828909999924e+04	1.950614865023583278e+00
7.105449328910000622e+04	1.943706484818291003e+00
7.105468828909999866e+04	1.973758101795525022e+00
7.105488428909999493e+04	1.942573083729421057e+00
7.105507928910000192e+04	1.955955717313361930e+00
7.105527428909999435e+04	1.936087888239718779e+00
7.105546928910000133e+04	1.988324885967196920e+00
7.105566528909999761e+04	1.947075151482311028e+00
7.105586028910000459e+04	1.930756543106857848e+00
7.105605528909999703e+04	1.966225986994611930e+00
7.105625128909999330e+04	1.919576313358181352e+00
7.105644628910000029e+04	1.959992449724969887e+00
7.105664128910000727e+04	1.952276318535140831e+00
7.105683728910000355e+04	1.956449213272497545e+00
7.105703228909999598e+04	1.929472357190356036e+00
7.105722728910000296e+04	1.906736234420092657e+00
7.105742328909999924e+04	1.921462790096004625e+00
7.105761828910000622e+04	1.936368607410315690e+00
7.105781328909999866e+04	1.961557322518334701e+00
7.105800928909999493e+04	1.943227960207371652e+00
7.105820428910000192e+04	1.938270953396678209e+00
7.105839928909999435e+04	1.948944089115634881e+00
7.105859428910000133e+04	1.909496443453051029e+00
7.105879028909999761e+04	1.926238856794002530e+00
7.105898528910000459e+04	1.957733093115157530e+00
7.105918028909999703e+04	1.929655115222727702e+00
7.105937628909999330e+04	1.918986027809772565e+00
7.105957128910000029e+04	1.936279710461148440e+00
7.105976628910000727e+04	1.952639361920120109e+00
7.105996228910000355e+04	1.959620328744087203e+00
7.106015728909999598e+04	1.942617870452917117e+00
7.106035228910000296e+04	1.940080225165930372e+00
7.106054828909999924e+04	1.967641858996010740e+00
7.106074328910000622e+04	1.939187265965625073e+00
7.106093828909999866e+04	1.947232267716138665e+00
7.106113428909999493e+04	1.960913048392207259e+00
7.106132928910000192e+04	1.976351124061967113e+00
7.106152428909999435e+04	1.961035389205168400e+00
7.106171928910000133e+04	1.986095921034634060e+00
7.106191528909999761e+04	1.942956528831079055e+00
7.106211028910000459e+04	1.911692169093521798e+00
7.106230528909999703e+04	1.976266585105674878e+00
7.106250128909999330e+04	1.977888435073376527e+00
7.106269628910000029e+04	1.967264611158316967e+00
7.106289128910000727e+04	1.971565422802981971e+00
7.106308728910000355e+04	1.947580145282408637e+00
7.106328228909999598e+04	1.945633802211014896e+00
7.106347728910000296e+04	1.964673696256646451e+00
7.106367328909999924e+04	1.935108149266824284e+00
7.106386828910000622e+04	1.980686689887477314e+00
7.106406328909999866e+04	1.962977427952308673e+00
7.106425928909999493e+04	1.942004696561960841e+00
7.106445428910000192e+04	1.964039668292723917e+00
