# time(sec)	crack length FEA(mm)
2.372578228909999962e+04	8.969640154092068940e-01
2.372597728909999933e+04	9.052466973391108951e-01
2.372617328909999924e+04	9.407413978271446098e-01
2.372636828909999895e+04	8.954497079280514527e-01
2.372656328909999866e+04	9.242509751145782104e-01
2.372675928909999857e+04	9.145459752622979721e-01
2.372695428910000192e+04	9.278172326349505283e-01
2.372714928910000162e+04	9.096487842488869546e-01
2.372734428910000133e+04	9.372857034983361757e-01
2.372754028910000125e+04	9.256344571960326562e-01
2.372773528910000095e+04	8.932468828136350680e-01
2.372793028910000066e+04	9.111888473520064480e-01
2.372812628910000058e+04	8.888684663675157083e-01
2.372832128910000029e+04	9.246240396039873133e-01
2.372851628909999999e+04	9.572545883728782457e-01
2.372871228909999991e+04	9.109691715664496314e-01
2.372890728909999962e+04	9.336089626008270415e-01
2.372910228909999933e+04	9.232873257826277325e-01
2.372929828909999924e+04	9.122307844180994607e-01
2.372949328909999895e+04	9.190359348835883679e-01
2.372968828909999866e+04	9.081043619699471492e-01
2.372988428909999857e+04	9.299081416981636039e-01
2.373007928910000192e+04	8.626954973124245640e-01
2.373027428910000162e+04	9.333532197758067639e-01
2.373046928910000133e+04	9.170410901073893228e-01
2.373066528910000125e+04	9.032987184078304921e-01
2.373086028910000095e+04	9.016610216765208463e-01
2.373105528910000066e+04	9.046781109792867426e-01
2.373125128910000058e+04	9.110619470180818524e-01
2.373144628910000029e+04	9.394982927952106877e-01
2.373164128909999999e+04	8.887115458055738770e-01
2.373183728909999991e+04	9.550723778207022008e-01
2.373203228909999962e+04	9.275433563332917686e-01
2.373222728909999933e+04	9.073502189057496281e-01
2.373242328909999924e+04	9.423242351563025920e-01
2.373261828909999895e+04	8.713488859656912666e-01
2.373281328909999866e+04	8.632843347415608548e-01
2.373300928909999857e+04	9.132695159866859314e-01
2.373320428910000192e+04	9.100242102386957299e-01
2.373339928910000162e+04	9.162200813872249938e-01
2.373359428910000133e+04	9.094365154432075826e-01
2.373379028910000125e+04	9.323015537880969816e-01
2.373398528910000095e+04	9.079518273852542620e-01
2.373418028910000066e+04	9.120708557805574657e-01
2.373437628910000058e+04	9.186478189342892620e-01
2.373457128910000029e+04	8.778750968301025637e-01
2.373476628909999999e+04	9.251143297298458634e-01
2.373496228909999991e+04	8.884596436621432503e-01
2.373515728909999962e+04	8.771285924101857034e-01
2.373535228909999933e+04	9.024067652960852115e-01
2.373554828909999924e+04	8.609898740680002049e-01
2.373574328909999895e+04	9.519999110395005459e-01
2.373593828909999866e+04	9.053383952803599755e-01
2.373613428909999857e+04	8.898675971106904115e-01
2.373632928910000192e+04	8.804946880709891843e-01
2.373652428910000162e+04	8.832560196833227906e-01
2.373671928910000133e+04	9.509394681972587193e-01
2.373691528910000125e+04	9.111259377770153378e-01
2.373711028910000095e+04	9.335471551311051996e-01
2.373730528910000066e+04	9.418118895127829404e-01
2.373750128910000058e+04	8.976426516974438385e-01
2.373769628910000029e+04	9.155930700762020535e-01
2.373789128909999999e+04	9.252454132776328777e-01
2.373808728909999991e+04	9.273387343843175756e-01
2.373828228909999962e+04	9.060371098255686206e-01
2.373847728909999933e+04	9.473425174999849929e-01
2.373867328909999924e+04	9.277000235545784790e-01
2.373886828909999895e+04	9.187331465515669038e-01
2.373906328909999866e+04	8.990095917110423329e-01
2.373925928909999857e+04	9.244662718926921485e-01
2.373945428910000192e+04	9.272427992214105075e-01
2.373964928910000162e+04	9.236252630455155099e-01
2.373984428910000133e+04	9.324006265345836653e-01
2.374004028910000125e+04	9.299326926975162166e-01
2.374023528910000095e+04	9.346488473492282623e-01
2.374043028910000066e+04	8.943963264244239042e-01
2.374062628910000058e+04	9.605700890912682866e-01
2.374082128910000029e+04	9.227650139542653562e-01
2.374101628909999999e+04	9.227596664303483465e-01
2.374121228909999991e+04	9.312093009068185268e-01
2.374140728909999962e+04	9.205359364185117244e-01
2.374160228909999933e+04	9.292730291922026709e-01
2.374179828909999924e+04	9.079006005424936632e-01
2.374199328909999895e+04	9.245238451872506147e-01
2.374218828909999866e+04	9.303621480448054371e-01
2.374238428909999857e+04	9.270370760999426807e-01
2.374257928910000192e+04	8.911794531126542296e-01
2.374277428910000162e+04	8.765913870058206214e-01
2.374296928910000133e+04	9.436396062653322758e-01
2.374316528910000125e+04	9.130690228190534441e-01
2.374336028910000095e+04	9.057277617167525108e-01
2.374355528910000066e+04	9.232436583045604550e-01
2.374375128910000058e+04	9.011798667458883472e-01
2.374394628910000029e+04	9.092530863462542357e-01
2.374414128909999999e+04	9.428823242763417767e-01
2.374433728909999991e+04	9.056253534206444300e-01
2.374453228909999962e+04	9.493497266753934127e-01
2.374472728909999933e+04	9.261908654734991586e-01
2.374492328909999924e+04	9.255854562474663538e-01
2.374511828909999895e+04	9.134678823003383741e-01
2.374531328909999866e+04	9.411962331627989897e-01
2.374550928909999857e+04	9.416957826627037065e-01
2.374570428910000192e+04	8.935905509312647155e-01
2.374589928910000162e+04	8.886400037009227759e-01
2.374609428910000133e+04	9.038000924335172215e-01
2.374629028910000125e+04	8.397845732570718980e-01
2.374648528910000095e+04	8.647739106842973200e-01
2.374668028910000066e+04	8.837098166835044566e-01
2.374687628910000058e+04	9.242957211846398735e-01
2.374707128910000029e+04	9.264722370897793269e-01
2.374726628909999999e+04	8.901739859581141445e-01
2.374746228909999991e+04	9.029978486504415258e-01
2.374765728909999962e+04	8.973033588632528534e-01
2.374785228909999933e+04	9.177533306110596811e-01
2.374804828909999924e+04	9.086333786389424461e-01
2.374824328909999895e+04	9.200988234047571268e-01
2.374843828909999866e+04	9.136171483218706868e-01
2.374863428909999857e+04	8.664995682040839142e-01
2.374882928910000192e+04	8.944422282194093299e-01
2.374902428910000162e+04	9.288456873334638431e-01
2.374921928910000133e+04	9.268047829051599962e-01
2.374941528910000125e+04	9.193717523701838701e-01
2.374961028910000095e+04	9.291749779678895038e-01
2.374980528910000066e+04	9.368829932806033156e-01
2.375000128910000058e+04	9.180475680833204422e-01
2.375019628910000029e+04	9.092712176799189194e-01
2.375039128909999999e+04	9.220795597308839575e-01
2.375058728909999991e+04	9.486576133925517240e-01
2.375078228909999962e+04	9.175059272912946540e-01
2.375097728909999933e+04	9.248243814034822208e-01
2.375117328909999924e+04	8.917409230415014321e-01
2.375136828909999895e+04	9.716054997794305592e-01
2.375156328909999866e+04	9.552821493273526698e-01
2.375175928909999857e+04	9.341630077911773355e-01
2.375195428910000192e+04	9.901065368999724114e-01
2.375214928910000162e+04	9.447365811407131275e-01
2.375234428910000133e+04	9.624814844140523462e-01
2.375254028910000125e+04	9.257666365729289026e-01
2.375273528910000095e+04	9.236017952065349590e-01
2.375293028910000066e+04	9.626528882046905267e-01
2.375312628910000058e+04	9.113456121294145618e-01
2.375332128910000029e+04	9.205828780662166366e-01
2.375351628909999999e+04	8.794951681139107080e-01
2.375371228909999991e+04	9.194218649590997217e-01
2.375390728909999962e+04	9.825815716653885090e-01
2.375410228909999933e+04	9.556513939272530678e-01
2.375429828909999924e+04	9.044166991415725221e-01
2.375449328909999895e+04	9.349972593874156246e-01
2.375468828909999866e+04	8.862903481388588744e-01
2.375488428909999857e+04	9.310580114188393708e-01
2.375507928910000192e+04	9.279696411182882798e-01
2.375527428910000162e+04	9.458164907048391967e-01
2.375546928910000133e+04	9.125144998554919340e-01
2.375566528910000125e+04	9.140223832604927878e-01
2.375586028910000095e+04	9.409352734728990697e-01
2.375605528910000066e+04	9.116517274042514885e-01
2.375625128910000058e+04	9.274623262134618074e-01
2.375644628910000029e+04	9.405347473002194647e-01
2.375664128909999999e+04	9.663263022753216802e-01
2.375683728909999991e+04	9.698182061289770672e-01
2.375703228909999962e+04	9.170506977921828451e-01
2.375722728909999933e+04	9.335833811188933851e-01
2.375742328909999924e+04	9.045447342076311514e-01
2.375761828909999895e+04	9.499535030054069296e-01
2.375781328909999866e+04	9.578113334299054316e-01
2.375800928909999857e+04	9.141780395124534664e-01
2.375820428910000192e+04	9.275347965041547127e-01
2.375839928910000162e+04	9.299412059017182486e-01
2.375859428910000133e+04	9.385630186890594473e-01
2.375879028910000125e+04	9.322045492374346765e-01
2.375898528910000095e+04	9.163256044556771229e-01
2.375918028910000066e+04	9.447557743465644364e-01
2.375937628910000058e+04	9.573195075791183228e-01
2.375957128910000029e+04	9.272246814488767086e-01
2.375976628909999999e+04	9.225720811306548086e-01
2.375996228909999991e+04	9.146888502078791561e-01
2.376015728909999962e+04	9.462637652395233800e-01
2.376035228909999933e+04	9.665890787398527806e-01
2.376054828909999924e+04	8.892602360491412838e-01
2.376074328909999895e+04	8.965051149786305018e-01
2.376093828909999866e+04	9.421228957310194829e-01
2.376113428909999857e+04	8.987140303203133840e-01
2.376132928910000192e+04	9.729767217705926896e-01
2.376152428910000162e+04	9.407232902431044153e-01
2.376171928910000133e+04	9.148210898398083657e-01
2.376191528910000125e+04	8.900458743580745846e-01
2.376211028910000095e+04	8.973118836371511975e-01
2.376230528910000066e+04	9.476715543573082101e-01
2.376250128910000058e+04	9.038428055604637024e-01
2.376269628910000029e+04	8.881414863214676103e-01
2.376289128909999999e+04	8.642032841598172865e-01
2.376308728909999991e+04	8.925926658200680208e-01
2.376328228909999962e+04	9.047634240741491141e-01
2.376347728909999933e+04	8.724609196836503600e-01
2.376367328909999924e+04	9.290524293943249745e-01
2.376386828909999895e+04	9.372931800114354672e-01
2.376406328909999866e+04	9.072702109901911172e-01
2.376425928909999857e+04	9.654941730190209626e-01
2.376445428910000192e+04	8.975711911488701844e-01
2.376464928910000162e+04	9.270840050398376775e-01
2.376484428910000133e+04	9.258433601553548442e-01
2.376504028910000125e+04	8.903629153973895427e-01
2.376523528910000095e+04	9.433914358086159524e-01
2.376543028910000066e+04	9.048242151967400559e-01
2.376562628910000058e+04	9.390999204456011995e-01
2.376582128910000029e+04	9.518700070489707343e-01
2.376601628909999999e+04	9.397316160863304901e-01
2.376621228909999991e+04	9.579667698781406671e-01
2.376640728909999962e+04	8.847230468710947093e-01
2.376660228909999933e+04	9.013259922252210288e-01
2.376679828909999924e+04	8.755532079103360843e-01
2.376699328909999895e+04	9.316728295578631247e-01
2.376718828909999866e+04	9.051175755618388052e-01
2.376738428909999857e+04	8.433772771418759362e-01
2.376757928910000192e+04	8.935831158116069872e-01
2.376777428910000162e+04	8.967377654463355441e-01
2.376796928910000133e+04	8.991706979950464529e-01
2.376816528910000125e+04	9.143913564641401592e-01
2.376836028910000095e+04	9.273770936941989618e-01
2.376855528910000066e+04	9.318454514176384151e-01
2.376875128910000058e+04	9.385353103744815684e-01
2.376894628910000029e+04	9.105660197293339309e-01
2.376914128909999999e+04	8.972756029118151844e-01
2.376933728909999991e+04	8.746218371414080650e-01
2.376953228909999962e+04	9.010443351198400563e-01
2.376972728909999933e+04	8.721874581866373433e-01
2.376992328909999924e+04	8.968871445601660497e-01
2.377011828909999895e+04	9.284023448413627477e-01
2.377031328909999866e+04	8.615691141343599924e-01
2.377050928909999857e+04	8.735953819433639467e-01
2.377070428910000192e+04	9.446002613658421865e-01
2.377089928910000162e+04	8.795763600771131507e-01
2.377109428910000133e+04	8.817291452129119023e-01
2.377129028910000125e+04	9.038278408541700060e-01
2.377148528910000095e+04	9.039889148549047349e-01
2.377168028910000066e+04	8.930185259001692799e-01
2.377187628910000058e+04	8.645260169893358437e-01
2.377207128910000029e+04	9.540376671761805483e-01
2.377226628909999999e+04	8.950783078863029374e-01
2.377246228909999991e+04	9.135158179086761976e-01
2.377265728909999962e+04	9.243159745451894338e-01
2.377285228909999933e+04	8.885941458518793468e-01
2.377304828909999924e+04	9.164215832419397856e-01
2.377324328909999895e+04	8.745577491990168539e-01
2.377343828909999866e+04	9.353072648789595434e-01
2.377363428909999857e+04	9.577443125796811785e-01
2.377382928910000192e+04	9.144286464324089536e-01
2.377402428910000162e+04	9.302427727701871873e-01
2.377421928910000133e+04	9.064723437779864668e-01
2.377441528910000125e+04	9.330367454688044404e-01
2.377461028910000095e+04	9.564818534431118735e-01
2.377480528910000066e+04	9.165751448386885158e-01
2.377500128910000058e+04	9.275231148500573397e-01
2.377519628910000029e+04	8.970931259830106086e-01
2.377539128909999999e+04	9.034843190152734849e-01
2.377558728909999991e+04	9.058344304524581503e-01
2.377578228909999962e+04	9.096840018710299347e-01
2.377597728909999933e+04	9.459698186064784409e-01
2.377617328909999924e+04	9.293849394690045784e-01
2.377636828909999895e+04	9.352497723553838682e-01
2.377656328909999866e+04	9.210838915637964419e-01
2.377675928909999857e+04	9.241336936852206918e-01
2.377695428910000192e+04	9.597792673047127465e-01
2.377714928910000162e+04	8.822480842753819275e-01
2.377734428910000133e+04	9.166295222247065055e-01
2.377754028910000125e+04	8.899092438502300695e-01
2.377773528910000095e+04	8.769737328701783241e-01
2.377793028910000066e+04	9.211329566435182414e-01
2.377812628910000058e+04	8.793414154152365825e-01
2.377832128910000029e+04	9.261396775126016223e-01
2.377851628909999999e+04	8.920622050601529907e-01
2.377871228909999991e+04	9.010977120158862874e-01
2.377890728909999962e+04	8.945692163118579288e-01
2.377910228909999933e+04	8.735066734315122261e-01
2.377929828909999924e+04	9.248702251148017695e-01
2.377949328909999895e+04	8.735985566523591928e-01
2.377968828909999866e+04	8.856903801885334104e-01
2.377988428909999857e+04	9.338103185727248956e-01
2.378007928910000192e+04	9.022809091650039193e-01
2.378027428910000162e+04	9.034981934118491154e-01
2.378046928910000133e+04	8.976501313936875448e-01
2.378066528910000125e+04	9.378662839534754880e-01
2.378086028910000095e+04	9.151356151746412593e-01
2.378105528910000066e+04	9.166721575995993021e-01
2.378125128910000058e+04	9.455171961341672926e-01
2.378144628910000029e+04	9.093021297857148966e-01
2.378164128909999999e+04	9.342897861030525775e-01
2.378183728909999991e+04	9.245728574585143633e-01
2.378203228909999962e+04	9.533988585093915447e-01
2.378222728909999933e+04	9.595197075055494906e-01
2.378242328909999924e+04	9.228108615975916251e-01
2.378261828909999895e+04	9.743106774547882765e-01
2.378281328909999866e+04	8.897106922344768520e-01
2.378300928909999857e+04	9.306402486650693362e-01
2.378320428910000192e+04	9.468334898396300048e-01
2.378339928910000162e+04	9.395888260519136281e-01
2.378359428910000133e+04	9.626443866055804932e-01
2.378379028910000125e+04	9.252134412999790669e-01
2.378398528910000095e+04	8.953781766929331809e-01
2.378418028910000066e+04	9.439676143943582787e-01
2.378437628910000058e+04	9.325678978201796809e-01
2.378457128910000029e+04	9.833566616365274626e-01
2.378476628909999999e+04	9.336483552838998889e-01
2.378496228909999991e+04	9.420057565064752225e-01
2.378515728909999962e+04	9.389709897194364885e-01
2.378535228909999933e+04	9.837575320458107342e-01
2.378554828909999924e+04	9.243788404280284254e-01
2.378574328909999895e+04	9.159044161746976442e-01
2.378593828909999866e+04	9.568182535953866363e-01
2.378613428909999857e+04	9.152604239295136779e-01
2.378632928910000192e+04	9.221808540232938611e-01
2.378652428910000162e+04	9.276819061271126543e-01
2.378671928910000133e+04	9.698490951467206855e-01
2.378691528910000125e+04	9.334533773452839966e-01
2.378711028910000095e+04	9.534744146581548563e-01
2.378730528910000066e+04	9.379856213104726947e-01
2.378750128910000058e+04	9.325433952812129945e-01
2.378769628910000029e+04	8.968103192984759886e-01
2.378789128909999999e+04	9.514536949526704035e-01
2.378808728909999991e+04	9.866802396949871934e-01
2.378828228909999962e+04	9.027727460128147641e-01
2.378847728909999933e+04	1.002546604702025945e+00
2.378867328909999924e+04	9.574260295576220159e-01
2.378886828909999895e+04	9.188845137201262503e-01
2.378906328909999866e+04	9.431379746926324970e-01
2.378925928909999857e+04	9.081875372564383042e-01
2.378945428910000192e+04	9.784171569175459382e-01
2.378964928910000162e+04	9.389273599172192064e-01
2.378984428910000133e+04	9.051314490157800208e-01
2.379004028910000125e+04	9.281071448182451888e-01
2.379023528910000095e+04	8.892730183158388257e-01
2.379043028910000066e+04	9.297142318600251087e-01
2.379062628910000058e+04	9.206926402109179008e-01
2.379082128910000029e+04	9.251942782356898931e-01
2.379101628909999999e+04	9.466332768332641479e-01
2.379121228909999991e+04	9.390338721303557179e-01
2.379140728909999962e+04	9.437557037061665710e-01
2.379160228909999933e+04	9.572088705164745193e-01
2.379179828909999924e+04	9.683223257763771130e-01
2.379199328909999895e+04	9.742254285885803000e-01
2.379218828909999866e+04	9.544112289330684007e-01
2.379238428909999857e+04	9.422901541445654061e-01
2.379257928910000192e+04	9.226626782556799355e-01
2.379277428910000162e+04	9.205572735424780717e-01
2.379296928910000133e+04	9.467344675331901271e-01
2.379316528910000125e+04	9.396442402155322782e-01
2.379336028910000095e+04	9.427427826282617218e-01
2.379355528910000066e+04	9.938638411029483422e-01
2.379375128910000058e+04	9.716416865744914588e-01
2.379394628910000029e+04	9.179654709981868166e-01
2.379414128909999999e+04	9.491740659939686964e-01
2.379433728909999991e+04	9.458026407405011327e-01
2.379453228909999962e+04	9.197214301935741076e-01
2.379472728909999933e+04	9.671690047700352011e-01
2.379492328909999924e+04	9.275923624407038659e-01
2.379511828909999895e+04	9.212694189417032220e-01
2.379531328909999866e+04	8.960675738359000775e-01
2.379550928909999857e+04	9.168310206449206134e-01
2.379570428910000192e+04	9.663411092344880160e-01
2.379589928910000162e+04	9.714608434337357323e-01
2.379609428910000133e+04	9.483211169923588812e-01
2.379629028910000125e+04	9.098482065595430157e-01
2.379648528910000095e+04	9.528292441769110610e-01
2.379668028910000066e+04	9.043516458503919608e-01
2.379687628910000058e+04	8.862412577460592189e-01
2.379707128910000029e+04	9.456535106970083149e-01
2.379726628909999999e+04	9.138560269881157438e-01
2.379746228909999991e+04	9.532540281742676314e-01
2.379765728909999962e+04	9.532774670256198846e-01
2.379785228909999933e+04	9.380154624201519908e-01
2.379804828909999924e+04	9.030095972218639133e-01
2.379824328909999895e+04	9.074995870706139556e-01
2.379843828909999866e+04	9.366731065207485329e-01
2.379863428909999857e+04	9.122094948613685972e-01
2.379882928910000192e+04	8.871945912188294869e-01
2.379902428910000162e+04	8.892805097846316897e-01
2.379921928910000133e+04	8.760648395833374735e-01
2.379941528910000125e+04	9.599719925223109129e-01
2.379961028910000095e+04	8.727408378295606894e-01
2.379980528910000066e+04	8.822641080388784474e-01
2.380000128910000058e+04	9.457983869519637210e-01
2.380019628910000029e+04	8.991419084720462251e-01
2.380039128909999999e+04	9.203035162179755702e-01
2.380058728909999991e+04	9.033413774408742825e-01
2.380078228909999962e+04	9.398689975062417545e-01
2.380097728909999933e+04	9.550808821066780752e-01
2.380117328909999924e+04	9.132364288208538738e-01
2.380136828909999895e+04	9.055421784302843946e-01
2.380156328909999866e+04	8.915978474667429765e-01
2.380175928909999857e+04	9.197917900716472417e-01
2.380195428910000192e+04	9.516911546976238867e-01
2.380214928910000162e+04	9.235208067214539795e-01
2.380234428910000133e+04	9.316046372196051806e-01
2.380254028910000125e+04	8.778099717270375635e-01
2.380273528910000095e+04	9.096871718209591506e-01
2.380293028910000066e+04	9.081811419868621726e-01
2.380312628910000058e+04	8.866437263150253045e-01
2.380332128910000029e+04	9.285440479851825302e-01
2.380351628909999999e+04	9.270115425433917977e-01
2.380371228909999991e+04	9.406668446344408352e-01
2.380390728909999962e+04	9.205625757690576449e-01
2.380410228909999933e+04	9.610640423350442774e-01
2.380429828909999924e+04	9.468217626926751507e-01
2.380449328909999895e+04	9.345817434278913538e-01
2.380468828909999866e+04	9.383573925841748320e-01
2.380488428909999857e+04	9.081427520090645800e-01
2.380507928910000192e+04	9.279195463655494081e-01
2.380527428910000162e+04	9.114170867077575622e-01
2.380546928910000133e+04	8.877561541489669139e-01
2.380566528910000125e+04	8.981164436959119257e-01
2.380586028910000095e+04	9.053864020874051732e-01
2.380605528910000066e+04	9.682265453080525219e-01
2.380625128910000058e+04	9.027183464270756019e-01
2.380644628910000029e+04	9.219004760171305435e-01
2.380664128909999999e+04	9.150268626757362966e-01
2.380683728909999991e+04	8.605367412274045336e-01
2.380703228909999962e+04	9.255907482082381676e-01
2.380722728909999933e+04	8.640686364689607046e-01
2.380742328909999924e+04	9.430197516952780745e-01
2.380761828909999895e+04	9.340969458844519124e-01
2.380781328909999866e+04	9.425595986737427268e-01
2.380800928909999857e+04	8.725592024662951474e-01
2.380820428910000192e+04	8.787401825745870809e-01
2.380839928910000162e+04	9.146003572416656624e-01
2.380859428910000133e+04	9.388889550109702498e-01
2.380879028910000125e+04	9.425170092560204438e-01
2.380898528910000095e+04	9.394088480909541516e-01
2.380918028910000066e+04	9.113947062647280717e-01
2.380937628910000058e+04	9.026458012354190430e-01
2.380957128910000029e+04	9.247508774631629791e-01
2.380976628909999999e+04	9.406998940164985612e-01
2.380996228909999991e+04	9.508563860444851912e-01
2.381015728909999962e+04	9.212246031308719552e-01
2.381035228909999933e+04	9.005524629119712188e-01
2.381054828909999924e+04	8.720390176327654785e-01
2.381074328909999895e+04	9.157711566549036064e-01
2.381093828909999866e+04	9.058845712838188291e-01
2.381113428909999857e+04	9.338380323442247999e-01
2.381132928910000192e+04	9.420036247008685137e-01
2.381152428910000162e+04	8.983288033163123742e-01
2.381171928910000133e+04	9.334128951759517179e-01
2.381191528910000125e+04	9.122254895128971697e-01
2.381211028910000095e+04	8.837258394738647382e-01
2.381230528910000066e+04	9.280858052477327647e-01
2.381250128910000058e+04	8.845180600625717204e-01
2.381269628910000029e+04	9.315513829876902463e-01
2.381289128909999999e+04	9.071710345236070339e-01
2.381308728909999991e+04	9.142079102284998982e-01
2.381328228909999962e+04	8.827040281815907719e-01
2.381347728909999933e+04	8.916096016088417286e-01
2.381367328909999924e+04	9.798613424530948635e-01
2.381386828909999895e+04	9.231711292773780997e-01
2.381406328909999866e+04	9.323952811566300625e-01
2.381425928909999857e+04	9.094994844118016175e-01
2.381445428910000192e+04	8.618929287573795506e-01
2.381464928910000162e+04	9.411781259220965978e-01
2.381484428910000133e+04	8.941914128492438607e-01
2.381504028910000125e+04	9.381433093300550752e-01
2.381523528910000095e+04	9.033659006230276844e-01
2.381543028910000066e+04	8.785959930733930889e-01
2.381562628910000058e+04	9.122723924387976524e-01
2.381582128910000029e+04	8.840301053772314788e-01
2.381601628909999999e+04	9.228630913606199471e-01
2.381621228909999991e+04	9.041958709558741702e-01
2.381640728909999962e+04	9.374689277296877066e-01
2.381660228909999933e+04	9.325796227842193531e-01
2.381679828909999924e+04	9.051133145588572404e-01
2.381699328909999895e+04	9.195220806653026102e-01
2.381718828909999866e+04	9.045927425997639659e-01
2.381738428909999857e+04	9.228929512775359001e-01
2.381757928910000192e+04	8.919351395524159898e-01
2.381777428910000162e+04	9.168011623493281803e-01
2.381796928910000133e+04	9.115866387279236704e-01
2.381816528910000125e+04	9.150578131759345979e-01
2.381836028910000095e+04	9.111472924218553260e-01
2.381855528910000066e+04	8.942746912862364894e-01
2.381875128910000058e+04	9.072489078756991177e-01
2.381894628910000029e+04	9.191115901586677239e-01
2.381914128909999999e+04	9.088722976932288589e-01
2.381933728909999991e+04	8.823772738450976760e-01
2.381953228909999962e+04	8.873621682951498002e-01
2.381972728909999933e+04	8.907898510383169821e-01
2.381992328909999924e+04	9.177597233332619453e-01
2.382011828909999895e+04	8.792794682387103933e-01
2.382031328909999866e+04	9.060766027365261266e-01
2.382050928909999857e+04	8.628643465191405681e-01
2.382070428910000192e+04	8.429612231991789884e-01
2.382089928910000162e+04	8.778259984450347275e-01
2.382109428910000133e+04	8.478024648021520449e-01
2.382129028910000125e+04	8.957644868368159763e-01
2.382148528910000095e+04	8.622167390291579636e-01
2.382168028910000066e+04	8.593856891362818828e-01
2.382187628910000058e+04	9.030308949295253740e-01
2.382207128910000029e+04	9.070888911037293667e-01
2.382226628909999999e+04	9.536756587890611314e-01
2.382246228909999991e+04	9.086515104401620135e-01
2.382265728909999962e+04	8.870323042621173215e-01
2.382285228909999933e+04	9.468718179944328739e-01
2.382304828909999924e+04	8.997852970519826243e-01
2.382324328909999895e+04	9.455385202069006567e-01
2.382343828909999866e+04	9.597345599525635151e-01
2.382363428909999857e+04	9.044796812629414262e-01
2.382382928910000192e+04	9.657676527827430135e-01
2.382402428910000162e+04	9.152230802947478594e-01
2.382421928910000133e+04	9.095186508394430547e-01
2.382441528910000125e+04	9.324304654375872303e-01
2.382461028910000095e+04	9.257058984222243936e-01
2.382480528910000066e+04	9.700905398829391402e-01
2.382500128910000058e+04	9.162979254177301414e-01
2.382519628910000029e+04	9.822220587673875514e-01
2.382539128909999999e+04	9.134827860435805746e-01
2.382558728909999991e+04	9.601529224235392235e-01
